/*--------------------------------*- C++ -*----------------------------------*\
| =========                 |                                                 |
| \\      /  F ield         | OpenFOAM: The Open Source CFD Toolbox           |
|  \\    /   O peration     | Version:  5.x                                   |
|   \\  /    A nd           | Web:      www.OpenFOAM.org                      |
|    \\/     M anipulation  |                                                 |
\*---------------------------------------------------------------------------*/
/*   Windows 32 and 64 bit porting by blueCAPE: http://www.bluecape.com.pt   *\
|  Based on Windows porting (2.0.x v4) by Symscape: http://www.symscape.com   |
\*---------------------------------------------------------------------------*/
FoamFile
{
    version     2.0;
    format      ascii;
    class       volScalarField;
    location    "4000";
    object      k;
}
// * * * * * * * * * * * * * * * * * * * * * * * * * * * * * * * * * * * * * //

dimensions      [0 2 -2 0 0 0 0];

internalField   nonuniform List<scalar> 
4000
(
3.24046e+009
7.18391e+009
1.12714e+010
1.49732e+010
1.83915e+010
2.16029e+010
2.46455e+010
2.75493e+010
3.03355e+010
3.30209e+010
3.56156e+010
3.81302e+010
4.05732e+010
4.29506e+010
4.52674e+010
4.75272e+010
4.97331e+010
5.18871e+010
5.39904e+010
5.60438e+010
5.80473e+010
6.00004e+010
6.19023e+010
6.37582e+010
6.55639e+010
6.73146e+010
6.90098e+010
7.06486e+010
7.22298e+010
7.37525e+010
7.52156e+010
7.66182e+010
7.79596e+010
7.9239e+010
8.04555e+010
8.16081e+010
8.2698e+010
8.37267e+010
8.4694e+010
8.55986e+010
8.64388e+010
8.72126e+010
8.79201e+010
8.8561e+010
8.91346e+010
8.96402e+010
9.00769e+010
9.04436e+010
9.07394e+010
9.09632e+010
9.11139e+010
9.11905e+010
9.11923e+010
9.11185e+010
9.09679e+010
9.07434e+010
9.04511e+010
9.00844e+010
8.96456e+010
8.91372e+010
8.85624e+010
8.79253e+010
8.72309e+010
8.64845e+010
8.56901e+010
8.48548e+010
8.39886e+010
8.30936e+010
8.21777e+010
8.12502e+010
8.03182e+010
7.93892e+010
7.84713e+010
7.75728e+010
7.67025e+010
7.58691e+010
7.50815e+010
7.43491e+010
7.36814e+010
7.30883e+010
7.25807e+010
7.21716e+010
7.19139e+010
7.17823e+010
7.17881e+010
7.19521e+010
7.22931e+010
7.28298e+010
7.35798e+010
7.45551e+010
7.57825e+010
7.72987e+010
7.91336e+010
8.12881e+010
8.37723e+010
8.65856e+010
8.9737e+010
9.32419e+010
9.71108e+010
1.01352e+011
1.05973e+011
1.10981e+011
1.16384e+011
1.22191e+011
1.2841e+011
1.35051e+011
1.42124e+011
1.49637e+011
1.576e+011
1.66162e+011
1.75263e+011
1.8489e+011
1.95073e+011
2.05841e+011
2.1722e+011
2.29236e+011
2.41916e+011
2.55286e+011
2.69379e+011
2.84219e+011
2.99806e+011
3.16185e+011
3.3334e+011
3.51167e+011
3.69721e+011
3.89016e+011
4.09018e+011
4.29695e+011
4.51015e+011
4.72947e+011
4.95453e+011
5.18495e+011
5.42031e+011
5.66013e+011
5.90394e+011
6.1512e+011
6.40137e+011
6.65384e+011
6.90799e+011
7.16318e+011
7.41893e+011
7.67774e+011
7.9368e+011
8.19416e+011
8.44956e+011
8.70248e+011
8.95223e+011
9.19806e+011
9.43917e+011
9.67467e+011
9.90365e+011
1.0125e+012
1.03374e+012
1.05386e+012
1.07296e+012
1.0912e+012
1.10841e+012
1.1244e+012
1.13888e+012
1.15151e+012
1.16223e+012
1.17097e+012
1.1776e+012
1.18203e+012
1.18413e+012
1.18383e+012
1.18103e+012
1.17567e+012
1.16771e+012
1.15712e+012
1.14386e+012
1.12794e+012
1.10929e+012
1.08852e+012
1.06633e+012
1.04188e+012
1.01528e+012
9.86747e+011
9.56491e+011
9.2473e+011
8.91676e+011
8.57535e+011
8.22509e+011
7.86819e+011
7.50669e+011
7.13992e+011
6.76393e+011
6.38442e+011
6.00123e+011
5.61017e+011
5.20876e+011
4.79219e+011
4.3541e+011
3.88681e+011
3.3807e+011
2.82509e+011
2.22077e+011
1.56098e+011
8.70843e+010
3.07064e+010
1.16816e+010
2.26181e+010
3.33219e+010
4.32828e+010
5.26499e+010
6.15207e+010
6.9979e+010
7.80868e+010
8.58879e+010
9.34186e+010
1.00708e+011
1.07779e+011
1.14652e+011
1.21343e+011
1.27863e+011
1.34222e+011
1.40429e+011
1.46488e+011
1.52404e+011
1.58177e+011
1.63809e+011
1.69299e+011
1.74646e+011
1.79847e+011
1.84899e+011
1.898e+011
1.94549e+011
1.99142e+011
2.03579e+011
2.07855e+011
2.11968e+011
2.15917e+011
2.19697e+011
2.23308e+011
2.26747e+011
2.30013e+011
2.33103e+011
2.36018e+011
2.38756e+011
2.41315e+011
2.43692e+011
2.45884e+011
2.4789e+011
2.49707e+011
2.51335e+011
2.5277e+011
2.54011e+011
2.55055e+011
2.55901e+011
2.56545e+011
2.56987e+011
2.57224e+011
2.57255e+011
2.57079e+011
2.56696e+011
2.56108e+011
2.55312e+011
2.54312e+011
2.53114e+011
2.51725e+011
2.50154e+011
2.48411e+011
2.46508e+011
2.44459e+011
2.42275e+011
2.39971e+011
2.37566e+011
2.35073e+011
2.32515e+011
2.29914e+011
2.27289e+011
2.24663e+011
2.22056e+011
2.19493e+011
2.16996e+011
2.14591e+011
2.12302e+011
2.10158e+011
2.08185e+011
2.06413e+011
2.04875e+011
2.03606e+011
2.02641e+011
2.02008e+011
2.01761e+011
2.01957e+011
2.0265e+011
2.03898e+011
2.05757e+011
2.08289e+011
2.11556e+011
2.15629e+011
2.20553e+011
2.26369e+011
2.33122e+011
2.4085e+011
2.49591e+011
2.59381e+011
2.70254e+011
2.82239e+011
2.95366e+011
3.09662e+011
3.25156e+011
3.41875e+011
3.59846e+011
3.79101e+011
3.9967e+011
4.21587e+011
4.4489e+011
4.69625e+011
4.95793e+011
5.23487e+011
5.52782e+011
5.83748e+011
6.16454e+011
6.50963e+011
6.87339e+011
7.25645e+011
7.65948e+011
8.08305e+011
8.5273e+011
8.99235e+011
9.47626e+011
9.97918e+011
1.05016e+012
1.10436e+012
1.16047e+012
1.21839e+012
1.27804e+012
1.33935e+012
1.4022e+012
1.4665e+012
1.53212e+012
1.59895e+012
1.66684e+012
1.73566e+012
1.80525e+012
1.87546e+012
1.94611e+012
2.01705e+012
2.08809e+012
2.15912e+012
2.22974e+012
2.29987e+012
2.36939e+012
2.43814e+012
2.50594e+012
2.5726e+012
2.63792e+012
2.70165e+012
2.76358e+012
2.82346e+012
2.88101e+012
2.93601e+012
2.98826e+012
3.03767e+012
3.08371e+012
3.12603e+012
3.16427e+012
3.19806e+012
3.22707e+012
3.25102e+012
3.26962e+012
3.2826e+012
3.28971e+012
3.29072e+012
3.28543e+012
3.27366e+012
3.25529e+012
3.23021e+012
3.19834e+012
3.15964e+012
3.1141e+012
3.06187e+012
3.00302e+012
2.93789e+012
2.86694e+012
2.79066e+012
2.70958e+012
2.62422e+012
2.5351e+012
2.44272e+012
2.34755e+012
2.25008e+012
2.15068e+012
2.04924e+012
1.94527e+012
1.83867e+012
1.73016e+012
1.61913e+012
1.50493e+012
1.38647e+012
1.26232e+012
1.1308e+012
9.89966e+011
8.37517e+011
6.70826e+011
4.91464e+011
3.03405e+011
1.32385e+011
1.95563e+010
3.53714e+010
5.01635e+010
6.37988e+010
7.67103e+010
8.90477e+010
1.00896e+011
1.12311e+011
1.2334e+011
1.3402e+011
1.44379e+011
1.54445e+011
1.64237e+011
1.73774e+011
1.83071e+011
1.92138e+011
2.00986e+011
2.09621e+011
2.18049e+011
2.26271e+011
2.3429e+011
2.42105e+011
2.49716e+011
2.57119e+011
2.64313e+011
2.71294e+011
2.7806e+011
2.84607e+011
2.90933e+011
2.97033e+011
3.02904e+011
3.08542e+011
3.13944e+011
3.19107e+011
3.24027e+011
3.28701e+011
3.33127e+011
3.37303e+011
3.41227e+011
3.44894e+011
3.48301e+011
3.51445e+011
3.54322e+011
3.56931e+011
3.59268e+011
3.6133e+011
3.63114e+011
3.64617e+011
3.65837e+011
3.66771e+011
3.67418e+011
3.67774e+011
3.67841e+011
3.67616e+011
3.67101e+011
3.66298e+011
3.65208e+011
3.63835e+011
3.62188e+011
3.60274e+011
3.58106e+011
3.55696e+011
3.53059e+011
3.50212e+011
3.47172e+011
3.4396e+011
3.40598e+011
3.37106e+011
3.3351e+011
3.29837e+011
3.26114e+011
3.22371e+011
3.18636e+011
3.14941e+011
3.1132e+011
3.07806e+011
3.04437e+011
3.0125e+011
2.98287e+011
2.95592e+011
2.93215e+011
2.91209e+011
2.89625e+011
2.88523e+011
2.87975e+011
2.88057e+011
2.8885e+011
2.90439e+011
2.92909e+011
2.9635e+011
3.00854e+011
3.06511e+011
3.13391e+011
3.21565e+011
3.31101e+011
3.42064e+011
3.54511e+011
3.68497e+011
3.84075e+011
4.01291e+011
4.2019e+011
4.40814e+011
4.63207e+011
4.87408e+011
5.13462e+011
5.41412e+011
5.71305e+011
6.03194e+011
6.37145e+011
6.73188e+011
7.11396e+011
7.51853e+011
7.94644e+011
8.39853e+011
8.87559e+011
9.37839e+011
9.90766e+011
1.04641e+012
1.10482e+012
1.16607e+012
1.23019e+012
1.29709e+012
1.36669e+012
1.43897e+012
1.51392e+012
1.59149e+012
1.67163e+012
1.75422e+012
1.83915e+012
1.9263e+012
2.01553e+012
2.10669e+012
2.1996e+012
2.2941e+012
2.39e+012
2.48709e+012
2.58516e+012
2.68401e+012
2.78339e+012
2.88309e+012
2.98288e+012
3.08251e+012
3.18167e+012
3.28015e+012
3.37774e+012
3.47419e+012
3.56926e+012
3.66266e+012
3.75413e+012
3.84334e+012
3.93e+012
4.01378e+012
4.09435e+012
4.17139e+012
4.24463e+012
4.31373e+012
4.37812e+012
4.43735e+012
4.49099e+012
4.53859e+012
4.57972e+012
4.61398e+012
4.64099e+012
4.66038e+012
4.67181e+012
4.67497e+012
4.66959e+012
4.65542e+012
4.63227e+012
4.59998e+012
4.55847e+012
4.50769e+012
4.44767e+012
4.37862e+012
4.30067e+012
4.21412e+012
4.11944e+012
4.01716e+012
3.90785e+012
3.79212e+012
3.67057e+012
3.54379e+012
3.41231e+012
3.27663e+012
3.13705e+012
2.99368e+012
2.84637e+012
2.69487e+012
2.53955e+012
2.37996e+012
2.2152e+012
2.04408e+012
1.86512e+012
1.67661e+012
1.47659e+012
1.26297e+012
1.03344e+012
7.85199e+011
5.16759e+011
2.51151e+011
2.69232e+010
4.66526e+010
6.45355e+010
8.07905e+010
9.61692e+010
1.10928e+011
1.25174e+011
1.38968e+011
1.52348e+011
1.65345e+011
1.77984e+011
1.90285e+011
2.02269e+011
2.13951e+011
2.25344e+011
2.3646e+011
2.47308e+011
2.57896e+011
2.68228e+011
2.78307e+011
2.88137e+011
2.97715e+011
3.07043e+011
3.16118e+011
3.24937e+011
3.33497e+011
3.41796e+011
3.49828e+011
3.57591e+011
3.65079e+011
3.72289e+011
3.79216e+011
3.85856e+011
3.92204e+011
3.98256e+011
4.04008e+011
4.09458e+011
4.146e+011
4.19433e+011
4.2395e+011
4.28149e+011
4.32024e+011
4.35572e+011
4.3879e+011
4.41672e+011
4.44217e+011
4.46421e+011
4.4828e+011
4.49792e+011
4.50954e+011
4.51764e+011
4.52221e+011
4.52325e+011
4.52074e+011
4.51471e+011
4.5052e+011
4.49223e+011
4.47586e+011
4.45617e+011
4.43327e+011
4.40729e+011
4.37836e+011
4.34666e+011
4.31238e+011
4.27572e+011
4.23692e+011
4.19621e+011
4.15386e+011
4.11013e+011
4.06533e+011
4.01978e+011
3.97382e+011
3.92778e+011
3.88206e+011
3.83704e+011
3.79314e+011
3.75081e+011
3.71052e+011
3.67281e+011
3.63823e+011
3.6074e+011
3.581e+011
3.55974e+011
3.54438e+011
3.53582e+011
3.53501e+011
3.54295e+011
3.5607e+011
3.58935e+011
3.63003e+011
3.68388e+011
3.75196e+011
3.83522e+011
3.9346e+011
4.05099e+011
4.18522e+011
4.33805e+011
4.5102e+011
4.70232e+011
4.91503e+011
5.1489e+011
5.40448e+011
5.6823e+011
5.98289e+011
6.30678e+011
6.65454e+011
7.02674e+011
7.42406e+011
7.84726e+011
8.29686e+011
8.7737e+011
9.27867e+011
9.81265e+011
1.03765e+012
1.09711e+012
1.15972e+012
1.22556e+012
1.29469e+012
1.36716e+012
1.44303e+012
1.52232e+012
1.60491e+012
1.69077e+012
1.77985e+012
1.8721e+012
1.96747e+012
2.06584e+012
2.16711e+012
2.27113e+012
2.37775e+012
2.48681e+012
2.59812e+012
2.71147e+012
2.82665e+012
2.94344e+012
3.06159e+012
3.18086e+012
3.30097e+012
3.42168e+012
3.5427e+012
3.66379e+012
3.78461e+012
3.90489e+012
4.02433e+012
4.14266e+012
4.25957e+012
4.37475e+012
4.48788e+012
4.59863e+012
4.70662e+012
4.81151e+012
4.91291e+012
5.01045e+012
5.10375e+012
5.19246e+012
5.27608e+012
5.35406e+012
5.42589e+012
5.49106e+012
5.54907e+012
5.59945e+012
5.64171e+012
5.6754e+012
5.70011e+012
5.71542e+012
5.72096e+012
5.7164e+012
5.70146e+012
5.67589e+012
5.63952e+012
5.59221e+012
5.53395e+012
5.46477e+012
5.38487e+012
5.29441e+012
5.1937e+012
5.08315e+012
4.96329e+012
4.83469e+012
4.69796e+012
4.55372e+012
4.40259e+012
4.24512e+012
4.0818e+012
3.91298e+012
3.73888e+012
3.5595e+012
3.37472e+012
3.18452e+012
2.98876e+012
2.78661e+012
2.57699e+012
2.35856e+012
2.12975e+012
1.88866e+012
1.63293e+012
1.35914e+012
1.06116e+012
7.2894e+011
3.7966e+011
3.3514e+010
5.66324e+010
7.71081e+010
9.54591e+010
1.1274e+011
1.29337e+011
1.45408e+011
1.61023e+011
1.7622e+011
1.91024e+011
2.05454e+011
2.19525e+011
2.33251e+011
2.46645e+011
2.59717e+011
2.72477e+011
2.84933e+011
2.97092e+011
3.08958e+011
3.20534e+011
3.31822e+011
3.42823e+011
3.53536e+011
3.63959e+011
3.74089e+011
3.83924e+011
3.9346e+011
4.02692e+011
4.11616e+011
4.20227e+011
4.2852e+011
4.36491e+011
4.44134e+011
4.51443e+011
4.58415e+011
4.65044e+011
4.71325e+011
4.77254e+011
4.82826e+011
4.88037e+011
4.9288e+011
4.97352e+011
5.01447e+011
5.05162e+011
5.08491e+011
5.11432e+011
5.1398e+011
5.16132e+011
5.17885e+011
5.19237e+011
5.20186e+011
5.20731e+011
5.20871e+011
5.20609e+011
5.19945e+011
5.18884e+011
5.17431e+011
5.15592e+011
5.13376e+011
5.10795e+011
5.07863e+011
5.04595e+011
5.01009e+011
4.97126e+011
4.92968e+011
4.8856e+011
4.83928e+011
4.791e+011
4.74105e+011
4.68975e+011
4.63747e+011
4.58456e+011
4.53142e+011
4.47847e+011
4.42615e+011
4.37494e+011
4.32535e+011
4.27795e+011
4.23333e+011
4.19217e+011
4.15519e+011
4.1232e+011
4.09703e+011
4.07763e+011
4.06603e+011
4.06334e+011
4.07074e+011
4.08948e+011
4.12085e+011
4.16615e+011
4.22674e+011
4.30382e+011
4.39856e+011
4.5121e+011
4.6455e+011
4.79977e+011
4.97582e+011
5.1745e+011
5.3966e+011
5.64284e+011
5.91391e+011
6.21044e+011
6.53306e+011
6.88238e+011
7.25903e+011
7.66364e+011
8.09689e+011
8.55953e+011
9.05239e+011
9.57612e+011
1.01316e+012
1.07198e+012
1.13416e+012
1.19979e+012
1.26894e+012
1.34171e+012
1.41815e+012
1.49834e+012
1.58231e+012
1.67011e+012
1.76173e+012
1.85708e+012
1.9561e+012
2.05876e+012
2.16497e+012
2.27465e+012
2.38768e+012
2.50394e+012
2.62325e+012
2.74544e+012
2.87033e+012
2.9977e+012
3.12732e+012
3.25894e+012
3.39232e+012
3.52718e+012
3.66323e+012
3.80019e+012
3.93776e+012
4.07564e+012
4.21354e+012
4.3511e+012
4.48801e+012
4.62395e+012
4.75859e+012
4.89158e+012
5.02257e+012
5.1512e+012
5.27708e+012
5.39984e+012
5.51904e+012
5.6343e+012
5.74518e+012
5.85126e+012
5.95213e+012
6.04721e+012
6.13594e+012
6.21778e+012
6.29217e+012
6.35859e+012
6.41649e+012
6.46537e+012
6.50472e+012
6.53407e+012
6.55296e+012
6.561e+012
6.55779e+012
6.54301e+012
6.51639e+012
6.47772e+012
6.42684e+012
6.36372e+012
6.28839e+012
6.20101e+012
6.10175e+012
5.9909e+012
5.86887e+012
5.73614e+012
5.59327e+012
5.44086e+012
5.27954e+012
5.10991e+012
4.93255e+012
4.74796e+012
4.55655e+012
4.35861e+012
4.15428e+012
3.94356e+012
3.72631e+012
3.50261e+012
3.27183e+012
3.03311e+012
2.7853e+012
2.52692e+012
2.25595e+012
1.96938e+012
1.66214e+012
1.32469e+012
9.38815e+011
5.13995e+011
3.93707e+010
6.52938e+010
8.78978e+010
1.07972e+011
1.26779e+011
1.44825e+011
1.62319e+011
1.79354e+011
1.95974e+011
2.12202e+011
2.28051e+011
2.43531e+011
2.58651e+011
2.7342e+011
2.87844e+011
3.01932e+011
3.15688e+011
3.29118e+011
3.42226e+011
3.55015e+011
3.67486e+011
3.7964e+011
3.91476e+011
4.02992e+011
4.14187e+011
4.25056e+011
4.35595e+011
4.45802e+011
4.55669e+011
4.65194e+011
4.74369e+011
4.8319e+011
4.9165e+011
4.99744e+011
5.07467e+011
5.14811e+011
5.21773e+011
5.28345e+011
5.34524e+011
5.40302e+011
5.45675e+011
5.50636e+011
5.55181e+011
5.59304e+011
5.63001e+011
5.66268e+011
5.691e+011
5.71495e+011
5.73449e+011
5.74961e+011
5.76028e+011
5.76651e+011
5.76828e+011
5.76563e+011
5.75858e+011
5.74717e+011
5.73145e+011
5.71152e+011
5.68746e+011
5.6594e+011
5.62748e+011
5.59186e+011
5.55274e+011
5.51033e+011
5.46486e+011
5.41659e+011
5.36578e+011
5.31273e+011
5.25776e+011
5.2012e+011
5.14343e+011
5.08484e+011
5.02584e+011
4.96689e+011
4.90848e+011
4.85112e+011
4.7954e+011
4.74193e+011
4.69138e+011
4.64452e+011
4.60215e+011
4.56519e+011
4.53459e+011
4.51144e+011
4.49689e+011
4.4922e+011
4.49871e+011
4.51783e+011
4.55101e+011
4.59974e+011
4.6655e+011
4.74968e+011
4.85365e+011
4.9787e+011
5.12605e+011
5.29684e+011
5.49214e+011
5.71291e+011
5.96003e+011
6.23433e+011
6.53658e+011
6.86748e+011
7.22773e+011
7.618e+011
8.03898e+011
8.49137e+011
8.9759e+011
9.49336e+011
1.00446e+012
1.06304e+012
1.12516e+012
1.19092e+012
1.26041e+012
1.33371e+012
1.4109e+012
1.49206e+012
1.57726e+012
1.66655e+012
1.75996e+012
1.85754e+012
1.95923e+012
2.06497e+012
2.17471e+012
2.28838e+012
2.40589e+012
2.52715e+012
2.65201e+012
2.78033e+012
2.91193e+012
3.04663e+012
3.1842e+012
3.32442e+012
3.46704e+012
3.61178e+012
3.75838e+012
3.90654e+012
4.05594e+012
4.20629e+012
4.35724e+012
4.50849e+012
4.65969e+012
4.8105e+012
4.96055e+012
5.10951e+012
5.257e+012
5.40266e+012
5.54611e+012
5.68694e+012
5.82475e+012
5.95912e+012
6.0896e+012
6.21577e+012
6.33716e+012
6.45333e+012
6.5638e+012
6.66796e+012
6.76525e+012
6.85509e+012
6.93692e+012
7.01017e+012
7.07427e+012
7.12868e+012
7.17287e+012
7.20632e+012
7.22856e+012
7.23914e+012
7.23763e+012
7.22369e+012
7.197e+012
7.15733e+012
7.10451e+012
7.03845e+012
6.95917e+012
6.86679e+012
6.76148e+012
6.6435e+012
6.51324e+012
6.37116e+012
6.21778e+012
6.0537e+012
5.87952e+012
5.69585e+012
5.50327e+012
5.30232e+012
5.09345e+012
4.87702e+012
4.6533e+012
4.42241e+012
4.18435e+012
3.93915e+012
3.68658e+012
3.42599e+012
3.15642e+012
2.87647e+012
2.5839e+012
2.27492e+012
1.94274e+012
1.5745e+012
1.14705e+012
6.57999e+011
4.46793e+010
7.25809e+010
9.67674e+010
1.18235e+011
1.38263e+011
1.57445e+011
1.76042e+011
1.94173e+011
2.1189e+011
2.29218e+011
2.46168e+011
2.62746e+011
2.78956e+011
2.94802e+011
3.10288e+011
3.25419e+011
3.40199e+011
3.54631e+011
3.68718e+011
3.82464e+011
3.95868e+011
4.08932e+011
4.21654e+011
4.34033e+011
4.46067e+011
4.57753e+011
4.69086e+011
4.80062e+011
4.90676e+011
5.00923e+011
5.10797e+011
5.20292e+011
5.29402e+011
5.38119e+011
5.46439e+011
5.54353e+011
5.61857e+011
5.68943e+011
5.75605e+011
5.81838e+011
5.87633e+011
5.92986e+011
5.97891e+011
6.02342e+011
6.06334e+011
6.09864e+011
6.12926e+011
6.15518e+011
6.17636e+011
6.19279e+011
6.20445e+011
6.21135e+011
6.21348e+011
6.21088e+011
6.20358e+011
6.19161e+011
6.17506e+011
6.154e+011
6.12854e+011
6.0988e+011
6.06493e+011
6.02711e+011
5.98552e+011
5.94038e+011
5.89193e+011
5.84043e+011
5.78615e+011
5.72939e+011
5.67048e+011
5.60977e+011
5.54763e+011
5.48449e+011
5.42077e+011
5.35696e+011
5.29356e+011
5.23115e+011
5.17034e+011
5.11178e+011
5.05624e+011
5.00451e+011
4.95749e+011
4.91618e+011
4.88164e+011
4.85506e+011
4.83771e+011
4.83099e+011
4.83635e+011
4.85536e+011
4.8896e+011
4.94071e+011
5.01031e+011
5.09995e+011
5.21115e+011
5.34535e+011
5.5039e+011
5.68808e+011
5.89906e+011
6.13788e+011
6.40554e+011
6.70292e+011
7.03085e+011
7.39009e+011
7.78139e+011
8.20546e+011
8.66303e+011
9.15482e+011
9.68159e+011
1.02441e+012
1.08433e+012
1.148e+012
1.21549e+012
1.28692e+012
1.36236e+012
1.44189e+012
1.5256e+012
1.61355e+012
1.7058e+012
1.80239e+012
1.90337e+012
2.00874e+012
2.11845e+012
2.23245e+012
2.35066e+012
2.47303e+012
2.59945e+012
2.72979e+012
2.86393e+012
3.00168e+012
3.14288e+012
3.28731e+012
3.43474e+012
3.58492e+012
3.7376e+012
3.89249e+012
4.04929e+012
4.2077e+012
4.36738e+012
4.528e+012
4.68922e+012
4.8507e+012
5.01208e+012
5.17299e+012
5.33306e+012
5.49192e+012
5.64919e+012
5.80448e+012
5.95737e+012
6.10746e+012
6.25431e+012
6.39748e+012
6.53652e+012
6.67097e+012
6.80036e+012
6.92419e+012
7.04197e+012
7.15309e+012
7.25697e+012
7.35303e+012
7.44068e+012
7.51934e+012
7.58844e+012
7.6474e+012
7.69567e+012
7.73272e+012
7.75804e+012
7.77115e+012
7.77161e+012
7.75903e+012
7.73307e+012
7.69347e+012
7.64003e+012
7.57264e+012
7.49126e+012
7.396e+012
7.28698e+012
7.16445e+012
7.02877e+012
6.88036e+012
6.71974e+012
6.54745e+012
6.36409e+012
6.17026e+012
5.96654e+012
5.7535e+012
5.53165e+012
5.30141e+012
5.06316e+012
4.81715e+012
4.56356e+012
4.30245e+012
4.03389e+012
3.75748e+012
3.4725e+012
3.17767e+012
2.87064e+012
2.54711e+012
2.19888e+012
1.81012e+012
1.35655e+012
8.22386e+011
4.94615e+010
7.83562e+010
1.03556e+011
1.26102e+011
1.47064e+011
1.67102e+011
1.86519e+011
2.05458e+011
2.23982e+011
2.42119e+011
2.5988e+011
2.77267e+011
2.94282e+011
3.10925e+011
3.27199e+011
3.43104e+011
3.58643e+011
3.73819e+011
3.88634e+011
4.03089e+011
4.17185e+011
4.30924e+011
4.44303e+011
4.57322e+011
4.69979e+011
4.82271e+011
4.94192e+011
5.05741e+011
5.1691e+011
5.27695e+011
5.3809e+011
5.48088e+011
5.57683e+011
5.66867e+011
5.75635e+011
5.83977e+011
5.91889e+011
5.99361e+011
6.06389e+011
6.12964e+011
6.19079e+011
6.24729e+011
6.29906e+011
6.34606e+011
6.38823e+011
6.42553e+011
6.45791e+011
6.48534e+011
6.5078e+011
6.52526e+011
6.53772e+011
6.54518e+011
6.54765e+011
6.54516e+011
6.53775e+011
6.52546e+011
6.50838e+011
6.48659e+011
6.46019e+011
6.42932e+011
6.39413e+011
6.35478e+011
6.31147e+011
6.26442e+011
6.21386e+011
6.16005e+011
6.10327e+011
6.04381e+011
5.98201e+011
5.91822e+011
5.85282e+011
5.78624e+011
5.71892e+011
5.65135e+011
5.58408e+011
5.51768e+011
5.45281e+011
5.39017e+011
5.33055e+011
5.27481e+011
5.2239e+011
5.1789e+011
5.14094e+011
5.11131e+011
5.09137e+011
5.08263e+011
5.08667e+011
5.10514e+011
5.13977e+011
5.19231e+011
5.26451e+011
5.35805e+011
5.47459e+011
5.61567e+011
5.78279e+011
5.9773e+011
6.20046e+011
6.45341e+011
6.73719e+011
7.05275e+011
7.40095e+011
7.78259e+011
8.19845e+011
8.64925e+011
9.13572e+011
9.65861e+011
1.02187e+012
1.08167e+012
1.14535e+012
1.213e+012
1.28469e+012
1.36053e+012
1.44058e+012
1.52494e+012
1.61366e+012
1.70682e+012
1.80446e+012
1.90662e+012
2.01333e+012
2.12458e+012
2.24032e+012
2.3605e+012
2.48504e+012
2.61387e+012
2.74688e+012
2.88393e+012
3.02488e+012
3.16955e+012
3.31775e+012
3.46925e+012
3.62383e+012
3.78123e+012
3.94116e+012
4.10334e+012
4.26746e+012
4.43319e+012
4.60019e+012
4.76812e+012
4.93663e+012
5.10534e+012
5.2739e+012
5.44192e+012
5.60903e+012
5.77483e+012
5.93893e+012
6.10093e+012
6.2604e+012
6.41693e+012
6.57006e+012
6.71936e+012
6.86435e+012
7.00457e+012
7.13952e+012
7.26873e+012
7.39164e+012
7.50768e+012
7.61627e+012
7.71682e+012
7.80874e+012
7.89146e+012
7.96437e+012
8.02691e+012
8.07851e+012
8.11862e+012
8.14672e+012
8.1623e+012
8.1649e+012
8.15411e+012
8.12957e+012
8.09098e+012
8.03809e+012
7.97078e+012
7.88898e+012
7.79273e+012
7.68214e+012
7.55743e+012
7.41891e+012
7.26697e+012
7.10209e+012
6.9248e+012
6.73567e+012
6.53527e+012
6.3242e+012
6.10305e+012
5.87235e+012
5.63261e+012
5.38429e+012
5.12779e+012
4.86343e+012
4.59145e+012
4.31202e+012
4.02511e+012
3.73029e+012
3.42657e+012
3.11185e+012
2.78191e+012
2.42821e+012
2.03315e+012
1.57355e+012
1.02292e+012
5.33037e+010
8.24153e+010
1.08151e+011
1.31451e+011
1.53056e+011
1.73676e+011
1.93643e+011
2.13119e+011
2.32177e+011
2.50848e+011
2.69143e+011
2.87065e+011
3.04611e+011
3.21781e+011
3.38573e+011
3.54988e+011
3.71028e+011
3.86693e+011
4.01985e+011
4.16905e+011
4.31455e+011
4.45635e+011
4.59445e+011
4.72883e+011
4.85946e+011
4.98634e+011
5.10941e+011
5.22865e+011
5.34399e+011
5.45538e+011
5.56276e+011
5.66607e+011
5.76524e+011
5.86019e+011
5.95084e+011
6.03713e+011
6.11898e+011
6.1963e+011
6.26903e+011
6.33709e+011
6.40041e+011
6.45892e+011
6.51255e+011
6.56125e+011
6.60495e+011
6.64363e+011
6.67722e+011
6.70571e+011
6.72906e+011
6.74727e+011
6.76032e+011
6.76823e+011
6.771e+011
6.76868e+011
6.76129e+011
6.74891e+011
6.73159e+011
6.70945e+011
6.68257e+011
6.6511e+011
6.61518e+011
6.57498e+011
6.53069e+011
6.48253e+011
6.43071e+011
6.37551e+011
6.31718e+011
6.25603e+011
6.19238e+011
6.12658e+011
6.05901e+011
5.99011e+011
5.9203e+011
5.85011e+011
5.78007e+011
5.71079e+011
5.64293e+011
5.57723e+011
5.51449e+011
5.45563e+011
5.40164e+011
5.35364e+011
5.31285e+011
5.28059e+011
5.25834e+011
5.24766e+011
5.25023e+011
5.2678e+011
5.30219e+011
5.35527e+011
5.42886e+011
5.52477e+011
5.64476e+011
5.79048e+011
5.9635e+011
6.16526e+011
6.39709e+011
6.66018e+011
6.95562e+011
7.28438e+011
7.64734e+011
8.04533e+011
8.47912e+011
8.94943e+011
9.45699e+011
1.00025e+012
1.05868e+012
1.12105e+012
1.18745e+012
1.25796e+012
1.33266e+012
1.41163e+012
1.49496e+012
1.58271e+012
1.67495e+012
1.77173e+012
1.8731e+012
1.97909e+012
2.0897e+012
2.20493e+012
2.32473e+012
2.44903e+012
2.57777e+012
2.71085e+012
2.84816e+012
2.98957e+012
3.1349e+012
3.284e+012
3.43665e+012
3.59263e+012
3.75169e+012
3.91358e+012
4.07801e+012
4.24468e+012
4.41328e+012
4.58346e+012
4.75489e+012
4.92722e+012
5.10008e+012
5.27309e+012
5.44589e+012
5.61809e+012
5.7893e+012
5.95913e+012
6.12717e+012
6.29303e+012
6.45627e+012
6.61647e+012
6.77319e+012
6.92596e+012
7.07435e+012
7.21786e+012
7.35601e+012
7.48831e+012
7.61423e+012
7.73318e+012
7.84462e+012
7.94795e+012
8.04261e+012
8.12801e+012
8.20356e+012
8.2687e+012
8.32285e+012
8.36545e+012
8.39597e+012
8.4139e+012
8.41876e+012
8.41012e+012
8.38757e+012
8.3508e+012
8.29954e+012
8.23361e+012
8.15291e+012
8.05744e+012
7.94728e+012
7.8226e+012
7.68367e+012
7.53085e+012
7.36457e+012
7.18532e+012
6.99364e+012
6.79011e+012
6.57529e+012
6.34979e+012
6.11418e+012
5.86901e+012
5.61484e+012
5.35216e+012
5.08145e+012
4.80314e+012
4.51758e+012
4.225e+012
3.92536e+012
3.61819e+012
3.30213e+012
2.97403e+012
2.627e+012
2.24554e+012
1.81092e+012
1.29753e+012
5.56217e+010
8.4564e+010
1.10493e+011
1.34204e+011
1.5615e+011
1.7707e+011
1.97319e+011
2.17067e+011
2.36393e+011
2.55332e+011
2.73894e+011
2.92081e+011
3.0989e+011
3.27319e+011
3.44365e+011
3.61029e+011
3.7731e+011
3.93211e+011
4.08731e+011
4.23873e+011
4.38638e+011
4.53026e+011
4.67037e+011
4.80672e+011
4.93927e+011
5.068e+011
5.19289e+011
5.3139e+011
5.43097e+011
5.54406e+011
5.65309e+011
5.75802e+011
5.85875e+011
5.95523e+011
6.04737e+011
6.13509e+011
6.21831e+011
6.29696e+011
6.37094e+011
6.44019e+011
6.50463e+011
6.56419e+011
6.61879e+011
6.66838e+011
6.71291e+011
6.75232e+011
6.78658e+011
6.81565e+011
6.83953e+011
6.85818e+011
6.87162e+011
6.87984e+011
6.88288e+011
6.88076e+011
6.87353e+011
6.86125e+011
6.84399e+011
6.82186e+011
6.79495e+011
6.76339e+011
6.72734e+011
6.68695e+011
6.6424e+011
6.59391e+011
6.5417e+011
6.486e+011
6.42709e+011
6.36524e+011
6.30079e+011
6.23406e+011
6.16544e+011
6.09533e+011
6.0242e+011
5.95252e+011
5.88086e+011
5.80982e+011
5.74007e+011
5.67236e+011
5.60752e+011
5.54648e+011
5.49027e+011
5.44002e+011
5.39701e+011
5.36263e+011
5.33837e+011
5.32588e+011
5.3269e+011
5.34325e+011
5.37682e+011
5.42954e+011
5.50334e+011
5.6001e+011
5.72165e+011
5.86972e+011
6.04595e+011
6.25183e+011
6.48873e+011
6.75787e+011
7.06037e+011
7.39721e+011
7.76927e+011
8.17738e+011
8.62228e+011
9.10469e+011
9.6253e+011
1.01848e+012
1.07839e+012
1.14233e+012
1.21037e+012
1.2826e+012
1.35909e+012
1.43992e+012
1.52515e+012
1.61485e+012
1.70908e+012
1.80789e+012
1.91131e+012
2.01937e+012
2.13206e+012
2.24936e+012
2.37124e+012
2.49762e+012
2.62842e+012
2.76355e+012
2.9029e+012
3.04631e+012
3.19363e+012
3.34468e+012
3.49925e+012
3.65711e+012
3.81802e+012
3.98172e+012
4.14791e+012
4.3163e+012
4.48656e+012
4.65837e+012
4.83137e+012
5.00521e+012
5.17952e+012
5.35393e+012
5.52806e+012
5.70153e+012
5.87395e+012
6.04493e+012
6.21407e+012
6.38096e+012
6.54519e+012
6.70633e+012
6.86394e+012
7.0176e+012
7.16683e+012
7.31118e+012
7.45018e+012
7.58333e+012
7.71012e+012
7.83001e+012
7.94244e+012
8.04686e+012
8.14271e+012
8.22942e+012
8.30642e+012
8.37315e+012
8.42903e+012
8.47351e+012
8.50607e+012
8.52617e+012
8.53333e+012
8.52708e+012
8.50703e+012
8.47281e+012
8.42413e+012
8.36077e+012
8.2826e+012
8.18956e+012
8.0817e+012
7.95914e+012
7.82211e+012
7.67093e+012
7.50596e+012
7.32768e+012
7.13657e+012
6.93317e+012
6.71807e+012
6.49184e+012
6.25508e+012
6.00839e+012
5.75236e+012
5.48762e+012
5.21475e+012
4.93436e+012
4.647e+012
4.35319e+012
4.05333e+012
3.7476e+012
3.43573e+012
3.11662e+012
2.7874e+012
2.44114e+012
2.07331e+012
1.69693e+012
5.56896e+010
8.4657e+010
1.10609e+011
1.34339e+011
1.563e+011
1.77232e+011
1.97491e+011
2.17247e+011
2.3658e+011
2.55523e+011
2.74088e+011
2.92274e+011
3.1008e+011
3.27502e+011
3.44539e+011
3.6119e+011
3.77456e+011
3.93338e+011
4.08838e+011
4.23958e+011
4.38698e+011
4.53061e+011
4.67047e+011
4.80655e+011
4.93885e+011
5.06734e+011
5.19201e+011
5.3128e+011
5.42969e+011
5.54262e+011
5.65152e+011
5.75634e+011
5.85699e+011
5.95342e+011
6.04553e+011
6.13324e+011
6.21648e+011
6.29516e+011
6.36919e+011
6.4385e+011
6.503e+011
6.56263e+011
6.61732e+011
6.66699e+011
6.71161e+011
6.75112e+011
6.78548e+011
6.81468e+011
6.83868e+011
6.85748e+011
6.87107e+011
6.87949e+011
6.88273e+011
6.88085e+011
6.87389e+011
6.86192e+011
6.845e+011
6.82323e+011
6.79671e+011
6.76558e+011
6.72997e+011
6.69004e+011
6.64596e+011
6.59792e+011
6.54615e+011
6.49086e+011
6.43232e+011
6.37079e+011
6.30658e+011
6.24002e+011
6.17145e+011
6.1013e+011
6.02998e+011
5.958e+011
5.88588e+011
5.81424e+011
5.74373e+011
5.67511e+011
5.60922e+011
5.54698e+011
5.48944e+011
5.43776e+011
5.39322e+011
5.35724e+011
5.33135e+011
5.31722e+011
5.31664e+011
5.33148e+011
5.36366e+011
5.41519e+011
5.48802e+011
5.5841e+011
5.70531e+011
5.85343e+011
6.03012e+011
6.2369e+011
6.47518e+011
6.74618e+011
7.05102e+011
7.39067e+011
7.76601e+011
8.17782e+011
8.62683e+011
9.1137e+011
9.6391e+011
1.02037e+012
1.0808e+012
1.14528e+012
1.21388e+012
1.28666e+012
1.3637e+012
1.44506e+012
1.53081e+012
1.621e+012
1.71569e+012
1.81491e+012
1.9187e+012
2.02706e+012
2.13999e+012
2.25747e+012
2.37945e+012
2.50585e+012
2.6366e+012
2.77159e+012
2.91071e+012
3.0538e+012
3.20072e+012
3.35127e+012
3.50525e+012
3.66244e+012
3.82259e+012
3.98543e+012
4.15069e+012
4.31805e+012
4.48721e+012
4.65784e+012
4.82958e+012
5.00208e+012
5.17499e+012
5.34793e+012
5.52053e+012
5.6924e+012
5.86318e+012
6.03248e+012
6.19989e+012
6.36503e+012
6.5275e+012
6.68687e+012
6.84275e+012
6.99468e+012
7.14226e+012
7.28503e+012
7.42254e+012
7.55432e+012
7.67988e+012
7.79873e+012
7.91033e+012
8.01414e+012
8.10964e+012
8.19629e+012
8.27352e+012
8.3408e+012
8.39757e+012
8.4433e+012
8.47743e+012
8.49947e+012
8.50889e+012
8.50524e+012
8.48809e+012
8.45706e+012
8.41182e+012
8.35211e+012
8.27777e+012
8.1887e+012
8.08489e+012
7.96643e+012
7.83349e+012
7.68633e+012
7.52528e+012
7.35074e+012
7.16317e+012
6.96308e+012
6.75101e+012
6.52754e+012
6.29326e+012
6.04878e+012
5.79476e+012
5.53188e+012
5.26087e+012
4.98246e+012
4.69741e+012
4.40652e+012
4.11062e+012
3.81058e+012
3.50733e+012
3.20201e+012
2.8964e+012
2.59471e+012
2.3112e+012
2.09995e+012
5.34977e+010
8.2689e+010
1.08493e+011
1.31849e+011
1.53498e+011
1.74154e+011
1.94152e+011
2.13653e+011
2.32731e+011
2.51415e+011
2.69717e+011
2.87637e+011
3.05174e+011
3.22325e+011
3.39089e+011
3.55468e+011
3.71462e+011
3.87073e+011
4.02304e+011
4.17158e+011
4.31636e+011
4.45741e+011
4.59474e+011
4.72835e+011
4.85824e+011
4.98439e+011
5.10679e+011
5.2254e+011
5.34019e+011
5.45111e+011
5.55809e+011
5.66109e+011
5.76002e+011
5.85481e+011
5.94538e+011
6.03166e+011
6.11354e+011
6.19096e+011
6.26383e+011
6.33206e+011
6.39558e+011
6.45431e+011
6.50818e+011
6.55713e+011
6.60111e+011
6.64007e+011
6.67397e+011
6.7028e+011
6.72654e+011
6.74517e+011
6.7587e+011
6.76716e+011
6.77056e+011
6.76894e+011
6.76236e+011
6.75087e+011
6.73456e+011
6.7135e+011
6.6878e+011
6.65759e+011
6.62299e+011
6.58415e+011
6.54123e+011
6.49443e+011
6.44393e+011
6.38995e+011
6.33273e+011
6.27251e+011
6.20959e+011
6.14427e+011
6.07689e+011
6.00783e+011
5.93751e+011
5.86639e+011
5.79501e+011
5.72394e+011
5.65384e+011
5.58545e+011
5.51959e+011
5.45718e+011
5.39926e+011
5.34699e+011
5.30165e+011
5.26465e+011
5.23754e+011
5.22201e+011
5.21983e+011
5.23289e+011
5.26317e+011
5.31266e+011
5.38337e+011
5.47725e+011
5.5962e+011
5.74201e+011
5.91636e+011
6.12077e+011
6.35664e+011
6.62519e+011
6.92752e+011
7.26457e+011
7.63719e+011
8.04612e+011
8.49204e+011
8.97557e+011
9.4973e+011
1.00578e+012
1.06577e+012
1.12975e+012
1.19778e+012
1.26993e+012
1.34626e+012
1.42683e+012
1.5117e+012
1.60091e+012
1.6945e+012
1.79252e+012
1.89497e+012
2.00187e+012
2.11322e+012
2.22898e+012
2.3491e+012
2.47349e+012
2.60207e+012
2.73475e+012
2.8714e+012
3.01187e+012
3.15602e+012
3.30365e+012
3.45457e+012
3.60855e+012
3.76536e+012
3.92473e+012
4.08639e+012
4.25004e+012
4.41537e+012
4.58206e+012
4.74977e+012
4.91815e+012
5.08684e+012
5.2555e+012
5.42375e+012
5.59123e+012
5.75757e+012
5.92239e+012
6.08533e+012
6.24599e+012
6.404e+012
6.55897e+012
6.7105e+012
6.85819e+012
7.00164e+012
7.14044e+012
7.27416e+012
7.40239e+012
7.52468e+012
7.64054e+012
7.74948e+012
7.85101e+012
7.94462e+012
8.02981e+012
8.10605e+012
8.17282e+012
8.22961e+012
8.27587e+012
8.31108e+012
8.33474e+012
8.34633e+012
8.34539e+012
8.33146e+012
8.30414e+012
8.26308e+012
8.208e+012
8.13868e+012
8.05498e+012
7.95685e+012
7.84433e+012
7.71753e+012
7.57664e+012
7.42196e+012
7.25383e+012
7.07266e+012
6.8789e+012
6.67308e+012
6.45572e+012
6.22743e+012
5.98883e+012
5.74057e+012
5.48337e+012
5.21808e+012
4.9456e+012
4.66684e+012
4.38286e+012
4.09488e+012
3.80442e+012
3.51352e+012
3.22518e+012
2.94454e+012
2.68148e+012
2.45642e+012
2.30885e+012
4.97609e+010
7.87964e+010
1.0411e+011
1.26745e+011
1.47777e+011
1.67875e+011
1.87344e+011
2.06325e+011
2.24882e+011
2.43042e+011
2.60814e+011
2.78199e+011
2.95199e+011
3.11813e+011
3.28042e+011
3.43887e+011
3.59353e+011
3.74441e+011
3.89157e+011
4.03503e+011
4.17483e+011
4.31099e+011
4.44353e+011
4.57247e+011
4.69781e+011
4.81955e+011
4.93766e+011
5.05214e+011
5.16293e+011
5.27e+011
5.3733e+011
5.47277e+011
5.56833e+011
5.65992e+011
5.74746e+011
5.83086e+011
5.91004e+011
5.98492e+011
6.05542e+011
6.12144e+011
6.18292e+011
6.23978e+011
6.29194e+011
6.33935e+011
6.38196e+011
6.41973e+011
6.45261e+011
6.48059e+011
6.50366e+011
6.52181e+011
6.53505e+011
6.5434e+011
6.54688e+011
6.54555e+011
6.53944e+011
6.52862e+011
6.51316e+011
6.49315e+011
6.46868e+011
6.43986e+011
6.40682e+011
6.3697e+011
6.32864e+011
6.28381e+011
6.23541e+011
6.18361e+011
6.12864e+011
6.07073e+011
6.01014e+011
5.94714e+011
5.88205e+011
5.81524e+011
5.74708e+011
5.67803e+011
5.60858e+011
5.53928e+011
5.47078e+011
5.40376e+011
5.33905e+011
5.27753e+011
5.22022e+011
5.16826e+011
5.12289e+011
5.08551e+011
5.05765e+011
5.04097e+011
5.03723e+011
5.04832e+011
5.07619e+011
5.12284e+011
5.19027e+011
5.28041e+011
5.39515e+011
5.53625e+011
5.70539e+011
5.90407e+011
6.13366e+011
6.39534e+011
6.69018e+011
7.01909e+011
7.38285e+011
7.78217e+011
8.21765e+011
8.68985e+011
9.1993e+011
9.74649e+011
1.03319e+012
1.09561e+012
1.16196e+012
1.23228e+012
1.30664e+012
1.38509e+012
1.46766e+012
1.55441e+012
1.64537e+012
1.74056e+012
1.83999e+012
1.94368e+012
2.05161e+012
2.16377e+012
2.28006e+012
2.40041e+012
2.52475e+012
2.65296e+012
2.78492e+012
2.9205e+012
3.05955e+012
3.20188e+012
3.34729e+012
3.49559e+012
3.64653e+012
3.79986e+012
3.95531e+012
4.1126e+012
4.27143e+012
4.43149e+012
4.59245e+012
4.75398e+012
4.91573e+012
5.07736e+012
5.23853e+012
5.39888e+012
5.55806e+012
5.71571e+012
5.87147e+012
6.02501e+012
6.17595e+012
6.32393e+012
6.46859e+012
6.60957e+012
6.7465e+012
6.87901e+012
7.00672e+012
7.12926e+012
7.24623e+012
7.35718e+012
7.46166e+012
7.55922e+012
7.64939e+012
7.73172e+012
7.80571e+012
7.87089e+012
7.92676e+012
7.97281e+012
8.00854e+012
8.03344e+012
8.04702e+012
8.04879e+012
8.0383e+012
8.01512e+012
7.97889e+012
7.92927e+012
7.86603e+012
7.78899e+012
7.69804e+012
7.59316e+012
7.47441e+012
7.34194e+012
7.19596e+012
7.03677e+012
6.86472e+012
6.68022e+012
6.48373e+012
6.27576e+012
6.05687e+012
5.82768e+012
5.58885e+012
5.34113e+012
5.08538e+012
4.82271e+012
4.55416e+012
4.28099e+012
4.00478e+012
3.72759e+012
3.45231e+012
3.18326e+012
2.92736e+012
2.69618e+012
2.50871e+012
2.39215e+012
4.50641e+010
7.31658e+010
9.75064e+010
1.19092e+011
1.39215e+011
1.58478e+011
1.77146e+011
1.95336e+011
2.131e+011
2.30461e+011
2.47428e+011
2.64006e+011
2.80196e+011
2.96004e+011
3.11431e+011
3.26482e+011
3.41163e+011
3.55477e+011
3.69431e+011
3.83029e+011
3.96276e+011
4.09173e+011
4.21726e+011
4.33936e+011
4.45803e+011
4.57329e+011
4.68512e+011
4.79352e+011
4.89844e+011
4.99985e+011
5.09771e+011
5.19196e+011
5.28254e+011
5.36937e+011
5.45238e+011
5.5315e+011
5.60663e+011
5.6777e+011
5.74462e+011
5.80732e+011
5.86571e+011
5.91972e+011
5.96929e+011
6.01435e+011
6.05486e+011
6.09078e+011
6.12207e+011
6.14873e+011
6.17073e+011
6.18808e+011
6.20078e+011
6.20887e+011
6.21237e+011
6.21132e+011
6.20578e+011
6.19579e+011
6.18143e+011
6.16278e+011
6.13993e+011
6.11298e+011
6.08204e+011
6.04723e+011
6.0087e+011
5.9666e+011
5.92108e+011
5.87233e+011
5.82054e+011
5.7659e+011
5.70865e+011
5.64904e+011
5.58737e+011
5.52394e+011
5.45913e+011
5.39333e+011
5.32702e+011
5.26071e+011
5.195e+011
5.13055e+011
5.06814e+011
5.0086e+011
4.95293e+011
4.90221e+011
4.85764e+011
4.82056e+011
4.79246e+011
4.77495e+011
4.76975e+011
4.7787e+011
4.80369e+011
4.84671e+011
4.9097e+011
4.99455e+011
5.1031e+011
5.23707e+011
5.39807e+011
5.58757e+011
5.80689e+011
6.05718e+011
6.33943e+011
6.6545e+011
7.00312e+011
7.38592e+011
7.80345e+011
8.25619e+011
8.74457e+011
9.26903e+011
9.82996e+011
1.04278e+012
1.1063e+012
1.17359e+012
1.24471e+012
1.31968e+012
1.39856e+012
1.48137e+012
1.56813e+012
1.65888e+012
1.75361e+012
1.85233e+012
1.95503e+012
2.06169e+012
2.17222e+012
2.28653e+012
2.40454e+012
2.52615e+012
2.65125e+012
2.77969e+012
2.91133e+012
3.04601e+012
3.18353e+012
3.32369e+012
3.46628e+012
3.61104e+012
3.75774e+012
3.90609e+012
4.05582e+012
4.20662e+012
4.35819e+012
4.5102e+012
4.66235e+012
4.8143e+012
4.96572e+012
5.11629e+012
5.26566e+012
5.41351e+012
5.55951e+012
5.70334e+012
5.84468e+012
5.98318e+012
6.11854e+012
6.25042e+012
6.37851e+012
6.50247e+012
6.62199e+012
6.73674e+012
6.8464e+012
6.95055e+012
7.04878e+012
7.1407e+012
7.22588e+012
7.30393e+012
7.3744e+012
7.43686e+012
7.49084e+012
7.53588e+012
7.57149e+012
7.59719e+012
7.61248e+012
7.61689e+012
7.60996e+012
7.59125e+012
7.56036e+012
7.51695e+012
7.46073e+012
7.39148e+012
7.30908e+012
7.21342e+012
7.10451e+012
6.98245e+012
6.84738e+012
6.69954e+012
6.53923e+012
6.36679e+012
6.18263e+012
5.98722e+012
5.78108e+012
5.56479e+012
5.33901e+012
5.10448e+012
4.86209e+012
4.61311e+012
4.35868e+012
4.1002e+012
3.83953e+012
3.57912e+012
3.32245e+012
3.07453e+012
2.8429e+012
2.63881e+012
2.47813e+012
2.3799e+012
3.98247e+010
6.59938e+010
8.87831e+010
1.08998e+011
1.27923e+011
1.4607e+011
1.63653e+011
1.80763e+011
1.97444e+011
2.13715e+011
2.29588e+011
2.45071e+011
2.6017e+011
2.74894e+011
2.89248e+011
3.03239e+011
3.16875e+011
3.30163e+011
3.43108e+011
3.55716e+011
3.67994e+011
3.79944e+011
3.91572e+011
4.0288e+011
4.1387e+011
4.24542e+011
4.34898e+011
4.44936e+011
4.54653e+011
4.64048e+011
4.73115e+011
4.8185e+011
4.90247e+011
4.98299e+011
5.05999e+011
5.1334e+011
5.20313e+011
5.26912e+011
5.33127e+011
5.38951e+011
5.44377e+011
5.49396e+011
5.54004e+011
5.58194e+011
5.61961e+011
5.65303e+011
5.68217e+011
5.707e+011
5.72753e+011
5.74375e+011
5.75569e+011
5.76336e+011
5.76679e+011
5.76603e+011
5.76112e+011
5.75213e+011
5.73911e+011
5.72213e+011
5.70128e+011
5.67664e+011
5.64832e+011
5.61643e+011
5.58109e+011
5.54243e+011
5.50059e+011
5.45574e+011
5.40803e+011
5.35763e+011
5.30475e+011
5.2496e+011
5.19244e+011
5.13356e+011
5.07327e+011
5.01194e+011
4.95e+011
4.88791e+011
4.82623e+011
4.76557e+011
4.70664e+011
4.65024e+011
4.59728e+011
4.5488e+011
4.5059e+011
4.46987e+011
4.4421e+011
4.42413e+011
4.41761e+011
4.42428e+011
4.44597e+011
4.48457e+011
4.54197e+011
4.61997e+011
4.72031e+011
4.84463e+011
4.99449e+011
5.17127e+011
5.37621e+011
5.61041e+011
5.87478e+011
6.17013e+011
6.4971e+011
6.85627e+011
7.24809e+011
7.67298e+011
8.13128e+011
8.62332e+011
9.14944e+011
9.70995e+011
1.03052e+012
1.09355e+012
1.16012e+012
1.23027e+012
1.30401e+012
1.38138e+012
1.46239e+012
1.54706e+012
1.63538e+012
1.72737e+012
1.82301e+012
1.92228e+012
2.02509e+012
2.13135e+012
2.24097e+012
2.35385e+012
2.46989e+012
2.58896e+012
2.71092e+012
2.83561e+012
2.96286e+012
3.09247e+012
3.22424e+012
3.35796e+012
3.49337e+012
3.63024e+012
3.76829e+012
3.90725e+012
4.04683e+012
4.18673e+012
4.32666e+012
4.46631e+012
4.6054e+012
4.74358e+012
4.88057e+012
5.01606e+012
5.14977e+012
5.2814e+012
5.41065e+012
5.53726e+012
5.66093e+012
5.78139e+012
5.89837e+012
6.01158e+012
6.12078e+012
6.2257e+012
6.32608e+012
6.42155e+012
6.51176e+012
6.59635e+012
6.675e+012
6.74733e+012
6.81297e+012
6.87154e+012
6.92262e+012
6.96578e+012
7.00057e+012
7.02654e+012
7.0432e+012
7.05009e+012
7.04674e+012
7.03271e+012
7.00758e+012
6.97098e+012
6.92259e+012
6.86219e+012
6.78956e+012
6.70457e+012
6.60717e+012
6.49739e+012
6.37533e+012
6.24116e+012
6.09512e+012
5.93748e+012
5.7686e+012
5.58888e+012
5.39879e+012
5.19888e+012
4.98977e+012
4.7722e+012
4.54704e+012
4.31569e+012
4.07932e+012
3.83945e+012
3.59808e+012
3.35792e+012
3.12268e+012
2.8976e+012
2.69006e+012
2.51018e+012
2.37082e+012
2.28584e+012
3.40162e+010
5.74075e+010
7.80879e+010
9.65971e+010
1.14013e+011
1.3073e+011
1.46906e+011
1.62612e+011
1.77882e+011
1.9274e+011
2.07202e+011
2.2128e+011
2.34987e+011
2.48333e+011
2.61327e+011
2.73981e+011
2.86302e+011
2.98299e+011
3.09979e+011
3.21349e+011
3.32416e+011
3.43183e+011
3.53657e+011
3.6384e+011
3.73735e+011
3.83344e+011
3.92668e+011
4.01706e+011
4.10457e+011
4.18919e+011
4.27088e+011
4.34961e+011
4.42531e+011
4.49792e+011
4.56739e+011
4.63364e+011
4.69659e+011
4.75618e+011
4.81232e+011
4.86495e+011
4.91399e+011
4.95936e+011
5.00103e+011
5.03892e+011
5.07301e+011
5.10325e+011
5.12964e+011
5.15215e+011
5.17078e+011
5.18554e+011
5.19645e+011
5.20352e+011
5.2068e+011
5.20632e+011
5.20213e+011
5.19428e+011
5.18283e+011
5.16782e+011
5.14935e+011
5.12749e+011
5.10232e+011
5.07394e+011
5.04245e+011
5.00797e+011
4.97061e+011
4.93051e+011
4.88781e+011
4.84263e+011
4.79516e+011
4.74556e+011
4.69407e+011
4.64091e+011
4.58637e+011
4.53077e+011
4.47448e+011
4.41791e+011
4.36157e+011
4.30599e+011
4.25182e+011
4.19978e+011
4.1507e+011
4.10553e+011
4.06527e+011
4.03111e+011
4.00432e+011
3.98634e+011
3.97869e+011
3.983e+011
4.00099e+011
4.03441e+011
4.08504e+011
4.15457e+011
4.24459e+011
4.35665e+011
4.49217e+011
4.65246e+011
4.83867e+011
5.05179e+011
5.29268e+011
5.56204e+011
5.86047e+011
6.18844e+011
6.54633e+011
6.93448e+011
7.35315e+011
7.80257e+011
8.28299e+011
8.79462e+011
9.33776e+011
9.91253e+011
1.05192e+012
1.1158e+012
1.18291e+012
1.25327e+012
1.3269e+012
1.40379e+012
1.48395e+012
1.56737e+012
1.65404e+012
1.74395e+012
1.83704e+012
1.93317e+012
2.03227e+012
2.13423e+012
2.23898e+012
2.34638e+012
2.45631e+012
2.56862e+012
2.68316e+012
2.79975e+012
2.91821e+012
3.03834e+012
3.15991e+012
3.28271e+012
3.40649e+012
3.53099e+012
3.65596e+012
3.78113e+012
3.90622e+012
4.03095e+012
4.15508e+012
4.27829e+012
4.40032e+012
4.52089e+012
4.63976e+012
4.75668e+012
4.87141e+012
4.98369e+012
5.09331e+012
5.20003e+012
5.30364e+012
5.40392e+012
5.50066e+012
5.59369e+012
5.68281e+012
5.76771e+012
5.84808e+012
5.92365e+012
5.99414e+012
6.05926e+012
6.11871e+012
6.17215e+012
6.21923e+012
6.25956e+012
6.29274e+012
6.31835e+012
6.33592e+012
6.34502e+012
6.34518e+012
6.33594e+012
6.31688e+012
6.2876e+012
6.24776e+012
6.19711e+012
6.1354e+012
6.06243e+012
5.97812e+012
5.88244e+012
5.77545e+012
5.65724e+012
5.52798e+012
5.3879e+012
5.23728e+012
5.07646e+012
4.90584e+012
4.72591e+012
4.53726e+012
4.34055e+012
4.1367e+012
3.92713e+012
3.713e+012
3.49584e+012
3.27771e+012
3.06134e+012
2.85048e+012
2.65017e+012
2.46719e+012
2.31025e+012
2.18966e+012
2.11581e+012
2.74391e+010
4.7447e+010
6.55419e+010
8.19661e+010
9.74932e+010
1.12385e+011
1.2675e+011
1.40647e+011
1.54113e+011
1.67174e+011
1.79853e+011
1.92169e+011
2.04138e+011
2.15773e+011
2.27087e+011
2.38092e+011
2.48797e+011
2.59212e+011
2.69345e+011
2.79203e+011
2.88792e+011
2.98119e+011
3.07187e+011
3.16001e+011
3.24565e+011
3.3288e+011
3.40948e+011
3.4877e+011
3.56345e+011
3.63671e+011
3.70746e+011
3.77567e+011
3.84128e+011
3.90424e+011
3.96451e+011
4.022e+011
4.07665e+011
4.1284e+011
4.17718e+011
4.22292e+011
4.26555e+011
4.305e+011
4.34123e+011
4.3742e+011
4.40386e+011
4.43019e+011
4.45317e+011
4.4728e+011
4.48907e+011
4.50199e+011
4.51159e+011
4.51788e+011
4.5209e+011
4.52069e+011
4.51728e+011
4.51074e+011
4.50109e+011
4.48839e+011
4.4727e+011
4.4541e+011
4.43264e+011
4.40841e+011
4.38149e+011
4.35197e+011
4.31995e+011
4.28554e+011
4.24884e+011
4.20996e+011
4.16902e+011
4.12617e+011
4.08159e+011
4.03546e+011
3.98802e+011
3.93954e+011
3.89033e+011
3.84075e+011
3.7912e+011
3.74217e+011
3.6942e+011
3.64793e+011
3.60407e+011
3.56347e+011
3.52698e+011
3.49565e+011
3.47063e+011
3.4532e+011
3.44472e+011
3.44666e+011
3.46056e+011
3.48802e+011
3.53063e+011
3.58993e+011
3.66732e+011
3.76419e+011
3.88182e+011
4.0214e+011
4.18396e+011
4.3704e+011
4.58146e+011
4.81777e+011
5.07983e+011
5.36804e+011
5.68272e+011
6.02409e+011
6.39236e+011
6.78766e+011
7.21012e+011
7.65989e+011
8.13716e+011
8.64187e+011
9.1742e+011
9.73433e+011
1.03224e+012
1.09385e+012
1.15826e+012
1.22549e+012
1.29551e+012
1.36833e+012
1.44393e+012
1.5223e+012
1.60343e+012
1.68713e+012
1.77334e+012
1.86197e+012
1.95295e+012
2.04615e+012
2.14147e+012
2.23879e+012
2.33796e+012
2.43882e+012
2.54123e+012
2.645e+012
2.74994e+012
2.85586e+012
2.96254e+012
3.06976e+012
3.17728e+012
3.28488e+012
3.3923e+012
3.49931e+012
3.60568e+012
3.71114e+012
3.81544e+012
3.91836e+012
4.0197e+012
4.11925e+012
4.21682e+012
4.31222e+012
4.40527e+012
4.4958e+012
4.58365e+012
4.66868e+012
4.75073e+012
4.82969e+012
4.90544e+012
4.97774e+012
5.04633e+012
5.11101e+012
5.17158e+012
5.22784e+012
5.27956e+012
5.32648e+012
5.3683e+012
5.4047e+012
5.43531e+012
5.45977e+012
5.47765e+012
5.48854e+012
5.49198e+012
5.48753e+012
5.47474e+012
5.4532e+012
5.42255e+012
5.38252e+012
5.33282e+012
5.27321e+012
5.20358e+012
5.12386e+012
5.03407e+012
4.93424e+012
4.82449e+012
4.70496e+012
4.57586e+012
4.43747e+012
4.29011e+012
4.13419e+012
3.97024e+012
3.79885e+012
3.62094e+012
3.4379e+012
3.25078e+012
3.06104e+012
2.87066e+012
2.68225e+012
2.49932e+012
2.32646e+012
2.16957e+012
2.03587e+012
1.93347e+012
1.87023e+012
2.0032e+010
3.61084e+010
5.1106e+010
6.49116e+010
7.79763e+010
9.04534e+010
1.02427e+011
1.13954e+011
1.25077e+011
1.35829e+011
1.46239e+011
1.56327e+011
1.66112e+011
1.75609e+011
1.84832e+011
1.93792e+011
2.02499e+011
2.10963e+011
2.19191e+011
2.27191e+011
2.34968e+011
2.42528e+011
2.49875e+011
2.57014e+011
2.63947e+011
2.70679e+011
2.77211e+011
2.83544e+011
2.89678e+011
2.95614e+011
3.01348e+011
3.06879e+011
3.12202e+011
3.17314e+011
3.22208e+011
3.26881e+011
3.31325e+011
3.35534e+011
3.39504e+011
3.43227e+011
3.46698e+011
3.49912e+011
3.52864e+011
3.5555e+011
3.57968e+011
3.60115e+011
3.61991e+011
3.63594e+011
3.64925e+011
3.65986e+011
3.66779e+011
3.67305e+011
3.67567e+011
3.6757e+011
3.67317e+011
3.66813e+011
3.66058e+011
3.65058e+011
3.63817e+011
3.62341e+011
3.60636e+011
3.58707e+011
3.5656e+011
3.54201e+011
3.51639e+011
3.48882e+011
3.45937e+011
3.42811e+011
3.39513e+011
3.36053e+011
3.32442e+011
3.28697e+011
3.24834e+011
3.20875e+011
3.16843e+011
3.12767e+011
3.08681e+011
3.04621e+011
3.00633e+011
2.96766e+011
2.9308e+011
2.89642e+011
2.86522e+011
2.83805e+011
2.81589e+011
2.79982e+011
2.791e+011
2.79067e+011
2.80014e+011
2.82077e+011
2.85389e+011
2.90083e+011
2.96274e+011
3.04077e+011
3.13603e+011
3.24956e+011
3.38225e+011
3.53484e+011
3.70796e+011
3.90214e+011
4.11778e+011
4.35522e+011
4.61468e+011
4.89633e+011
5.20029e+011
5.5266e+011
5.87532e+011
6.24649e+011
6.6402e+011
7.05614e+011
7.49446e+011
7.95527e+011
8.43868e+011
8.94473e+011
9.47341e+011
1.00247e+012
1.05984e+012
1.11945e+012
1.18128e+012
1.24532e+012
1.31159e+012
1.37993e+012
1.45024e+012
1.52245e+012
1.5965e+012
1.67229e+012
1.74973e+012
1.82872e+012
1.90913e+012
1.99084e+012
2.07373e+012
2.15765e+012
2.24243e+012
2.32793e+012
2.41396e+012
2.50033e+012
2.58687e+012
2.67336e+012
2.7596e+012
2.84538e+012
2.9305e+012
3.0148e+012
3.09798e+012
3.17989e+012
3.26038e+012
3.33932e+012
3.41656e+012
3.49197e+012
3.56543e+012
3.63681e+012
3.70603e+012
3.77301e+012
3.83767e+012
3.89997e+012
3.95981e+012
4.01708e+012
4.07152e+012
4.12301e+012
4.17147e+012
4.21681e+012
4.25889e+012
4.2975e+012
4.33242e+012
4.36338e+012
4.3901e+012
4.41227e+012
4.42952e+012
4.44148e+012
4.44774e+012
4.44786e+012
4.4414e+012
4.42794e+012
4.40709e+012
4.37856e+012
4.34202e+012
4.29726e+012
4.24414e+012
4.1826e+012
4.1126e+012
4.03415e+012
3.94727e+012
3.85205e+012
3.74863e+012
3.63718e+012
3.51795e+012
3.39129e+012
3.25759e+012
3.11734e+012
2.97153e+012
2.82134e+012
2.66762e+012
2.51167e+012
2.35522e+012
2.20062e+012
2.05091e+012
1.90997e+012
1.78264e+012
1.67457e+012
1.59184e+012
1.54003e+012
1.20468e+010
2.31835e+010
3.40601e+010
4.41721e+010
5.36793e+010
6.26804e+010
7.12576e+010
7.94718e+010
8.73649e+010
9.49702e+010
1.02314e+011
1.09415e+011
1.16291e+011
1.22954e+011
1.29416e+011
1.35686e+011
1.41773e+011
1.47684e+011
1.53425e+011
1.59003e+011
1.64421e+011
1.69685e+011
1.74796e+011
1.79761e+011
1.8458e+011
1.89258e+011
1.93798e+011
1.982e+011
2.02466e+011
2.06596e+011
2.10588e+011
2.14442e+011
2.18153e+011
2.2172e+011
2.25139e+011
2.28405e+011
2.31514e+011
2.3446e+011
2.3724e+011
2.39848e+011
2.42279e+011
2.44532e+011
2.46602e+011
2.48486e+011
2.50183e+011
2.5169e+011
2.53008e+011
2.54135e+011
2.55074e+011
2.55824e+011
2.56389e+011
2.5677e+011
2.5697e+011
2.56991e+011
2.56838e+011
2.56513e+011
2.56014e+011
2.55345e+011
2.5451e+011
2.53514e+011
2.52359e+011
2.5105e+011
2.49589e+011
2.4798e+011
2.46228e+011
2.4434e+011
2.4232e+011
2.40171e+011
2.37896e+011
2.35501e+011
2.32993e+011
2.30382e+011
2.27679e+011
2.24896e+011
2.22052e+011
2.19163e+011
2.16254e+011
2.1335e+011
2.10482e+011
2.07683e+011
2.04995e+011
2.02465e+011
2.00138e+011
1.98073e+011
1.96346e+011
1.95036e+011
1.94228e+011
1.94014e+011
1.94492e+011
1.95764e+011
1.97925e+011
2.01069e+011
2.05278e+011
2.10631e+011
2.17218e+011
2.25123e+011
2.34411e+011
2.45135e+011
2.57341e+011
2.71068e+011
2.86346e+011
3.03199e+011
3.21644e+011
3.4169e+011
3.63342e+011
3.866e+011
4.11461e+011
4.37926e+011
4.65998e+011
4.95602e+011
5.26755e+011
5.59474e+011
5.93767e+011
6.29634e+011
6.67069e+011
7.06065e+011
7.46606e+011
7.88677e+011
8.3226e+011
8.77345e+011
9.23953e+011
9.72068e+011
1.02147e+012
1.07215e+012
1.12406e+012
1.17711e+012
1.23124e+012
1.28638e+012
1.34245e+012
1.39936e+012
1.45702e+012
1.51532e+012
1.57416e+012
1.63341e+012
1.69295e+012
1.75266e+012
1.81239e+012
1.872e+012
1.93134e+012
1.99024e+012
2.04854e+012
2.10619e+012
2.16284e+012
2.21843e+012
2.27291e+012
2.32619e+012
2.3782e+012
2.42884e+012
2.47807e+012
2.52581e+012
2.57204e+012
2.61674e+012
2.65996e+012
2.70171e+012
2.74188e+012
2.78043e+012
2.81712e+012
2.85188e+012
2.88482e+012
2.91606e+012
2.94545e+012
2.97284e+012
2.99808e+012
3.02101e+012
3.04144e+012
3.05912e+012
3.07382e+012
3.08521e+012
3.09298e+012
3.09675e+012
3.09615e+012
3.09076e+012
3.08022e+012
3.06419e+012
3.04234e+012
3.01454e+012
2.9807e+012
2.94076e+012
2.89466e+012
2.84234e+012
2.7838e+012
2.71905e+012
2.64813e+012
2.57113e+012
2.4882e+012
2.39957e+012
2.30555e+012
2.20638e+012
2.10323e+012
1.99677e+012
1.88756e+012
1.77656e+012
1.66513e+012
1.55508e+012
1.44869e+012
1.34888e+012
1.2591e+012
1.18327e+012
1.12534e+012
1.08818e+012
3.36057e+009
7.38123e+009
1.15475e+010
1.53189e+010
1.88053e+010
2.20806e+010
2.51812e+010
2.81373e+010
3.09702e+010
3.36943e+010
3.6319e+010
3.88528e+010
4.13012e+010
4.36698e+010
4.5963e+010
4.81847e+010
5.0338e+010
5.2426e+010
5.44513e+010
5.64162e+010
5.83227e+010
6.01725e+010
6.19666e+010
6.37137e+010
6.54127e+010
6.70615e+010
6.86613e+010
7.02129e+010
7.17168e+010
7.31732e+010
7.45817e+010
7.59417e+010
7.72525e+010
7.85129e+010
7.97217e+010
8.08777e+010
8.19785e+010
8.3023e+010
8.40103e+010
8.49368e+010
8.5801e+010
8.66022e+010
8.73388e+010
8.80094e+010
8.86134e+010
8.91502e+010
8.96196e+010
9.00219e+010
9.03573e+010
9.06264e+010
9.08302e+010
9.09694e+010
9.10451e+010
9.10583e+010
9.10104e+010
9.09062e+010
9.07495e+010
9.05342e+010
9.02624e+010
8.99355e+010
8.95545e+010
8.91199e+010
8.86308e+010
8.80872e+010
8.74937e+010
8.68549e+010
8.61722e+010
8.54455e+010
8.46716e+010
8.38479e+010
8.29783e+010
8.20655e+010
8.11127e+010
8.01237e+010
7.91037e+010
7.80587e+010
7.69963e+010
7.59256e+010
7.48573e+010
7.38031e+010
7.27754e+010
7.17904e+010
7.09137e+010
7.01287e+010
6.9458e+010
6.89307e+010
6.85783e+010
6.84345e+010
6.85362e+010
6.89233e+010
6.96284e+010
7.06902e+010
7.21533e+010
7.40339e+010
7.6364e+010
7.91771e+010
8.24963e+010
8.634e+010
9.07246e+010
9.5664e+010
1.01169e+011
1.07247e+011
1.13904e+011
1.21141e+011
1.28959e+011
1.37354e+011
1.46325e+011
1.55871e+011
1.66016e+011
1.76849e+011
1.88228e+011
2.0016e+011
2.1265e+011
2.25694e+011
2.39285e+011
2.53416e+011
2.68078e+011
2.83257e+011
2.98925e+011
3.15064e+011
3.31722e+011
3.48971e+011
3.66726e+011
3.84934e+011
4.0354e+011
4.22469e+011
4.4173e+011
4.61305e+011
4.81162e+011
5.01269e+011
5.21588e+011
5.42082e+011
5.6271e+011
5.83427e+011
6.04189e+011
6.24949e+011
6.45656e+011
6.66255e+011
6.86688e+011
7.06886e+011
7.26767e+011
7.46551e+011
7.66183e+011
7.85403e+011
8.04181e+011
8.22493e+011
8.40313e+011
8.57618e+011
8.74389e+011
8.9061e+011
9.06275e+011
9.21398e+011
9.36023e+011
9.50174e+011
9.63799e+011
9.77e+011
9.89766e+011
1.00193e+012
1.01357e+012
1.02475e+012
1.03541e+012
1.04548e+012
1.0549e+012
1.06363e+012
1.07158e+012
1.07867e+012
1.08481e+012
1.08987e+012
1.09373e+012
1.09622e+012
1.09718e+012
1.09646e+012
1.09398e+012
1.09081e+012
1.08569e+012
1.07831e+012
1.06865e+012
1.05667e+012
1.04231e+012
1.0255e+012
1.00622e+012
9.84432e+011
9.60139e+011
9.33317e+011
9.03867e+011
8.71961e+011
8.37964e+011
8.01917e+011
7.64748e+011
7.26255e+011
6.86438e+011
6.45635e+011
6.04545e+011
5.63948e+011
5.24809e+011
4.88321e+011
4.55931e+011
4.29091e+011
4.10043e+011
3.983e+011
)
;

boundaryField
{
    walls
    {
        type            kqRWallFunction;
        value           nonuniform List<scalar> 
400
(
3.24046e+009
7.18391e+009
1.12714e+010
1.49732e+010
1.83915e+010
2.16029e+010
2.46455e+010
2.75493e+010
3.03355e+010
3.30209e+010
3.56156e+010
3.81302e+010
4.05732e+010
4.29506e+010
4.52674e+010
4.75272e+010
4.97331e+010
5.18871e+010
5.39904e+010
5.60438e+010
5.80473e+010
6.00004e+010
6.19023e+010
6.37582e+010
6.55639e+010
6.73146e+010
6.90098e+010
7.06486e+010
7.22298e+010
7.37525e+010
7.52156e+010
7.66182e+010
7.79596e+010
7.9239e+010
8.04555e+010
8.16081e+010
8.2698e+010
8.37267e+010
8.4694e+010
8.55986e+010
8.64388e+010
8.72126e+010
8.79201e+010
8.8561e+010
8.91346e+010
8.96402e+010
9.00769e+010
9.04436e+010
9.07394e+010
9.09632e+010
9.11139e+010
9.11905e+010
9.11923e+010
9.11185e+010
9.09679e+010
9.07434e+010
9.04511e+010
9.00844e+010
8.96456e+010
8.91372e+010
8.85624e+010
8.79253e+010
8.72309e+010
8.64845e+010
8.56901e+010
8.48548e+010
8.39886e+010
8.30936e+010
8.21777e+010
8.12502e+010
8.03182e+010
7.93892e+010
7.84713e+010
7.75728e+010
7.67025e+010
7.58691e+010
7.50815e+010
7.43491e+010
7.36814e+010
7.30883e+010
7.25807e+010
7.21716e+010
7.19139e+010
7.17823e+010
7.17881e+010
7.19521e+010
7.22931e+010
7.28298e+010
7.35798e+010
7.45551e+010
7.57825e+010
7.72987e+010
7.91336e+010
8.12881e+010
8.37723e+010
8.65856e+010
8.9737e+010
9.32419e+010
9.71108e+010
1.01352e+011
1.05973e+011
1.10981e+011
1.16384e+011
1.22191e+011
1.2841e+011
1.35051e+011
1.42124e+011
1.49637e+011
1.576e+011
1.66162e+011
1.75263e+011
1.8489e+011
1.95073e+011
2.05841e+011
2.1722e+011
2.29236e+011
2.41916e+011
2.55286e+011
2.69379e+011
2.84219e+011
2.99806e+011
3.16185e+011
3.3334e+011
3.51167e+011
3.69721e+011
3.89016e+011
4.09018e+011
4.29695e+011
4.51015e+011
4.72947e+011
4.95453e+011
5.18495e+011
5.42031e+011
5.66013e+011
5.90394e+011
6.1512e+011
6.40137e+011
6.65384e+011
6.90799e+011
7.16318e+011
7.41893e+011
7.67774e+011
7.9368e+011
8.19416e+011
8.44956e+011
8.70248e+011
8.95223e+011
9.19806e+011
9.43917e+011
9.67467e+011
9.90365e+011
1.0125e+012
1.03374e+012
1.05386e+012
1.07296e+012
1.0912e+012
1.10841e+012
1.1244e+012
1.13888e+012
1.15151e+012
1.16223e+012
1.17097e+012
1.1776e+012
1.18203e+012
1.18413e+012
1.18383e+012
1.18103e+012
1.17567e+012
1.16771e+012
1.15712e+012
1.14386e+012
1.12794e+012
1.10929e+012
1.08852e+012
1.06633e+012
1.04188e+012
1.01528e+012
9.86747e+011
9.56491e+011
9.2473e+011
8.91676e+011
8.57535e+011
8.22509e+011
7.86819e+011
7.50669e+011
7.13992e+011
6.76393e+011
6.38442e+011
6.00123e+011
5.61017e+011
5.20876e+011
4.79219e+011
4.3541e+011
3.88681e+011
3.3807e+011
2.82509e+011
2.22077e+011
1.56098e+011
8.70843e+010
3.07064e+010
3.36057e+009
7.38123e+009
1.15475e+010
1.53189e+010
1.88053e+010
2.20806e+010
2.51812e+010
2.81373e+010
3.09702e+010
3.36943e+010
3.6319e+010
3.88528e+010
4.13012e+010
4.36698e+010
4.5963e+010
4.81847e+010
5.0338e+010
5.2426e+010
5.44513e+010
5.64162e+010
5.83227e+010
6.01725e+010
6.19666e+010
6.37137e+010
6.54127e+010
6.70615e+010
6.86613e+010
7.02129e+010
7.17168e+010
7.31732e+010
7.45817e+010
7.59417e+010
7.72525e+010
7.85129e+010
7.97217e+010
8.08777e+010
8.19785e+010
8.3023e+010
8.40103e+010
8.49368e+010
8.5801e+010
8.66022e+010
8.73388e+010
8.80094e+010
8.86134e+010
8.91502e+010
8.96196e+010
9.00219e+010
9.03573e+010
9.06264e+010
9.08302e+010
9.09694e+010
9.10451e+010
9.10583e+010
9.10104e+010
9.09062e+010
9.07495e+010
9.05342e+010
9.02624e+010
8.99355e+010
8.95545e+010
8.91199e+010
8.86308e+010
8.80872e+010
8.74937e+010
8.68549e+010
8.61722e+010
8.54455e+010
8.46716e+010
8.38479e+010
8.29783e+010
8.20655e+010
8.11127e+010
8.01237e+010
7.91037e+010
7.80587e+010
7.69963e+010
7.59256e+010
7.48573e+010
7.38031e+010
7.27754e+010
7.17904e+010
7.09137e+010
7.01287e+010
6.9458e+010
6.89307e+010
6.85783e+010
6.84345e+010
6.85362e+010
6.89233e+010
6.96284e+010
7.06902e+010
7.21533e+010
7.40339e+010
7.6364e+010
7.91771e+010
8.24963e+010
8.634e+010
9.07246e+010
9.5664e+010
1.01169e+011
1.07247e+011
1.13904e+011
1.21141e+011
1.28959e+011
1.37354e+011
1.46325e+011
1.55871e+011
1.66016e+011
1.76849e+011
1.88228e+011
2.0016e+011
2.1265e+011
2.25694e+011
2.39285e+011
2.53416e+011
2.68078e+011
2.83257e+011
2.98925e+011
3.15064e+011
3.31722e+011
3.48971e+011
3.66726e+011
3.84934e+011
4.0354e+011
4.22469e+011
4.4173e+011
4.61305e+011
4.81162e+011
5.01269e+011
5.21588e+011
5.42082e+011
5.6271e+011
5.83427e+011
6.04189e+011
6.24949e+011
6.45656e+011
6.66255e+011
6.86688e+011
7.06886e+011
7.26767e+011
7.46551e+011
7.66183e+011
7.85403e+011
8.04181e+011
8.22493e+011
8.40313e+011
8.57618e+011
8.74389e+011
8.9061e+011
9.06275e+011
9.21398e+011
9.36023e+011
9.50174e+011
9.63799e+011
9.77e+011
9.89766e+011
1.00193e+012
1.01357e+012
1.02475e+012
1.03541e+012
1.04548e+012
1.0549e+012
1.06363e+012
1.07158e+012
1.07867e+012
1.08481e+012
1.08987e+012
1.09373e+012
1.09622e+012
1.09718e+012
1.09646e+012
1.09398e+012
1.09081e+012
1.08569e+012
1.07831e+012
1.06865e+012
1.05667e+012
1.04231e+012
1.0255e+012
1.00622e+012
9.84432e+011
9.60139e+011
9.33317e+011
9.03867e+011
8.71961e+011
8.37964e+011
8.01917e+011
7.64748e+011
7.26255e+011
6.86438e+011
6.45635e+011
6.04545e+011
5.63948e+011
5.24809e+011
4.88321e+011
4.55931e+011
4.29091e+011
4.10043e+011
3.983e+011
)
;
    }
    inlet
    {
        type            fixedValue;
        value           uniform 0.01;
    }
    outlet
    {
        type            freestream;
        freestreamValue uniform 0.01;
        value           nonuniform List<scalar> 
20
(
0.01
0.01
0.01
0.01
0.01
0.01
0.01
0.01
0.01
0.01
2.09995e+012
2.30885e+012
2.39215e+012
2.3799e+012
2.28584e+012
2.11581e+012
1.87023e+012
1.54003e+012
1.08818e+012
3.983e+011
)
;
    }
    frontAndBack
    {
        type            empty;
    }
}


// ************************************************************************* //
