/*--------------------------------*- C++ -*----------------------------------*\
| =========                 |                                                 |
| \\      /  F ield         | OpenFOAM: The Open Source CFD Toolbox           |
|  \\    /   O peration     | Version:  5.x                                   |
|   \\  /    A nd           | Web:      www.OpenFOAM.org                      |
|    \\/     M anipulation  |                                                 |
\*---------------------------------------------------------------------------*/
/*   Windows 32 and 64 bit porting by blueCAPE: http://www.bluecape.com.pt   *\
|  Based on Windows porting (2.0.x v4) by Symscape: http://www.symscape.com   |
\*---------------------------------------------------------------------------*/
FoamFile
{
    version     2.0;
    format      ascii;
    class       volScalarField;
    location    "4000";
    object      omega;
}
// * * * * * * * * * * * * * * * * * * * * * * * * * * * * * * * * * * * * * //

dimensions      [0 0 -1 0 0 0 0];

internalField   nonuniform List<scalar> 
4000
(
1.01559e+008
1.51138e+008
1.8922e+008
2.1798e+008
2.41463e+008
2.61567e+008
2.7924e+008
2.95086e+008
3.09494e+008
3.22742e+008
3.35016e+008
3.46469e+008
3.57219e+008
3.67353e+008
3.76944e+008
3.86048e+008
3.9471e+008
4.02967e+008
4.10851e+008
4.18384e+008
4.25587e+008
4.32474e+008
4.39059e+008
4.45372e+008
4.51413e+008
4.57174e+008
4.62667e+008
4.67898e+008
4.72872e+008
4.77596e+008
4.82072e+008
4.86307e+008
4.90304e+008
4.94068e+008
4.97602e+008
5.00907e+008
5.03993e+008
5.06869e+008
5.09538e+008
5.12001e+008
5.14255e+008
5.16299e+008
5.18135e+008
5.19765e+008
5.2119e+008
5.2241e+008
5.23425e+008
5.24233e+008
5.24833e+008
5.25223e+008
5.25401e+008
5.25365e+008
5.25114e+008
5.24645e+008
5.23956e+008
5.23054e+008
5.21956e+008
5.20643e+008
5.1912e+008
5.17394e+008
5.15472e+008
5.13364e+008
5.11083e+008
5.08644e+008
5.06056e+008
5.03338e+008
5.00519e+008
4.97602e+008
4.94611e+008
4.91572e+008
4.88506e+008
4.85436e+008
4.82386e+008
4.79382e+008
4.76453e+008
4.73625e+008
4.7093e+008
4.68398e+008
4.66061e+008
4.63954e+008
4.62112e+008
4.60581e+008
4.59532e+008
4.58884e+008
4.58675e+008
4.5897e+008
4.59828e+008
4.61302e+008
4.6344e+008
4.66268e+008
4.69857e+008
4.74298e+008
4.79656e+008
4.859e+008
4.93025e+008
5.00988e+008
5.09772e+008
5.19378e+008
5.29785e+008
5.40967e+008
5.52894e+008
5.65536e+008
5.78861e+008
5.92842e+008
6.07451e+008
6.22665e+008
6.3846e+008
6.54809e+008
6.71689e+008
6.89373e+008
7.07668e+008
7.26505e+008
7.45896e+008
7.6585e+008
7.86369e+008
8.07453e+008
8.29101e+008
8.51313e+008
8.74092e+008
8.97434e+008
9.2129e+008
9.4569e+008
9.7056e+008
9.95718e+008
1.02122e+009
1.04704e+009
1.07313e+009
1.09942e+009
1.12585e+009
1.15237e+009
1.17893e+009
1.20547e+009
1.23196e+009
1.25835e+009
1.28457e+009
1.31059e+009
1.33636e+009
1.36183e+009
1.38696e+009
1.41169e+009
1.43601e+009
1.46017e+009
1.48392e+009
1.50709e+009
1.52969e+009
1.5517e+009
1.57309e+009
1.5938e+009
1.61381e+009
1.63307e+009
1.65152e+009
1.66911e+009
1.68575e+009
1.70129e+009
1.71585e+009
1.72958e+009
1.74236e+009
1.75408e+009
1.76453e+009
1.77347e+009
1.78088e+009
1.78674e+009
1.79097e+009
1.79351e+009
1.79428e+009
1.79322e+009
1.79027e+009
1.78539e+009
1.77851e+009
1.76961e+009
1.75863e+009
1.74554e+009
1.73024e+009
1.71318e+009
1.69484e+009
1.67452e+009
1.65224e+009
1.62809e+009
1.60219e+009
1.57463e+009
1.54551e+009
1.51492e+009
1.48297e+009
1.44976e+009
1.4154e+009
1.37975e+009
1.3423e+009
1.30349e+009
1.26318e+009
1.22076e+009
1.17573e+009
1.12722e+009
1.07396e+009
1.01423e+009
9.45454e+008
8.63872e+008
7.65557e+008
6.4152e+008
4.7891e+008
2.84211e+008
1.00249e+008
7.31645e+007
7.5333e+007
8.127e+007
8.75026e+007
9.34449e+007
9.89719e+007
1.041e+008
1.0887e+008
1.13321e+008
1.17492e+008
1.21411e+008
1.25104e+008
1.28593e+008
1.31897e+008
1.35033e+008
1.38013e+008
1.4085e+008
1.43553e+008
1.46131e+008
1.48591e+008
1.50942e+008
1.53189e+008
1.5535e+008
1.57427e+008
1.59412e+008
1.61307e+008
1.63113e+008
1.64832e+008
1.66467e+008
1.68019e+008
1.6949e+008
1.7088e+008
1.72193e+008
1.73427e+008
1.74585e+008
1.75669e+008
1.76679e+008
1.77617e+008
1.78484e+008
1.79277e+008
1.79998e+008
1.80647e+008
1.81224e+008
1.81729e+008
1.82163e+008
1.82525e+008
1.82815e+008
1.83033e+008
1.83179e+008
1.83253e+008
1.83255e+008
1.83184e+008
1.83042e+008
1.82829e+008
1.82551e+008
1.82222e+008
1.8183e+008
1.81374e+008
1.80856e+008
1.80276e+008
1.79637e+008
1.78939e+008
1.78183e+008
1.77376e+008
1.76525e+008
1.75633e+008
1.74706e+008
1.73742e+008
1.72742e+008
1.71712e+008
1.7066e+008
1.69592e+008
1.68516e+008
1.67438e+008
1.66367e+008
1.65314e+008
1.6429e+008
1.63308e+008
1.62381e+008
1.61527e+008
1.60777e+008
1.60221e+008
1.59832e+008
1.59601e+008
1.59542e+008
1.59677e+008
1.60023e+008
1.60602e+008
1.61431e+008
1.62533e+008
1.63935e+008
1.65648e+008
1.67672e+008
1.7001e+008
1.72661e+008
1.75623e+008
1.78895e+008
1.82473e+008
1.86352e+008
1.90523e+008
1.9498e+008
1.99712e+008
2.04711e+008
2.09968e+008
2.15476e+008
2.21227e+008
2.27221e+008
2.33479e+008
2.40134e+008
2.47118e+008
2.54337e+008
2.61767e+008
2.69396e+008
2.77213e+008
2.8521e+008
2.93374e+008
3.01692e+008
3.10143e+008
3.18708e+008
3.27414e+008
3.3629e+008
3.45248e+008
3.54291e+008
3.63375e+008
3.72458e+008
3.81546e+008
3.9063e+008
3.99697e+008
4.08729e+008
4.17713e+008
4.26632e+008
4.35472e+008
4.4422e+008
4.5286e+008
4.61381e+008
4.69769e+008
4.78013e+008
4.86103e+008
4.94036e+008
5.01835e+008
5.0964e+008
5.17413e+008
5.25021e+008
5.32431e+008
5.39627e+008
5.46598e+008
5.53334e+008
5.59822e+008
5.66052e+008
5.72011e+008
5.77685e+008
5.83061e+008
5.88124e+008
5.92884e+008
5.97367e+008
6.01529e+008
6.05336e+008
6.08754e+008
6.11749e+008
6.14302e+008
6.16399e+008
6.18021e+008
6.19147e+008
6.1976e+008
6.1984e+008
6.19368e+008
6.18326e+008
6.16698e+008
6.14469e+008
6.11628e+008
6.08175e+008
6.04164e+008
5.9988e+008
5.95567e+008
5.90769e+008
5.85365e+008
5.79318e+008
5.72609e+008
5.65224e+008
5.57153e+008
5.48385e+008
5.389e+008
5.28641e+008
5.17512e+008
5.0555e+008
4.92794e+008
4.79184e+008
4.64828e+008
4.49397e+008
4.3258e+008
4.1416e+008
3.9387e+008
3.71363e+008
3.46367e+008
3.19172e+008
2.92161e+008
2.68475e+008
2.59861e+008
3.07935e+008
1.18322e+008
6.87313e+007
5.97696e+007
5.92353e+007
6.10147e+007
6.35572e+007
6.6334e+007
6.91399e+007
7.18893e+007
7.45454e+007
7.70939e+007
7.95303e+007
8.18552e+007
8.4072e+007
8.61856e+007
8.82009e+007
9.01232e+007
9.19576e+007
9.37087e+007
9.53812e+007
9.69793e+007
9.85074e+007
9.99703e+007
1.01375e+008
1.02722e+008
1.04011e+008
1.05243e+008
1.06418e+008
1.07538e+008
1.08603e+008
1.09616e+008
1.10576e+008
1.11485e+008
1.12344e+008
1.13153e+008
1.13913e+008
1.14624e+008
1.15288e+008
1.15904e+008
1.16473e+008
1.16995e+008
1.1747e+008
1.17897e+008
1.18278e+008
1.18611e+008
1.18898e+008
1.19138e+008
1.19331e+008
1.19477e+008
1.19577e+008
1.1963e+008
1.19637e+008
1.19598e+008
1.19514e+008
1.19386e+008
1.19217e+008
1.19012e+008
1.18766e+008
1.18481e+008
1.18156e+008
1.17791e+008
1.17389e+008
1.16949e+008
1.16473e+008
1.15963e+008
1.15423e+008
1.14854e+008
1.14258e+008
1.13637e+008
1.1299e+008
1.12322e+008
1.11635e+008
1.10934e+008
1.10223e+008
1.09507e+008
1.08792e+008
1.08084e+008
1.07391e+008
1.06722e+008
1.06088e+008
1.05503e+008
1.04986e+008
1.04573e+008
1.04259e+008
1.04049e+008
1.03951e+008
1.03979e+008
1.04145e+008
1.04462e+008
1.04946e+008
1.05609e+008
1.06466e+008
1.07524e+008
1.08786e+008
1.10257e+008
1.11938e+008
1.1383e+008
1.15933e+008
1.18246e+008
1.20765e+008
1.23488e+008
1.26409e+008
1.29524e+008
1.32828e+008
1.36315e+008
1.39982e+008
1.43826e+008
1.47849e+008
1.52062e+008
1.56511e+008
1.61157e+008
1.65967e+008
1.70924e+008
1.76015e+008
1.8123e+008
1.86559e+008
1.91992e+008
1.97521e+008
2.03134e+008
2.08826e+008
2.14602e+008
2.20447e+008
2.26334e+008
2.32254e+008
2.38188e+008
2.44121e+008
2.50046e+008
2.55954e+008
2.61837e+008
2.67686e+008
2.73493e+008
2.79247e+008
2.84941e+008
2.90566e+008
2.96115e+008
3.0158e+008
3.06955e+008
3.12234e+008
3.17416e+008
3.22503e+008
3.2751e+008
3.32486e+008
3.374e+008
3.42211e+008
3.46896e+008
3.51445e+008
3.55848e+008
3.601e+008
3.64193e+008
3.68121e+008
3.71877e+008
3.75456e+008
3.78852e+008
3.82061e+008
3.85086e+008
3.87926e+008
3.90559e+008
3.92972e+008
3.95149e+008
3.97076e+008
3.98742e+008
4.00136e+008
4.01249e+008
4.02068e+008
4.02583e+008
4.02784e+008
4.02659e+008
4.02198e+008
4.01392e+008
4.00234e+008
3.98721e+008
3.96864e+008
3.94699e+008
3.92325e+008
3.89796e+008
3.86982e+008
3.83809e+008
3.80239e+008
3.76244e+008
3.71805e+008
3.66905e+008
3.61526e+008
3.55649e+008
3.49247e+008
3.42291e+008
3.34782e+008
3.2672e+008
3.18085e+008
3.0893e+008
2.99197e+008
2.8882e+008
2.77792e+008
2.66182e+008
2.54194e+008
2.42362e+008
2.31958e+008
2.2592e+008
2.31026e+008
2.66169e+008
3.87782e+008
1.30459e+008
7.11312e+007
5.66915e+007
5.2876e+007
5.24092e+007
5.3286e+007
5.47611e+007
5.65076e+007
5.83665e+007
6.02551e+007
6.21281e+007
6.39605e+007
6.57384e+007
6.74544e+007
6.91053e+007
7.06902e+007
7.22097e+007
7.36653e+007
7.5059e+007
7.63933e+007
7.76705e+007
7.88936e+007
8.00656e+007
8.11898e+007
8.22676e+007
8.32993e+007
8.42855e+007
8.5227e+007
8.61247e+007
8.69795e+007
8.77922e+007
8.85634e+007
8.92939e+007
8.99842e+007
9.06349e+007
9.12463e+007
9.18189e+007
9.23533e+007
9.28496e+007
9.33081e+007
9.37285e+007
9.41111e+007
9.44558e+007
9.47628e+007
9.50321e+007
9.52637e+007
9.54579e+007
9.56146e+007
9.57339e+007
9.58161e+007
9.58613e+007
9.58698e+007
9.5842e+007
9.57786e+007
9.56808e+007
9.55502e+007
9.53881e+007
9.51941e+007
9.49683e+007
9.47108e+007
9.44222e+007
9.41032e+007
9.37545e+007
9.33773e+007
9.2973e+007
9.25434e+007
9.20898e+007
9.16135e+007
9.11155e+007
9.05975e+007
9.00614e+007
8.951e+007
8.89461e+007
8.83733e+007
8.77956e+007
8.72178e+007
8.66452e+007
8.60843e+007
8.55426e+007
8.50292e+007
8.4555e+007
8.41342e+007
8.37837e+007
8.35084e+007
8.33145e+007
8.32107e+007
8.32069e+007
8.33141e+007
8.35433e+007
8.39059e+007
8.44131e+007
8.50741e+007
8.58951e+007
8.68809e+007
8.80354e+007
8.93611e+007
9.08594e+007
9.25306e+007
9.43738e+007
9.63873e+007
9.85685e+007
1.00914e+008
1.03421e+008
1.06085e+008
1.08903e+008
1.11871e+008
1.14989e+008
1.18257e+008
1.21681e+008
1.25271e+008
1.2901e+008
1.32881e+008
1.36871e+008
1.4097e+008
1.45168e+008
1.49458e+008
1.5383e+008
1.58278e+008
1.62795e+008
1.67374e+008
1.72014e+008
1.76694e+008
1.81405e+008
1.86136e+008
1.90876e+008
1.95616e+008
2.00348e+008
2.05064e+008
2.09758e+008
2.14423e+008
2.19052e+008
2.23638e+008
2.28174e+008
2.32656e+008
2.37077e+008
2.41433e+008
2.45718e+008
2.49931e+008
2.5407e+008
2.58137e+008
2.62139e+008
2.66094e+008
2.69982e+008
2.73785e+008
2.77491e+008
2.8109e+008
2.84575e+008
2.8794e+008
2.91181e+008
2.94292e+008
2.97269e+008
3.00107e+008
3.02803e+008
3.05354e+008
3.0776e+008
3.10014e+008
3.12105e+008
3.14021e+008
3.15754e+008
3.17296e+008
3.18636e+008
3.19768e+008
3.20683e+008
3.21373e+008
3.2183e+008
3.22047e+008
3.22015e+008
3.21728e+008
3.2118e+008
3.20366e+008
3.19288e+008
3.17952e+008
3.16378e+008
3.14606e+008
3.12646e+008
3.10448e+008
3.07972e+008
3.0519e+008
3.02078e+008
2.98619e+008
2.94799e+008
2.90604e+008
2.86022e+008
2.8104e+008
2.75651e+008
2.69856e+008
2.63665e+008
2.57089e+008
2.50171e+008
2.42966e+008
2.35529e+008
2.27988e+008
2.20593e+008
2.13804e+008
2.08485e+008
2.06315e+008
2.10767e+008
2.30004e+008
2.88043e+008
4.59264e+008
1.40601e+008
7.45373e+007
5.66687e+007
5.08094e+007
4.89354e+007
4.87709e+007
4.94406e+007
5.05432e+007
5.18729e+007
5.3316e+007
5.48064e+007
5.63043e+007
5.77851e+007
5.9234e+007
6.0642e+007
6.20038e+007
6.33169e+007
6.45803e+007
6.5794e+007
6.69589e+007
6.80763e+007
6.9148e+007
7.01757e+007
7.11617e+007
7.21069e+007
7.30119e+007
7.38773e+007
7.4704e+007
7.54925e+007
7.62436e+007
7.69579e+007
7.76361e+007
7.82786e+007
7.8886e+007
7.94586e+007
7.99968e+007
8.0501e+007
8.09715e+007
8.14085e+007
8.18121e+007
8.21823e+007
8.25193e+007
8.28229e+007
8.30935e+007
8.33309e+007
8.35352e+007
8.37067e+007
8.38453e+007
8.39512e+007
8.40245e+007
8.40656e+007
8.40747e+007
8.40522e+007
8.39987e+007
8.3915e+007
8.38024e+007
8.36613e+007
8.3492e+007
8.32946e+007
8.30694e+007
8.28171e+007
8.25381e+007
8.22331e+007
8.19032e+007
8.15495e+007
8.11731e+007
8.07752e+007
8.03569e+007
7.99194e+007
7.94641e+007
7.8993e+007
7.85083e+007
7.80125e+007
7.75089e+007
7.70009e+007
7.64927e+007
7.59893e+007
7.54963e+007
7.50205e+007
7.45697e+007
7.41531e+007
7.37815e+007
7.34663e+007
7.3214e+007
7.3032e+007
7.29287e+007
7.29131e+007
7.29949e+007
7.3184e+007
7.34904e+007
7.39236e+007
7.4491e+007
7.51988e+007
7.60518e+007
7.70539e+007
7.82076e+007
7.95144e+007
8.09747e+007
8.25879e+007
8.43527e+007
8.62668e+007
8.83276e+007
9.0532e+007
9.2877e+007
9.53596e+007
9.79773e+007
1.00728e+008
1.03612e+008
1.06631e+008
1.09784e+008
1.13061e+008
1.16452e+008
1.19947e+008
1.23537e+008
1.27213e+008
1.3097e+008
1.34798e+008
1.38692e+008
1.42646e+008
1.46655e+008
1.50709e+008
1.54797e+008
1.5891e+008
1.63039e+008
1.67176e+008
1.71314e+008
1.75446e+008
1.79564e+008
1.83664e+008
1.87739e+008
1.91784e+008
1.95792e+008
1.99759e+008
2.03679e+008
2.07549e+008
2.11364e+008
2.1512e+008
2.18817e+008
2.22451e+008
2.26025e+008
2.29542e+008
2.33005e+008
2.36403e+008
2.39726e+008
2.42964e+008
2.4611e+008
2.49159e+008
2.52105e+008
2.54943e+008
2.5767e+008
2.6028e+008
2.62771e+008
2.65138e+008
2.6738e+008
2.69494e+008
2.71471e+008
2.73305e+008
2.74986e+008
2.76508e+008
2.77864e+008
2.79046e+008
2.80047e+008
2.8086e+008
2.8148e+008
2.81899e+008
2.82111e+008
2.8211e+008
2.8189e+008
2.81448e+008
2.8078e+008
2.79888e+008
2.78775e+008
2.77453e+008
2.75938e+008
2.74231e+008
2.72305e+008
2.70137e+008
2.67707e+008
2.64997e+008
2.61995e+008
2.5869e+008
2.55071e+008
2.51135e+008
2.46876e+008
2.42299e+008
2.37415e+008
2.32245e+008
2.26824e+008
2.21209e+008
2.15504e+008
2.09838e+008
2.04425e+008
1.9962e+008
1.96024e+008
1.94677e+008
1.97498e+008
2.08379e+008
2.36579e+008
3.10446e+008
5.24289e+008
1.48803e+008
7.76132e+007
5.74828e+007
5.0269e+007
4.74519e+007
4.65818e+007
4.67032e+007
4.73686e+007
4.83424e+007
4.94902e+007
5.07313e+007
5.20151e+007
5.33094e+007
5.45934e+007
5.58538e+007
5.70821e+007
5.82731e+007
5.9424e+007
6.05333e+007
6.16007e+007
6.26267e+007
6.3612e+007
6.45579e+007
6.54657e+007
6.63361e+007
6.71699e+007
6.79674e+007
6.87295e+007
6.94567e+007
7.01496e+007
7.08087e+007
7.14346e+007
7.20277e+007
7.25884e+007
7.31171e+007
7.36141e+007
7.40797e+007
7.45141e+007
7.49176e+007
7.52902e+007
7.56321e+007
7.59432e+007
7.62237e+007
7.64735e+007
7.66929e+007
7.68818e+007
7.70403e+007
7.71687e+007
7.72669e+007
7.73352e+007
7.73739e+007
7.73832e+007
7.73635e+007
7.73153e+007
7.72394e+007
7.71365e+007
7.7007e+007
7.68512e+007
7.66695e+007
7.64621e+007
7.62297e+007
7.59727e+007
7.56919e+007
7.53881e+007
7.50622e+007
7.47153e+007
7.43483e+007
7.39623e+007
7.35586e+007
7.31386e+007
7.27041e+007
7.22571e+007
7.18001e+007
7.1336e+007
7.0868e+007
7.04001e+007
6.99369e+007
6.94835e+007
6.90462e+007
6.8632e+007
6.82489e+007
6.79062e+007
6.76127e+007
6.73755e+007
6.72023e+007
6.71012e+007
6.7081e+007
6.71506e+007
6.73193e+007
6.75962e+007
6.79898e+007
6.8507e+007
6.91537e+007
6.99348e+007
7.0854e+007
7.19137e+007
7.31155e+007
7.44596e+007
7.59457e+007
7.75722e+007
7.93372e+007
8.12381e+007
8.32721e+007
8.54364e+007
8.7728e+007
9.01444e+007
9.26836e+007
9.53443e+007
9.81258e+007
1.01025e+008
1.04034e+008
1.07144e+008
1.10348e+008
1.13639e+008
1.17008e+008
1.20451e+008
1.23959e+008
1.27527e+008
1.31149e+008
1.3482e+008
1.3853e+008
1.4227e+008
1.46033e+008
1.49811e+008
1.53598e+008
1.57386e+008
1.61171e+008
1.64945e+008
1.68703e+008
1.72441e+008
1.76152e+008
1.79832e+008
1.83476e+008
1.8708e+008
1.9064e+008
1.94153e+008
1.97615e+008
2.01025e+008
2.0438e+008
2.07681e+008
2.10929e+008
2.14123e+008
2.17254e+008
2.20316e+008
2.233e+008
2.26202e+008
2.29016e+008
2.31736e+008
2.34359e+008
2.3688e+008
2.39296e+008
2.41602e+008
2.43795e+008
2.45871e+008
2.47828e+008
2.49658e+008
2.51353e+008
2.52908e+008
2.54316e+008
2.55569e+008
2.56663e+008
2.5759e+008
2.58344e+008
2.5892e+008
2.59311e+008
2.59513e+008
2.59519e+008
2.59326e+008
2.58931e+008
2.58331e+008
2.57527e+008
2.56521e+008
2.55318e+008
2.53928e+008
2.52347e+008
2.5056e+008
2.4855e+008
2.46304e+008
2.43809e+008
2.41056e+008
2.38038e+008
2.3475e+008
2.31191e+008
2.27366e+008
2.23284e+008
2.18967e+008
2.14446e+008
2.09773e+008
2.05026e+008
2.00328e+008
1.95856e+008
1.91876e+008
1.88811e+008
1.87342e+008
1.88626e+008
1.94753e+008
2.09958e+008
2.44409e+008
3.29305e+008
5.8195e+008
1.54442e+008
7.94841e+007
5.83479e+007
5.02771e+007
4.68351e+007
4.54839e+007
4.52249e+007
4.55848e+007
4.63098e+007
4.72524e+007
4.8322e+007
4.94605e+007
5.063e+007
5.18053e+007
5.29698e+007
5.41124e+007
5.52261e+007
5.63065e+007
5.73511e+007
5.83585e+007
5.93285e+007
6.02613e+007
6.11577e+007
6.20183e+007
6.28439e+007
6.36349e+007
6.43919e+007
6.51153e+007
6.58058e+007
6.64639e+007
6.70901e+007
6.76847e+007
6.82482e+007
6.8781e+007
6.92834e+007
6.97557e+007
7.01982e+007
7.0611e+007
7.09944e+007
7.13484e+007
7.16732e+007
7.19688e+007
7.22352e+007
7.24727e+007
7.26811e+007
7.28607e+007
7.30114e+007
7.31335e+007
7.32271e+007
7.32924e+007
7.33295e+007
7.33389e+007
7.33208e+007
7.32757e+007
7.32042e+007
7.31069e+007
7.29842e+007
7.28363e+007
7.26637e+007
7.24668e+007
7.22461e+007
7.2002e+007
7.17353e+007
7.14468e+007
7.11373e+007
7.08077e+007
7.04591e+007
7.00923e+007
6.97088e+007
6.931e+007
6.88975e+007
6.84733e+007
6.80398e+007
6.75997e+007
6.71563e+007
6.67132e+007
6.62747e+007
6.58459e+007
6.54325e+007
6.5041e+007
6.46788e+007
6.43541e+007
6.40747e+007
6.38478e+007
6.36812e+007
6.35828e+007
6.35612e+007
6.3625e+007
6.37832e+007
6.40442e+007
6.44161e+007
6.49056e+007
6.55184e+007
6.62593e+007
6.71319e+007
6.81386e+007
6.92807e+007
7.05585e+007
7.19713e+007
7.35177e+007
7.51955e+007
7.70023e+007
7.89353e+007
8.09913e+007
8.31677e+007
8.54616e+007
8.78707e+007
9.0393e+007
9.30268e+007
9.57674e+007
9.86084e+007
1.01543e+008
1.04564e+008
1.07666e+008
1.10841e+008
1.14084e+008
1.17389e+008
1.2075e+008
1.24161e+008
1.27617e+008
1.31109e+008
1.34629e+008
1.38171e+008
1.41729e+008
1.45296e+008
1.48866e+008
1.52435e+008
1.55995e+008
1.59543e+008
1.63072e+008
1.66579e+008
1.70059e+008
1.73508e+008
1.76922e+008
1.80296e+008
1.83628e+008
1.86915e+008
1.90155e+008
1.93346e+008
1.96487e+008
1.99578e+008
2.02615e+008
2.05593e+008
2.08505e+008
2.11345e+008
2.14108e+008
2.16788e+008
2.19382e+008
2.21884e+008
2.24291e+008
2.26598e+008
2.28801e+008
2.30897e+008
2.32882e+008
2.34751e+008
2.36498e+008
2.38116e+008
2.39599e+008
2.40941e+008
2.42136e+008
2.43177e+008
2.44059e+008
2.44776e+008
2.45322e+008
2.45693e+008
2.45882e+008
2.45886e+008
2.45701e+008
2.45324e+008
2.44754e+008
2.4399e+008
2.43035e+008
2.4189e+008
2.40561e+008
2.39045e+008
2.3733e+008
2.35406e+008
2.33262e+008
2.3089e+008
2.28284e+008
2.2544e+008
2.22358e+008
2.19041e+008
2.15497e+008
2.11744e+008
2.07809e+008
2.03733e+008
1.99578e+008
1.95435e+008
1.91441e+008
1.87797e+008
1.84802e+008
1.82912e+008
1.8286e+008
1.85878e+008
1.94198e+008
2.12353e+008
2.51268e+008
3.41747e+008
6.30042e+008
1.57112e+008
7.97999e+007
5.89682e+007
5.04295e+007
4.66006e+007
4.49348e+007
4.44201e+007
4.45715e+007
4.51257e+007
4.59275e+007
4.68799e+007
4.79198e+007
4.90055e+007
5.01087e+007
5.12102e+007
5.22973e+007
5.33615e+007
5.43971e+007
5.54009e+007
5.63709e+007
5.73062e+007
5.82068e+007
5.90727e+007
5.99046e+007
6.0703e+007
6.14681e+007
6.22005e+007
6.29006e+007
6.3569e+007
6.42061e+007
6.48123e+007
6.53881e+007
6.59338e+007
6.64498e+007
6.69363e+007
6.73936e+007
6.7822e+007
6.82217e+007
6.85929e+007
6.89356e+007
6.925e+007
6.95361e+007
6.9794e+007
7.00238e+007
7.02256e+007
7.03994e+007
7.05454e+007
7.06637e+007
7.07545e+007
7.08178e+007
7.0854e+007
7.08633e+007
7.0846e+007
7.08027e+007
7.07337e+007
7.06397e+007
7.05209e+007
7.03777e+007
7.02105e+007
7.00198e+007
6.98059e+007
6.95695e+007
6.93112e+007
6.90317e+007
6.87319e+007
6.84127e+007
6.8075e+007
6.77198e+007
6.73485e+007
6.69625e+007
6.65634e+007
6.61532e+007
6.57341e+007
6.5309e+007
6.48808e+007
6.44531e+007
6.40302e+007
6.36169e+007
6.32185e+007
6.28413e+007
6.24922e+007
6.21789e+007
6.19089e+007
6.16891e+007
6.15274e+007
6.14317e+007
6.14105e+007
6.14722e+007
6.16256e+007
6.1879e+007
6.22399e+007
6.27152e+007
6.33105e+007
6.40304e+007
6.48784e+007
6.58568e+007
6.69667e+007
6.82083e+007
6.95806e+007
7.1082e+007
7.27103e+007
7.44626e+007
7.63362e+007
7.83278e+007
8.04345e+007
8.26534e+007
8.49817e+007
8.7417e+007
8.99571e+007
9.25968e+007
9.53302e+007
9.81514e+007
1.01054e+008
1.04033e+008
1.07081e+008
1.10194e+008
1.13365e+008
1.1659e+008
1.19862e+008
1.23176e+008
1.26525e+008
1.29901e+008
1.333e+008
1.36714e+008
1.40139e+008
1.43569e+008
1.46998e+008
1.50422e+008
1.53836e+008
1.57234e+008
1.60613e+008
1.63969e+008
1.67296e+008
1.70592e+008
1.73853e+008
1.77076e+008
1.80258e+008
1.83397e+008
1.8649e+008
1.89537e+008
1.92535e+008
1.95482e+008
1.98371e+008
2.01198e+008
2.03957e+008
2.06642e+008
2.09249e+008
2.11773e+008
2.14209e+008
2.16554e+008
2.18803e+008
2.20951e+008
2.22995e+008
2.24931e+008
2.26753e+008
2.28455e+008
2.3003e+008
2.31474e+008
2.32779e+008
2.3394e+008
2.3495e+008
2.35805e+008
2.36497e+008
2.37023e+008
2.37376e+008
2.37553e+008
2.37549e+008
2.37361e+008
2.36987e+008
2.36425e+008
2.35676e+008
2.34739e+008
2.33619e+008
2.32317e+008
2.3083e+008
2.29151e+008
2.27271e+008
2.25183e+008
2.22882e+008
2.20364e+008
2.17629e+008
2.14679e+008
2.11521e+008
2.08167e+008
2.04638e+008
2.00967e+008
1.97201e+008
1.93407e+008
1.89684e+008
1.86174e+008
1.83087e+008
1.80731e+008
1.79576e+008
1.80371e+008
1.84384e+008
1.93945e+008
2.13862e+008
2.55881e+008
3.49374e+008
6.6812e+008
1.5753e+008
7.91892e+007
5.93079e+007
5.05682e+007
4.65263e+007
4.46735e+007
4.40015e+007
4.40223e+007
4.44687e+007
4.51813e+007
4.60596e+007
4.70375e+007
4.80707e+007
4.9129e+007
5.01917e+007
5.12449e+007
5.2279e+007
5.32878e+007
5.42674e+007
5.52153e+007
5.61304e+007
5.70121e+007
5.78605e+007
5.86759e+007
5.94587e+007
6.0209e+007
6.09275e+007
6.16144e+007
6.22702e+007
6.28954e+007
6.34903e+007
6.40554e+007
6.45909e+007
6.50973e+007
6.55747e+007
6.60235e+007
6.64439e+007
6.68361e+007
6.72002e+007
6.75364e+007
6.78448e+007
6.81254e+007
6.83784e+007
6.86038e+007
6.88017e+007
6.89722e+007
6.91155e+007
6.92315e+007
6.93206e+007
6.93827e+007
6.94183e+007
6.94275e+007
6.94107e+007
6.93682e+007
6.93006e+007
6.92083e+007
6.90916e+007
6.8951e+007
6.87867e+007
6.85992e+007
6.83891e+007
6.81569e+007
6.79032e+007
6.76287e+007
6.73343e+007
6.70209e+007
6.66893e+007
6.63407e+007
6.59764e+007
6.55977e+007
6.52063e+007
6.48043e+007
6.43937e+007
6.39774e+007
6.35582e+007
6.31398e+007
6.27262e+007
6.2322e+007
6.19326e+007
6.1564e+007
6.12229e+007
6.09167e+007
6.06526e+007
6.04376e+007
6.02795e+007
6.01863e+007
6.01664e+007
6.02285e+007
6.03809e+007
6.06321e+007
6.09895e+007
6.14597e+007
6.20486e+007
6.27607e+007
6.35992e+007
6.45663e+007
6.5663e+007
6.6889e+007
6.82433e+007
6.97237e+007
7.1328e+007
7.3053e+007
7.48955e+007
7.68524e+007
7.89203e+007
8.10961e+007
8.3377e+007
8.57602e+007
8.82431e+007
9.08205e+007
9.34867e+007
9.62362e+007
9.90636e+007
1.01963e+008
1.0493e+008
1.07958e+008
1.11042e+008
1.14178e+008
1.17359e+008
1.20581e+008
1.23836e+008
1.2712e+008
1.30425e+008
1.33748e+008
1.37081e+008
1.40422e+008
1.43763e+008
1.47102e+008
1.50432e+008
1.53749e+008
1.5705e+008
1.6033e+008
1.63585e+008
1.66812e+008
1.70006e+008
1.73166e+008
1.76288e+008
1.7937e+008
1.82409e+008
1.85403e+008
1.88352e+008
1.91251e+008
1.94095e+008
1.96879e+008
1.99596e+008
2.02243e+008
2.04814e+008
2.07305e+008
2.09712e+008
2.12028e+008
2.14251e+008
2.16376e+008
2.18398e+008
2.20312e+008
2.22113e+008
2.23795e+008
2.25351e+008
2.26776e+008
2.28064e+008
2.29207e+008
2.30201e+008
2.3104e+008
2.31717e+008
2.32227e+008
2.32567e+008
2.32731e+008
2.32716e+008
2.32519e+008
2.32137e+008
2.31571e+008
2.30819e+008
2.29883e+008
2.28765e+008
2.27468e+008
2.25989e+008
2.24321e+008
2.22459e+008
2.20397e+008
2.18133e+008
2.15665e+008
2.12995e+008
2.10128e+008
2.07072e+008
2.03843e+008
2.00465e+008
1.96972e+008
1.93414e+008
1.89861e+008
1.86412e+008
1.83209e+008
1.80456e+008
1.78452e+008
1.77649e+008
1.7877e+008
1.83043e+008
1.92766e+008
2.12808e+008
2.55508e+008
3.5026e+008
6.82409e+008
1.56792e+008
7.83763e+007
5.94457e+007
5.06505e+007
4.65145e+007
4.45739e+007
4.38262e+007
4.37834e+007
4.41768e+007
4.48454e+007
4.56871e+007
4.66343e+007
4.76416e+007
4.86779e+007
4.97217e+007
5.07585e+007
5.17782e+007
5.27742e+007
5.37424e+007
5.468e+007
5.55858e+007
5.64589e+007
5.72994e+007
5.81074e+007
5.88832e+007
5.96271e+007
6.03394e+007
6.10205e+007
6.16709e+007
6.22909e+007
6.28809e+007
6.34412e+007
6.39723e+007
6.44745e+007
6.49479e+007
6.53929e+007
6.58097e+007
6.61985e+007
6.65595e+007
6.68927e+007
6.71983e+007
6.74764e+007
6.77271e+007
6.79505e+007
6.81466e+007
6.83156e+007
6.84575e+007
6.85725e+007
6.86607e+007
6.87223e+007
6.87575e+007
6.87666e+007
6.87499e+007
6.87077e+007
6.86405e+007
6.85489e+007
6.8433e+007
6.82933e+007
6.81301e+007
6.79439e+007
6.77352e+007
6.75046e+007
6.72527e+007
6.69803e+007
6.66881e+007
6.63771e+007
6.60482e+007
6.57024e+007
6.53412e+007
6.49658e+007
6.4578e+007
6.41797e+007
6.37732e+007
6.33611e+007
6.29463e+007
6.25323e+007
6.21232e+007
6.17236e+007
6.13387e+007
6.09744e+007
6.06373e+007
6.03348e+007
6.00738e+007
5.98616e+007
5.97059e+007
5.96149e+007
5.95971e+007
5.96611e+007
5.98156e+007
6.00687e+007
6.04281e+007
6.09005e+007
6.14917e+007
6.22061e+007
6.30469e+007
6.40161e+007
6.51142e+007
6.63408e+007
6.76944e+007
6.91726e+007
7.07726e+007
7.2491e+007
7.43244e+007
7.62692e+007
7.8322e+007
8.04794e+007
8.27384e+007
8.50961e+007
8.75496e+007
9.00937e+007
9.2723e+007
9.54323e+007
9.82164e+007
1.0107e+008
1.03988e+008
1.06966e+008
1.09998e+008
1.13081e+008
1.16207e+008
1.19373e+008
1.22573e+008
1.25801e+008
1.29051e+008
1.32319e+008
1.356e+008
1.38889e+008
1.4218e+008
1.4547e+008
1.48754e+008
1.52028e+008
1.55287e+008
1.58528e+008
1.61746e+008
1.64938e+008
1.68101e+008
1.71231e+008
1.74326e+008
1.77382e+008
1.80399e+008
1.83373e+008
1.86304e+008
1.89186e+008
1.92015e+008
1.94785e+008
1.97491e+008
2.00129e+008
2.02692e+008
2.05178e+008
2.07579e+008
2.09893e+008
2.12114e+008
2.14237e+008
2.16258e+008
2.18171e+008
2.19971e+008
2.21651e+008
2.23206e+008
2.24628e+008
2.25912e+008
2.27051e+008
2.2804e+008
2.28871e+008
2.29539e+008
2.3004e+008
2.30368e+008
2.3052e+008
2.30491e+008
2.3028e+008
2.29885e+008
2.29304e+008
2.28538e+008
2.27589e+008
2.26459e+008
2.25151e+008
2.23663e+008
2.21989e+008
2.20125e+008
2.18068e+008
2.15815e+008
2.13369e+008
2.1073e+008
2.07907e+008
2.04909e+008
2.01754e+008
1.98467e+008
1.95082e+008
1.91649e+008
1.88237e+008
1.84941e+008
1.81894e+008
1.79285e+008
1.77383e+008
1.76595e+008
1.77554e+008
1.81324e+008
1.89864e+008
2.07329e+008
2.44437e+008
3.28976e+008
6.08874e+008
1.56891e+008
7.84125e+007
5.94728e+007
5.06694e+007
4.65285e+007
4.45846e+007
4.38344e+007
4.37896e+007
4.41812e+007
4.48482e+007
4.56884e+007
4.66343e+007
4.76404e+007
4.86756e+007
4.97185e+007
5.07546e+007
5.17738e+007
5.27695e+007
5.37375e+007
5.46752e+007
5.55811e+007
5.64545e+007
5.72954e+007
5.81039e+007
5.88802e+007
5.96246e+007
6.03375e+007
6.10192e+007
6.16701e+007
6.22906e+007
6.2881e+007
6.34418e+007
6.39733e+007
6.44758e+007
6.49495e+007
6.53947e+007
6.58117e+007
6.62006e+007
6.65617e+007
6.6895e+007
6.72007e+007
6.74788e+007
6.77295e+007
6.79529e+007
6.8149e+007
6.83179e+007
6.84598e+007
6.85748e+007
6.86629e+007
6.87244e+007
6.87595e+007
6.87684e+007
6.87515e+007
6.87091e+007
6.86417e+007
6.85497e+007
6.84334e+007
6.82933e+007
6.81297e+007
6.7943e+007
6.77338e+007
6.75027e+007
6.72503e+007
6.69774e+007
6.66848e+007
6.63733e+007
6.6044e+007
6.5698e+007
6.53365e+007
6.4961e+007
6.45732e+007
6.41751e+007
6.37687e+007
6.33569e+007
6.29424e+007
6.25289e+007
6.21202e+007
6.17211e+007
6.13366e+007
6.09728e+007
6.06362e+007
6.03343e+007
6.0074e+007
5.98628e+007
5.97084e+007
5.96192e+007
5.96038e+007
5.96711e+007
5.98298e+007
6.00884e+007
6.04548e+007
6.09357e+007
6.15369e+007
6.22628e+007
6.31165e+007
6.40996e+007
6.52124e+007
6.6454e+007
6.78225e+007
6.93151e+007
7.09285e+007
7.26589e+007
7.45024e+007
7.64553e+007
7.85137e+007
8.06742e+007
8.29336e+007
8.52889e+007
8.77373e+007
9.02734e+007
9.2892e+007
9.55881e+007
9.83566e+007
1.01193e+008
1.04091e+008
1.07048e+008
1.10058e+008
1.13117e+008
1.1622e+008
1.19362e+008
1.22538e+008
1.25742e+008
1.2897e+008
1.32216e+008
1.35476e+008
1.38745e+008
1.42019e+008
1.45292e+008
1.48562e+008
1.51822e+008
1.55071e+008
1.58302e+008
1.61513e+008
1.647e+008
1.6786e+008
1.70988e+008
1.74084e+008
1.77143e+008
1.80164e+008
1.83144e+008
1.86081e+008
1.88973e+008
1.91812e+008
1.94594e+008
1.97314e+008
1.99966e+008
2.02545e+008
2.05046e+008
2.07465e+008
2.09796e+008
2.12035e+008
2.14176e+008
2.16214e+008
2.18143e+008
2.19959e+008
2.21654e+008
2.23222e+008
2.24656e+008
2.25949e+008
2.27095e+008
2.28088e+008
2.2892e+008
2.29586e+008
2.30082e+008
2.30401e+008
2.30541e+008
2.30498e+008
2.30269e+008
2.29853e+008
2.2925e+008
2.28461e+008
2.27488e+008
2.26333e+008
2.25002e+008
2.23491e+008
2.21796e+008
2.19913e+008
2.17841e+008
2.15579e+008
2.13128e+008
2.10492e+008
2.07679e+008
2.04701e+008
2.01575e+008
1.98325e+008
1.94986e+008
1.91605e+008
1.88246e+008
1.84996e+008
1.81976e+008
1.79348e+008
1.77343e+008
1.76292e+008
1.76689e+008
1.79308e+008
1.85433e+008
1.97328e+008
2.19187e+008
2.58152e+008
3.14152e+008
1.5783e+008
7.93039e+007
5.93884e+007
5.06246e+007
4.65682e+007
4.47057e+007
4.40265e+007
4.40413e+007
4.44823e+007
4.51901e+007
4.60638e+007
4.70376e+007
4.80672e+007
4.91223e+007
5.01824e+007
5.12335e+007
5.22661e+007
5.32739e+007
5.4253e+007
5.5201e+007
5.61165e+007
5.6999e+007
5.78485e+007
5.86653e+007
5.94496e+007
6.02016e+007
6.09217e+007
6.16103e+007
6.22677e+007
6.28944e+007
6.34908e+007
6.40572e+007
6.45938e+007
6.51012e+007
6.55795e+007
6.60289e+007
6.64498e+007
6.68424e+007
6.72068e+007
6.75432e+007
6.78517e+007
6.81324e+007
6.83855e+007
6.86109e+007
6.88087e+007
6.89792e+007
6.91223e+007
6.92382e+007
6.93271e+007
6.9389e+007
6.94242e+007
6.9433e+007
6.94156e+007
6.93725e+007
6.93041e+007
6.92109e+007
6.90931e+007
6.89513e+007
6.87856e+007
6.85968e+007
6.83852e+007
6.81514e+007
6.78962e+007
6.76202e+007
6.73245e+007
6.70097e+007
6.66771e+007
6.63276e+007
6.59627e+007
6.55837e+007
6.51923e+007
6.47905e+007
6.43805e+007
6.39649e+007
6.35467e+007
6.31295e+007
6.27171e+007
6.23143e+007
6.19262e+007
6.1559e+007
6.12193e+007
6.09147e+007
6.06526e+007
6.04402e+007
6.02858e+007
6.01977e+007
6.01849e+007
6.02566e+007
6.04219e+007
6.06895e+007
6.10677e+007
6.15635e+007
6.21826e+007
6.29293e+007
6.38067e+007
6.48159e+007
6.5957e+007
6.72286e+007
6.86281e+007
7.01523e+007
7.17972e+007
7.35586e+007
7.54322e+007
7.74137e+007
7.94991e+007
8.16847e+007
8.39672e+007
8.63438e+007
8.88116e+007
9.13654e+007
9.39998e+007
9.67098e+007
9.94905e+007
1.02337e+008
1.05245e+008
1.0821e+008
1.11228e+008
1.14294e+008
1.17404e+008
1.20554e+008
1.23737e+008
1.2695e+008
1.30186e+008
1.33442e+008
1.36713e+008
1.39994e+008
1.43281e+008
1.4657e+008
1.49855e+008
1.53134e+008
1.56401e+008
1.59654e+008
1.62887e+008
1.66098e+008
1.69283e+008
1.72438e+008
1.75561e+008
1.78649e+008
1.81699e+008
1.84711e+008
1.87681e+008
1.90607e+008
1.93482e+008
1.96301e+008
1.99058e+008
2.01749e+008
2.04366e+008
2.06907e+008
2.09364e+008
2.11733e+008
2.14009e+008
2.16186e+008
2.1826e+008
2.20224e+008
2.22073e+008
2.23799e+008
2.25396e+008
2.26856e+008
2.28171e+008
2.29336e+008
2.30342e+008
2.31184e+008
2.31855e+008
2.3235e+008
2.32664e+008
2.32792e+008
2.32732e+008
2.32482e+008
2.32041e+008
2.31408e+008
2.30586e+008
2.29578e+008
2.28388e+008
2.2702e+008
2.25473e+008
2.23742e+008
2.21824e+008
2.19718e+008
2.17423e+008
2.14942e+008
2.1228e+008
2.09445e+008
2.06448e+008
2.03306e+008
2.00043e+008
1.96691e+008
1.93293e+008
1.89905e+008
1.86607e+008
1.83501e+008
1.80723e+008
1.78455e+008
1.76947e+008
1.76546e+008
1.77741e+008
1.8122e+008
1.87914e+008
1.9887e+008
2.14301e+008
2.29917e+008
1.57617e+008
8.00012e+007
5.90994e+007
5.05215e+007
4.667e+007
4.49891e+007
4.44629e+007
4.46044e+007
4.51498e+007
4.59434e+007
4.68882e+007
4.79212e+007
4.90007e+007
5.00984e+007
5.11955e+007
5.2279e+007
5.33405e+007
5.43744e+007
5.53774e+007
5.63473e+007
5.72833e+007
5.81851e+007
5.90529e+007
5.9887e+007
6.06878e+007
6.14556e+007
6.21908e+007
6.28937e+007
6.35648e+007
6.42044e+007
6.4813e+007
6.53909e+007
6.59385e+007
6.6456e+007
6.69439e+007
6.74024e+007
6.78316e+007
6.8232e+007
6.86036e+007
6.89467e+007
6.92613e+007
6.95476e+007
6.98056e+007
7.00354e+007
7.02372e+007
7.0411e+007
7.05568e+007
7.06749e+007
7.07654e+007
7.08284e+007
7.0864e+007
7.08727e+007
7.08546e+007
7.08102e+007
7.074e+007
7.06445e+007
7.0524e+007
7.03788e+007
7.02095e+007
7.00164e+007
6.98001e+007
6.95612e+007
6.93004e+007
6.90186e+007
6.87165e+007
6.83953e+007
6.80558e+007
6.76992e+007
6.73269e+007
6.69402e+007
6.6541e+007
6.61312e+007
6.5713e+007
6.5289e+007
6.48624e+007
6.44365e+007
6.40154e+007
6.36039e+007
6.32074e+007
6.2832e+007
6.24849e+007
6.21738e+007
6.19065e+007
6.16905e+007
6.15341e+007
6.14462e+007
6.14361e+007
6.15133e+007
6.16874e+007
6.19679e+007
6.23634e+007
6.28812e+007
6.35271e+007
6.43055e+007
6.52191e+007
6.62689e+007
6.74543e+007
6.87735e+007
7.02231e+007
7.17993e+007
7.34974e+007
7.53125e+007
7.72397e+007
7.92743e+007
8.14119e+007
8.36488e+007
8.59815e+007
8.84073e+007
9.09238e+007
9.35255e+007
9.6207e+007
9.8963e+007
1.01789e+008
1.04679e+008
1.0763e+008
1.10638e+008
1.13698e+008
1.16806e+008
1.19959e+008
1.23152e+008
1.2638e+008
1.29637e+008
1.3292e+008
1.36222e+008
1.3954e+008
1.4287e+008
1.46206e+008
1.49546e+008
1.52883e+008
1.56215e+008
1.59537e+008
1.62844e+008
1.66134e+008
1.69402e+008
1.72644e+008
1.75858e+008
1.7904e+008
1.82188e+008
1.85299e+008
1.88371e+008
1.91404e+008
1.94394e+008
1.97334e+008
2.00219e+008
2.03042e+008
2.05798e+008
2.08482e+008
2.11086e+008
2.13607e+008
2.16039e+008
2.18376e+008
2.20612e+008
2.22743e+008
2.24762e+008
2.26664e+008
2.28441e+008
2.30084e+008
2.31586e+008
2.3294e+008
2.34137e+008
2.35169e+008
2.36031e+008
2.36714e+008
2.37214e+008
2.37526e+008
2.37644e+008
2.37567e+008
2.37292e+008
2.36818e+008
2.36147e+008
2.35282e+008
2.34227e+008
2.32987e+008
2.31569e+008
2.2997e+008
2.28186e+008
2.26214e+008
2.24052e+008
2.217e+008
2.19161e+008
2.1644e+008
2.13545e+008
2.10487e+008
2.07282e+008
2.03951e+008
2.00524e+008
1.97038e+008
1.93544e+008
1.90107e+008
1.86816e+008
1.83777e+008
1.81128e+008
1.79048e+008
1.77765e+008
1.7756e+008
1.78758e+008
1.81665e+008
1.8635e+008
1.92119e+008
1.96593e+008
1.55139e+008
7.97704e+007
5.85246e+007
5.0403e+007
4.69325e+007
4.55621e+007
4.52881e+007
4.56346e+007
4.63473e+007
4.72783e+007
4.83369e+007
4.94654e+007
5.06258e+007
5.17933e+007
5.29512e+007
5.40886e+007
5.51983e+007
5.62761e+007
5.73192e+007
5.83264e+007
5.92971e+007
6.02316e+007
6.11302e+007
6.19938e+007
6.28227e+007
6.36173e+007
6.4378e+007
6.51053e+007
6.57995e+007
6.6461e+007
6.70904e+007
6.76879e+007
6.82541e+007
6.87891e+007
6.92934e+007
6.97672e+007
7.02108e+007
7.06246e+007
7.10087e+007
7.13633e+007
7.16884e+007
7.19843e+007
7.22509e+007
7.24885e+007
7.2697e+007
7.28765e+007
7.30272e+007
7.31492e+007
7.32425e+007
7.33074e+007
7.33439e+007
7.33525e+007
7.33334e+007
7.3287e+007
7.32139e+007
7.31147e+007
7.29898e+007
7.28394e+007
7.2664e+007
7.24641e+007
7.22401e+007
7.19928e+007
7.17229e+007
7.14312e+007
7.11187e+007
7.07864e+007
7.04354e+007
7.00667e+007
6.96818e+007
6.92821e+007
6.88694e+007
6.84456e+007
6.80131e+007
6.75744e+007
6.71327e+007
6.66916e+007
6.62551e+007
6.58282e+007
6.54165e+007
6.50265e+007
6.46658e+007
6.43428e+007
6.40657e+007
6.38425e+007
6.36816e+007
6.35924e+007
6.35845e+007
6.36683e+007
6.38541e+007
6.41521e+007
6.45717e+007
6.51206e+007
6.58049e+007
6.66291e+007
6.75956e+007
6.8705e+007
6.99562e+007
7.13464e+007
7.28718e+007
7.45274e+007
7.63078e+007
7.82072e+007
8.02201e+007
8.2341e+007
8.45652e+007
8.68886e+007
8.9308e+007
9.18208e+007
9.44253e+007
9.71159e+007
9.98868e+007
1.02732e+008
1.05647e+008
1.08626e+008
1.11666e+008
1.14762e+008
1.1791e+008
1.21107e+008
1.2435e+008
1.27635e+008
1.30955e+008
1.34306e+008
1.37682e+008
1.4108e+008
1.44494e+008
1.4792e+008
1.51354e+008
1.54792e+008
1.58229e+008
1.61661e+008
1.65084e+008
1.68493e+008
1.71884e+008
1.75253e+008
1.78597e+008
1.81913e+008
1.85196e+008
1.88444e+008
1.91656e+008
1.94829e+008
1.97964e+008
2.01057e+008
2.04101e+008
2.07091e+008
2.10019e+008
2.12878e+008
2.15664e+008
2.18368e+008
2.20987e+008
2.23514e+008
2.25943e+008
2.28268e+008
2.30485e+008
2.32587e+008
2.34568e+008
2.36421e+008
2.38135e+008
2.39702e+008
2.41114e+008
2.42362e+008
2.43437e+008
2.44332e+008
2.45039e+008
2.45553e+008
2.45867e+008
2.45978e+008
2.45882e+008
2.45577e+008
2.45064e+008
2.44344e+008
2.43422e+008
2.42303e+008
2.40996e+008
2.39509e+008
2.3784e+008
2.35982e+008
2.33931e+008
2.31685e+008
2.29245e+008
2.26611e+008
2.2379e+008
2.20788e+008
2.17617e+008
2.1429e+008
2.10827e+008
2.07252e+008
2.03599e+008
1.9991e+008
1.9624e+008
1.92663e+008
1.89261e+008
1.86137e+008
1.83413e+008
1.81238e+008
1.79773e+008
1.79169e+008
1.79513e+008
1.80708e+008
1.82281e+008
1.83241e+008
1.49665e+008
7.79689e+007
5.76996e+007
5.04292e+007
4.75812e+007
4.66894e+007
4.67925e+007
4.74411e+007
4.83988e+007
4.95312e+007
5.07576e+007
5.20278e+007
5.33099e+007
5.45832e+007
5.58345e+007
5.70554e+007
5.82409e+007
5.93878e+007
6.04948e+007
6.15614e+007
6.25878e+007
6.35748e+007
6.45232e+007
6.54344e+007
6.63087e+007
6.71468e+007
6.79489e+007
6.87155e+007
6.94471e+007
7.01443e+007
7.08074e+007
7.14369e+007
7.20332e+007
7.25967e+007
7.31277e+007
7.36266e+007
7.40938e+007
7.45294e+007
7.49339e+007
7.53074e+007
7.56499e+007
7.59615e+007
7.62423e+007
7.64925e+007
7.67121e+007
7.69012e+007
7.70599e+007
7.71882e+007
7.72864e+007
7.73545e+007
7.73928e+007
7.74014e+007
7.73808e+007
7.73314e+007
7.72538e+007
7.71489e+007
7.70171e+007
7.68585e+007
7.66737e+007
7.6463e+007
7.6227e+007
7.59664e+007
7.5682e+007
7.53746e+007
7.50454e+007
7.46954e+007
7.43257e+007
7.39375e+007
7.35322e+007
7.31112e+007
7.26764e+007
7.22297e+007
7.17735e+007
7.13106e+007
7.0844e+007
7.03776e+007
6.99155e+007
6.94629e+007
6.90258e+007
6.86112e+007
6.82273e+007
6.78837e+007
6.75898e+007
6.73537e+007
6.71841e+007
6.70909e+007
6.70845e+007
6.71761e+007
6.73771e+007
6.76988e+007
6.81521e+007
6.87452e+007
6.94849e+007
7.03755e+007
7.14194e+007
7.26166e+007
7.39653e+007
7.54618e+007
7.71013e+007
7.88776e+007
8.07842e+007
8.28143e+007
8.49611e+007
8.72186e+007
8.95812e+007
9.20447e+007
9.46059e+007
9.72629e+007
1.00015e+008
1.02857e+008
1.05781e+008
1.08781e+008
1.11852e+008
1.14988e+008
1.18184e+008
1.21437e+008
1.24744e+008
1.281e+008
1.31503e+008
1.34951e+008
1.38437e+008
1.41954e+008
1.45497e+008
1.49062e+008
1.52645e+008
1.56241e+008
1.59845e+008
1.63453e+008
1.6706e+008
1.70663e+008
1.74256e+008
1.77835e+008
1.81396e+008
1.84935e+008
1.88447e+008
1.91928e+008
1.95376e+008
1.98787e+008
2.0216e+008
2.05494e+008
2.08789e+008
2.12044e+008
2.15253e+008
2.18407e+008
2.21497e+008
2.24516e+008
2.27458e+008
2.30316e+008
2.33083e+008
2.35754e+008
2.38322e+008
2.40782e+008
2.43128e+008
2.45354e+008
2.47455e+008
2.49421e+008
2.51242e+008
2.52908e+008
2.5441e+008
2.55736e+008
2.56879e+008
2.57828e+008
2.58576e+008
2.59117e+008
2.59443e+008
2.59551e+008
2.59436e+008
2.59097e+008
2.58534e+008
2.5775e+008
2.5675e+008
2.55545e+008
2.54146e+008
2.52566e+008
2.508e+008
2.48838e+008
2.46675e+008
2.44306e+008
2.4173e+008
2.3895e+008
2.35969e+008
2.32795e+008
2.29437e+008
2.25907e+008
2.22222e+008
2.18404e+008
2.14478e+008
2.10481e+008
2.06458e+008
2.02473e+008
1.98588e+008
1.94878e+008
1.91431e+008
1.88349e+008
1.85734e+008
1.83679e+008
1.82231e+008
1.81347e+008
1.80837e+008
1.80368e+008
1.41603e+008
7.49436e+007
5.69253e+007
5.10114e+007
4.91074e+007
4.89199e+007
4.95685e+007
5.06503e+007
5.19595e+007
5.33825e+007
5.48537e+007
5.63336e+007
5.77982e+007
5.92328e+007
6.06285e+007
6.19802e+007
6.32853e+007
6.45427e+007
6.57524e+007
6.69151e+007
6.8032e+007
6.91046e+007
7.01344e+007
7.11235e+007
7.20726e+007
7.2982e+007
7.38521e+007
7.46836e+007
7.5477e+007
7.62328e+007
7.69516e+007
7.76339e+007
7.82801e+007
7.88906e+007
7.9466e+007
8.00065e+007
8.05127e+007
8.09848e+007
8.14232e+007
8.1828e+007
8.21993e+007
8.25372e+007
8.28417e+007
8.31129e+007
8.3351e+007
8.35561e+007
8.37281e+007
8.38673e+007
8.39737e+007
8.40474e+007
8.40887e+007
8.40977e+007
8.40749e+007
8.40208e+007
8.39362e+007
8.38222e+007
8.36794e+007
8.35079e+007
8.3308e+007
8.30801e+007
8.28248e+007
8.25428e+007
8.22349e+007
8.19022e+007
8.15458e+007
8.1167e+007
8.07669e+007
8.03467e+007
7.99078e+007
7.94517e+007
7.89802e+007
7.84955e+007
7.80001e+007
7.74967e+007
7.69886e+007
7.64798e+007
7.59748e+007
7.5479e+007
7.49989e+007
7.45422e+007
7.41186e+007
7.37393e+007
7.34163e+007
7.31573e+007
7.29715e+007
7.28692e+007
7.28621e+007
7.29628e+007
7.31841e+007
7.35392e+007
7.40411e+007
7.46996e+007
7.55219e+007
7.6513e+007
7.76747e+007
7.90063e+007
8.05052e+007
8.21667e+007
8.39843e+007
8.59505e+007
8.80572e+007
9.02959e+007
9.26584e+007
9.51374e+007
9.77264e+007
1.00421e+008
1.03217e+008
1.06114e+008
1.09114e+008
1.12213e+008
1.154e+008
1.18667e+008
1.22007e+008
1.25414e+008
1.28882e+008
1.3241e+008
1.35992e+008
1.39626e+008
1.4331e+008
1.4704e+008
1.50814e+008
1.54619e+008
1.58452e+008
1.62308e+008
1.66181e+008
1.70067e+008
1.73962e+008
1.77861e+008
1.81759e+008
1.85651e+008
1.89533e+008
1.93399e+008
1.97245e+008
2.01065e+008
2.04856e+008
2.08613e+008
2.12332e+008
2.16011e+008
2.19647e+008
2.2324e+008
2.26794e+008
2.30312e+008
2.33786e+008
2.37202e+008
2.40552e+008
2.43826e+008
2.47016e+008
2.50115e+008
2.53117e+008
2.56015e+008
2.58801e+008
2.61471e+008
2.64017e+008
2.66434e+008
2.6872e+008
2.70862e+008
2.72851e+008
2.74673e+008
2.76317e+008
2.77769e+008
2.7902e+008
2.8006e+008
2.80879e+008
2.81471e+008
2.81827e+008
2.81941e+008
2.8181e+008
2.8143e+008
2.80803e+008
2.79932e+008
2.78825e+008
2.77496e+008
2.75965e+008
2.74255e+008
2.72354e+008
2.70244e+008
2.67914e+008
2.65359e+008
2.62575e+008
2.59565e+008
2.56331e+008
2.52879e+008
2.49218e+008
2.45358e+008
2.41311e+008
2.37096e+008
2.32733e+008
2.28252e+008
2.23692e+008
2.19111e+008
2.14554e+008
2.10079e+008
2.05753e+008
2.01656e+008
1.97873e+008
1.94494e+008
1.91595e+008
1.89232e+008
1.87427e+008
1.86173e+008
1.31582e+008
7.15829e+007
5.70044e+007
5.31452e+007
5.2652e+007
5.35044e+007
5.49543e+007
5.66747e+007
5.85072e+007
6.03697e+007
6.22177e+007
6.40266e+007
6.57828e+007
6.74795e+007
6.91135e+007
7.06838e+007
7.21912e+007
7.36371e+007
7.50233e+007
7.63521e+007
7.76259e+007
7.88473e+007
8.0019e+007
8.11444e+007
8.22244e+007
8.32589e+007
8.42486e+007
8.5194e+007
8.60958e+007
8.69548e+007
8.77716e+007
8.85469e+007
8.92811e+007
8.99748e+007
9.06285e+007
9.12426e+007
9.18177e+007
9.23543e+007
9.28529e+007
9.33135e+007
9.37359e+007
9.41204e+007
9.44669e+007
9.47756e+007
9.50466e+007
9.528e+007
9.54759e+007
9.56345e+007
9.57557e+007
9.58398e+007
9.58868e+007
9.5897e+007
9.58708e+007
9.58089e+007
9.57123e+007
9.55829e+007
9.54217e+007
9.52283e+007
9.50028e+007
9.47456e+007
9.44573e+007
9.41386e+007
9.37905e+007
9.3414e+007
9.30106e+007
9.25819e+007
9.21289e+007
9.16529e+007
9.11553e+007
9.06376e+007
9.01017e+007
8.955e+007
8.8985e+007
8.84098e+007
8.7828e+007
8.72438e+007
8.66621e+007
8.60889e+007
8.55314e+007
8.49987e+007
8.4502e+007
8.40564e+007
8.36797e+007
8.33782e+007
8.31605e+007
8.30383e+007
8.30252e+007
8.31359e+007
8.33859e+007
8.37911e+007
8.43681e+007
8.51305e+007
8.60865e+007
8.72416e+007
8.85972e+007
9.01515e+007
9.19005e+007
9.38381e+007
9.59561e+007
9.82448e+007
1.00693e+008
1.03291e+008
1.06027e+008
1.08892e+008
1.11879e+008
1.14979e+008
1.18191e+008
1.21515e+008
1.24958e+008
1.2852e+008
1.32183e+008
1.35934e+008
1.39762e+008
1.43662e+008
1.47629e+008
1.51657e+008
1.55743e+008
1.59884e+008
1.64078e+008
1.68324e+008
1.7262e+008
1.76951e+008
1.8131e+008
1.85692e+008
1.90091e+008
1.94504e+008
1.98923e+008
2.03345e+008
2.07764e+008
2.12174e+008
2.1657e+008
2.20946e+008
2.25297e+008
2.29617e+008
2.33901e+008
2.38143e+008
2.4234e+008
2.46486e+008
2.5058e+008
2.54624e+008
2.58622e+008
2.62594e+008
2.66525e+008
2.70394e+008
2.74189e+008
2.77896e+008
2.81508e+008
2.85017e+008
2.88415e+008
2.91696e+008
2.9485e+008
2.97872e+008
3.00753e+008
3.03488e+008
3.06079e+008
3.08517e+008
3.10786e+008
3.12872e+008
3.14758e+008
3.16427e+008
3.17866e+008
3.19066e+008
3.20016e+008
3.20706e+008
3.21128e+008
3.21273e+008
3.21136e+008
3.20713e+008
3.20003e+008
3.1901e+008
3.17744e+008
3.16226e+008
3.14491e+008
3.1259e+008
3.1049e+008
3.08156e+008
3.05567e+008
3.02712e+008
2.99588e+008
2.96195e+008
2.92535e+008
2.88612e+008
2.84433e+008
2.80005e+008
2.75337e+008
2.70443e+008
2.65339e+008
2.60046e+008
2.54606e+008
2.49072e+008
2.43477e+008
2.37865e+008
2.32297e+008
2.26848e+008
2.21614e+008
2.16712e+008
2.1228e+008
2.08483e+008
2.05516e+008
2.03603e+008
1.19561e+008
6.92568e+007
6.02016e+007
5.96441e+007
6.14006e+007
6.39144e+007
6.66591e+007
6.94314e+007
7.21466e+007
7.47689e+007
7.72844e+007
7.96892e+007
8.19845e+007
8.4174e+007
8.62622e+007
8.82545e+007
9.0156e+007
9.19717e+007
9.37063e+007
9.53644e+007
9.69502e+007
9.84679e+007
9.99226e+007
1.01321e+008
1.02663e+008
1.03949e+008
1.05178e+008
1.06352e+008
1.07471e+008
1.08537e+008
1.09551e+008
1.10514e+008
1.11426e+008
1.12287e+008
1.13099e+008
1.13862e+008
1.14577e+008
1.15244e+008
1.15865e+008
1.16438e+008
1.16965e+008
1.17444e+008
1.17875e+008
1.1826e+008
1.18598e+008
1.18889e+008
1.19134e+008
1.19332e+008
1.19484e+008
1.1959e+008
1.19649e+008
1.19663e+008
1.19631e+008
1.19555e+008
1.19435e+008
1.19276e+008
1.1908e+008
1.18844e+008
1.18569e+008
1.18255e+008
1.17903e+008
1.17513e+008
1.17086e+008
1.16623e+008
1.16127e+008
1.156e+008
1.15042e+008
1.14456e+008
1.13841e+008
1.132e+008
1.12535e+008
1.11849e+008
1.11143e+008
1.10423e+008
1.09691e+008
1.08953e+008
1.08215e+008
1.07483e+008
1.06766e+008
1.06075e+008
1.05425e+008
1.04837e+008
1.04347e+008
1.03953e+008
1.03663e+008
1.03491e+008
1.03455e+008
1.03574e+008
1.03868e+008
1.04357e+008
1.05066e+008
1.06017e+008
1.07221e+008
1.08685e+008
1.10408e+008
1.12387e+008
1.14616e+008
1.17087e+008
1.1979e+008
1.2271e+008
1.25833e+008
1.29144e+008
1.32627e+008
1.36268e+008
1.40057e+008
1.43983e+008
1.48041e+008
1.52232e+008
1.56574e+008
1.61093e+008
1.6574e+008
1.70489e+008
1.75328e+008
1.80249e+008
1.85244e+008
1.90309e+008
1.9544e+008
2.00632e+008
2.05882e+008
2.11189e+008
2.16559e+008
2.21974e+008
2.27417e+008
2.32881e+008
2.38361e+008
2.43849e+008
2.49341e+008
2.5483e+008
2.60309e+008
2.65772e+008
2.71212e+008
2.76622e+008
2.81994e+008
2.87321e+008
2.92596e+008
2.97813e+008
3.02965e+008
3.08046e+008
3.13053e+008
3.17987e+008
3.22863e+008
3.2772e+008
3.32552e+008
3.37311e+008
3.41973e+008
3.46523e+008
3.50951e+008
3.55251e+008
3.59412e+008
3.63428e+008
3.67289e+008
3.70985e+008
3.74504e+008
3.7784e+008
3.81004e+008
3.84003e+008
3.86809e+008
3.89408e+008
3.91767e+008
3.93858e+008
3.9567e+008
3.97195e+008
3.98419e+008
3.9933e+008
3.99916e+008
4.00165e+008
4.00067e+008
3.99614e+008
3.98803e+008
3.97633e+008
3.96116e+008
3.94279e+008
3.92189e+008
3.89988e+008
3.87575e+008
3.84863e+008
3.81817e+008
3.78419e+008
3.74665e+008
3.70551e+008
3.6608e+008
3.6125e+008
3.56066e+008
3.5053e+008
3.44646e+008
3.38422e+008
3.31868e+008
3.24997e+008
3.17871e+008
3.10541e+008
3.03019e+008
2.95344e+008
2.87582e+008
2.79827e+008
2.72211e+008
2.64914e+008
2.58172e+008
2.52297e+008
2.47691e+008
2.44871e+008
1.01515e+008
7.39365e+007
7.61203e+007
8.20591e+007
8.82684e+007
9.41756e+007
9.96655e+007
1.04756e+008
1.09487e+008
1.13898e+008
1.18027e+008
1.21902e+008
1.25551e+008
1.28995e+008
1.32253e+008
1.35341e+008
1.38272e+008
1.41059e+008
1.43713e+008
1.46241e+008
1.48654e+008
1.50957e+008
1.53161e+008
1.55282e+008
1.57321e+008
1.59271e+008
1.61135e+008
1.62915e+008
1.64613e+008
1.6623e+008
1.6777e+008
1.69232e+008
1.70619e+008
1.7193e+008
1.73167e+008
1.74329e+008
1.75419e+008
1.76439e+008
1.77388e+008
1.78268e+008
1.79075e+008
1.7981e+008
1.80472e+008
1.81062e+008
1.81582e+008
1.8203e+008
1.82408e+008
1.82715e+008
1.82951e+008
1.83117e+008
1.83214e+008
1.83241e+008
1.832e+008
1.8309e+008
1.82914e+008
1.82678e+008
1.82396e+008
1.82055e+008
1.81654e+008
1.81195e+008
1.80678e+008
1.80104e+008
1.79474e+008
1.7879e+008
1.78053e+008
1.77269e+008
1.76439e+008
1.75562e+008
1.74641e+008
1.73674e+008
1.72665e+008
1.71618e+008
1.70536e+008
1.69423e+008
1.68286e+008
1.67131e+008
1.65965e+008
1.648e+008
1.63647e+008
1.6252e+008
1.61439e+008
1.60436e+008
1.59618e+008
1.58944e+008
1.58418e+008
1.58067e+008
1.57923e+008
1.58017e+008
1.58381e+008
1.59037e+008
1.60035e+008
1.61431e+008
1.63234e+008
1.65461e+008
1.68108e+008
1.7116e+008
1.74615e+008
1.78464e+008
1.8269e+008
1.8727e+008
1.9218e+008
1.97394e+008
2.02885e+008
2.08629e+008
2.14605e+008
2.20793e+008
2.27177e+008
2.33747e+008
2.40541e+008
2.47701e+008
2.55046e+008
2.62533e+008
2.70142e+008
2.77862e+008
2.85684e+008
2.93598e+008
3.01597e+008
3.09671e+008
3.17813e+008
3.26021e+008
3.34305e+008
3.42676e+008
3.51069e+008
3.59478e+008
3.67892e+008
3.76298e+008
3.84689e+008
3.93057e+008
4.01391e+008
4.09683e+008
4.17921e+008
4.26094e+008
4.34192e+008
4.42203e+008
4.50116e+008
4.5792e+008
4.65604e+008
4.73156e+008
4.80568e+008
4.87835e+008
4.94977e+008
5.02109e+008
5.09268e+008
5.16293e+008
5.23144e+008
5.2981e+008
5.36281e+008
5.42547e+008
5.48602e+008
5.54437e+008
5.60043e+008
5.65407e+008
5.70497e+008
5.75289e+008
5.79841e+008
5.84217e+008
5.88348e+008
5.92239e+008
5.95803e+008
5.98968e+008
6.01755e+008
6.04161e+008
6.06168e+008
6.07755e+008
6.08901e+008
6.09585e+008
6.09786e+008
6.09485e+008
6.08666e+008
6.07316e+008
6.05431e+008
6.03023e+008
6.00206e+008
5.97501e+008
5.94506e+008
5.91e+008
5.86926e+008
5.82263e+008
5.76999e+008
5.71124e+008
5.6463e+008
5.57508e+008
5.49752e+008
5.4135e+008
5.32291e+008
5.22576e+008
5.12215e+008
5.01192e+008
4.89687e+008
4.77697e+008
4.65202e+008
4.52247e+008
4.38943e+008
4.25459e+008
4.12039e+008
3.99032e+008
3.86915e+008
3.76301e+008
3.68013e+008
3.63153e+008
1.03429e+008
1.53208e+008
1.91533e+008
2.20494e+008
2.44178e+008
2.64458e+008
2.82276e+008
2.98236e+008
3.12734e+008
3.26036e+008
3.38329e+008
3.49758e+008
3.60431e+008
3.70438e+008
3.79851e+008
3.8873e+008
3.97125e+008
4.05077e+008
4.12622e+008
4.19793e+008
4.26617e+008
4.33115e+008
4.39307e+008
4.45237e+008
4.50912e+008
4.56334e+008
4.61517e+008
4.66473e+008
4.7121e+008
4.75736e+008
4.80057e+008
4.84176e+008
4.88097e+008
4.91821e+008
4.95349e+008
4.98683e+008
5.01819e+008
5.04758e+008
5.07502e+008
5.10043e+008
5.1238e+008
5.14514e+008
5.16445e+008
5.1817e+008
5.19691e+008
5.21007e+008
5.22122e+008
5.23036e+008
5.23754e+008
5.24277e+008
5.24609e+008
5.24754e+008
5.24716e+008
5.24498e+008
5.24104e+008
5.23549e+008
5.22842e+008
5.21967e+008
5.20928e+008
5.19731e+008
5.18376e+008
5.16864e+008
5.15193e+008
5.13361e+008
5.11379e+008
5.09261e+008
5.07009e+008
5.04621e+008
5.02085e+008
4.99394e+008
4.96555e+008
4.93576e+008
4.90463e+008
4.87225e+008
4.83877e+008
4.80435e+008
4.76921e+008
4.7336e+008
4.69787e+008
4.66237e+008
4.62751e+008
4.5938e+008
4.56341e+008
4.53582e+008
4.51182e+008
4.49241e+008
4.47867e+008
4.47172e+008
4.4728e+008
4.48316e+008
4.50378e+008
4.53572e+008
4.58014e+008
4.63714e+008
4.70723e+008
4.79081e+008
4.88782e+008
4.99797e+008
5.12085e+008
5.25589e+008
5.40243e+008
5.55973e+008
5.72698e+008
5.90335e+008
6.088e+008
6.28011e+008
6.47893e+008
6.68381e+008
6.89471e+008
7.11279e+008
7.33464e+008
7.56003e+008
7.78871e+008
8.0203e+008
8.25442e+008
8.49072e+008
8.72883e+008
8.96838e+008
9.20881e+008
9.44974e+008
9.69184e+008
9.93603e+008
1.01809e+009
1.04258e+009
1.06698e+009
1.09121e+009
1.11529e+009
1.1392e+009
1.16292e+009
1.18642e+009
1.20967e+009
1.23263e+009
1.25528e+009
1.27759e+009
1.29952e+009
1.32104e+009
1.34213e+009
1.36274e+009
1.38284e+009
1.40238e+009
1.42131e+009
1.43986e+009
1.45799e+009
1.47549e+009
1.49233e+009
1.50853e+009
1.52408e+009
1.53899e+009
1.55325e+009
1.56686e+009
1.57986e+009
1.59225e+009
1.6041e+009
1.61544e+009
1.62623e+009
1.63658e+009
1.64648e+009
1.6558e+009
1.66463e+009
1.67302e+009
1.68092e+009
1.6883e+009
1.69512e+009
1.70133e+009
1.70689e+009
1.71175e+009
1.71583e+009
1.71904e+009
1.72128e+009
1.72245e+009
1.72242e+009
1.72107e+009
1.71833e+009
1.71505e+009
1.71024e+009
1.70364e+009
1.69522e+009
1.68492e+009
1.67266e+009
1.65836e+009
1.64194e+009
1.62333e+009
1.60244e+009
1.57917e+009
1.55335e+009
1.52499e+009
1.49428e+009
1.46111e+009
1.4262e+009
1.3892e+009
1.34997e+009
1.30863e+009
1.26573e+009
1.22193e+009
1.17823e+009
1.13601e+009
1.09719e+009
1.06393e+009
1.03957e+009
1.02412e+009
)
;

boundaryField
{
    walls
    {
        Cmu             0.09;
        kappa           0.41;
        E               9.8;
        beta1           0.075;
        blended         false;
        type            omegaWallFunction;
        value           nonuniform List<scalar> 
400
(
1.01559e+008
1.51138e+008
1.8922e+008
2.1798e+008
2.41463e+008
2.61567e+008
2.7924e+008
2.95086e+008
3.09494e+008
3.22742e+008
3.35016e+008
3.46469e+008
3.57219e+008
3.67353e+008
3.76944e+008
3.86048e+008
3.9471e+008
4.02967e+008
4.10851e+008
4.18384e+008
4.25587e+008
4.32474e+008
4.39059e+008
4.45372e+008
4.51413e+008
4.57174e+008
4.62667e+008
4.67898e+008
4.72872e+008
4.77596e+008
4.82072e+008
4.86307e+008
4.90304e+008
4.94068e+008
4.97602e+008
5.00907e+008
5.03993e+008
5.06869e+008
5.09538e+008
5.12001e+008
5.14255e+008
5.16299e+008
5.18135e+008
5.19765e+008
5.2119e+008
5.2241e+008
5.23425e+008
5.24233e+008
5.24833e+008
5.25223e+008
5.25401e+008
5.25365e+008
5.25114e+008
5.24645e+008
5.23956e+008
5.23054e+008
5.21956e+008
5.20643e+008
5.1912e+008
5.17394e+008
5.15472e+008
5.13364e+008
5.11083e+008
5.08644e+008
5.06056e+008
5.03338e+008
5.00519e+008
4.97602e+008
4.94611e+008
4.91572e+008
4.88506e+008
4.85436e+008
4.82386e+008
4.79382e+008
4.76453e+008
4.73625e+008
4.7093e+008
4.68398e+008
4.66061e+008
4.63954e+008
4.62112e+008
4.60581e+008
4.59532e+008
4.58884e+008
4.58675e+008
4.5897e+008
4.59828e+008
4.61302e+008
4.6344e+008
4.66268e+008
4.69857e+008
4.74298e+008
4.79656e+008
4.859e+008
4.93025e+008
5.00988e+008
5.09772e+008
5.19378e+008
5.29785e+008
5.40967e+008
5.52894e+008
5.65536e+008
5.78861e+008
5.92842e+008
6.07451e+008
6.22665e+008
6.3846e+008
6.54809e+008
6.71689e+008
6.89373e+008
7.07668e+008
7.26505e+008
7.45896e+008
7.6585e+008
7.86369e+008
8.07453e+008
8.29101e+008
8.51313e+008
8.74092e+008
8.97434e+008
9.2129e+008
9.4569e+008
9.7056e+008
9.95718e+008
1.02122e+009
1.04704e+009
1.07313e+009
1.09942e+009
1.12585e+009
1.15237e+009
1.17893e+009
1.20547e+009
1.23196e+009
1.25835e+009
1.28457e+009
1.31059e+009
1.33636e+009
1.36183e+009
1.38696e+009
1.41169e+009
1.43601e+009
1.46017e+009
1.48392e+009
1.50709e+009
1.52969e+009
1.5517e+009
1.57309e+009
1.5938e+009
1.61381e+009
1.63307e+009
1.65152e+009
1.66911e+009
1.68575e+009
1.70129e+009
1.71585e+009
1.72958e+009
1.74236e+009
1.75408e+009
1.76453e+009
1.77347e+009
1.78088e+009
1.78674e+009
1.79097e+009
1.79351e+009
1.79428e+009
1.79322e+009
1.79027e+009
1.78539e+009
1.77851e+009
1.76961e+009
1.75863e+009
1.74554e+009
1.73024e+009
1.71318e+009
1.69484e+009
1.67452e+009
1.65224e+009
1.62809e+009
1.60219e+009
1.57463e+009
1.54551e+009
1.51492e+009
1.48297e+009
1.44976e+009
1.4154e+009
1.37975e+009
1.3423e+009
1.30349e+009
1.26318e+009
1.22076e+009
1.17573e+009
1.12722e+009
1.07396e+009
1.01423e+009
9.45454e+008
8.63872e+008
7.65557e+008
6.4152e+008
4.7891e+008
2.84211e+008
1.03429e+008
1.53208e+008
1.91533e+008
2.20494e+008
2.44178e+008
2.64458e+008
2.82276e+008
2.98236e+008
3.12734e+008
3.26036e+008
3.38329e+008
3.49758e+008
3.60431e+008
3.70438e+008
3.79851e+008
3.8873e+008
3.97125e+008
4.05077e+008
4.12622e+008
4.19793e+008
4.26617e+008
4.33115e+008
4.39307e+008
4.45237e+008
4.50912e+008
4.56334e+008
4.61517e+008
4.66473e+008
4.7121e+008
4.75736e+008
4.80057e+008
4.84176e+008
4.88097e+008
4.91821e+008
4.95349e+008
4.98683e+008
5.01819e+008
5.04758e+008
5.07502e+008
5.10043e+008
5.1238e+008
5.14514e+008
5.16445e+008
5.1817e+008
5.19691e+008
5.21007e+008
5.22122e+008
5.23036e+008
5.23754e+008
5.24277e+008
5.24609e+008
5.24754e+008
5.24716e+008
5.24498e+008
5.24104e+008
5.23549e+008
5.22842e+008
5.21967e+008
5.20928e+008
5.19731e+008
5.18376e+008
5.16864e+008
5.15193e+008
5.13361e+008
5.11379e+008
5.09261e+008
5.07009e+008
5.04621e+008
5.02085e+008
4.99394e+008
4.96555e+008
4.93576e+008
4.90463e+008
4.87225e+008
4.83877e+008
4.80435e+008
4.76921e+008
4.7336e+008
4.69787e+008
4.66237e+008
4.62751e+008
4.5938e+008
4.56341e+008
4.53582e+008
4.51182e+008
4.49241e+008
4.47867e+008
4.47172e+008
4.4728e+008
4.48316e+008
4.50378e+008
4.53572e+008
4.58014e+008
4.63714e+008
4.70723e+008
4.79081e+008
4.88782e+008
4.99797e+008
5.12085e+008
5.25589e+008
5.40243e+008
5.55973e+008
5.72698e+008
5.90335e+008
6.088e+008
6.28011e+008
6.47893e+008
6.68381e+008
6.89471e+008
7.11279e+008
7.33464e+008
7.56003e+008
7.78871e+008
8.0203e+008
8.25442e+008
8.49072e+008
8.72883e+008
8.96838e+008
9.20881e+008
9.44974e+008
9.69184e+008
9.93603e+008
1.01809e+009
1.04258e+009
1.06698e+009
1.09121e+009
1.11529e+009
1.1392e+009
1.16292e+009
1.18642e+009
1.20967e+009
1.23263e+009
1.25528e+009
1.27759e+009
1.29952e+009
1.32104e+009
1.34213e+009
1.36274e+009
1.38284e+009
1.40238e+009
1.42131e+009
1.43986e+009
1.45799e+009
1.47549e+009
1.49233e+009
1.50853e+009
1.52408e+009
1.53899e+009
1.55325e+009
1.56686e+009
1.57986e+009
1.59225e+009
1.6041e+009
1.61544e+009
1.62623e+009
1.63658e+009
1.64648e+009
1.6558e+009
1.66463e+009
1.67302e+009
1.68092e+009
1.6883e+009
1.69512e+009
1.70133e+009
1.70689e+009
1.71175e+009
1.71583e+009
1.71904e+009
1.72128e+009
1.72245e+009
1.72242e+009
1.72107e+009
1.71833e+009
1.71505e+009
1.71024e+009
1.70364e+009
1.69522e+009
1.68492e+009
1.67266e+009
1.65836e+009
1.64194e+009
1.62333e+009
1.60244e+009
1.57917e+009
1.55335e+009
1.52499e+009
1.49428e+009
1.46111e+009
1.4262e+009
1.3892e+009
1.34997e+009
1.30863e+009
1.26573e+009
1.22193e+009
1.17823e+009
1.13601e+009
1.09719e+009
1.06393e+009
1.03957e+009
1.02412e+009
)
;
    }
    inlet
    {
        type            fixedValue;
        value           uniform 1;
    }
    outlet
    {
        type            freestream;
        freestreamValue uniform 1;
        value           nonuniform List<scalar> 
20
(
1
1
1
1
1
1
1
1
1
1
3.14152e+008
2.29917e+008
1.96593e+008
1.83241e+008
1.80368e+008
1.86173e+008
2.03603e+008
2.44871e+008
3.63153e+008
1.02412e+009
)
;
    }
    frontAndBack
    {
        type            empty;
    }
}


// ************************************************************************* //
