/*--------------------------------*- C++ -*----------------------------------*\
| =========                 |                                                 |
| \\      /  F ield         | OpenFOAM: The Open Source CFD Toolbox           |
|  \\    /   O peration     | Version:  5.x                                   |
|   \\  /    A nd           | Web:      www.OpenFOAM.org                      |
|    \\/     M anipulation  |                                                 |
\*---------------------------------------------------------------------------*/
/*   Windows 32 and 64 bit porting by blueCAPE: http://www.bluecape.com.pt   *\
|  Based on Windows porting (2.0.x v4) by Symscape: http://www.symscape.com   |
\*---------------------------------------------------------------------------*/
FoamFile
{
    version     2.0;
    format      ascii;
    class       vectorField;
    location    "constant/polyMesh";
    object      points;
}
// * * * * * * * * * * * * * * * * * * * * * * * * * * * * * * * * * * * * * //


2222
(
(-0.01 -0.01 -0.01)
(-0.0079 -0.01 -0.01)
(-0.0058 -0.01 -0.01)
(-0.0037 -0.01 -0.01)
(-0.0016 -0.01 -0.01)
(0.0005 -0.01 -0.01)
(0.0026 -0.01 -0.01)
(0.0047 -0.01 -0.01)
(0.0068 -0.01 -0.01)
(0.0089 -0.01 -0.01)
(0.011 -0.01 -0.01)
(0.0131 -0.01 -0.01)
(0.0152 -0.01 -0.01)
(0.0173 -0.01 -0.01)
(0.0194 -0.01 -0.01)
(0.0215 -0.01 -0.01)
(0.0236 -0.01 -0.01)
(0.0257 -0.01 -0.01)
(0.0278 -0.01 -0.01)
(0.0299 -0.01 -0.01)
(0.032 -0.01 -0.01)
(0.0341 -0.01 -0.01)
(0.0362 -0.01 -0.01)
(0.0383 -0.01 -0.01)
(0.0404 -0.01 -0.01)
(0.0425 -0.01 -0.01)
(0.0446 -0.01 -0.01)
(0.0467 -0.01 -0.01)
(0.0488 -0.01 -0.01)
(0.0509 -0.01 -0.01)
(0.053 -0.01 -0.01)
(0.0551 -0.01 -0.01)
(0.0572 -0.01 -0.01)
(0.0593 -0.01 -0.01)
(0.0614 -0.01 -0.01)
(0.0635 -0.01 -0.01)
(0.0656 -0.01 -0.01)
(0.0677 -0.01 -0.01)
(0.0698 -0.01 -0.01)
(0.0719 -0.01 -0.01)
(0.074 -0.01 -0.01)
(0.0761 -0.01 -0.01)
(0.0782 -0.01 -0.01)
(0.0803 -0.01 -0.01)
(0.0824 -0.01 -0.01)
(0.0845 -0.01 -0.01)
(0.0866 -0.01 -0.01)
(0.0887 -0.01 -0.01)
(0.0908 -0.01 -0.01)
(0.0929 -0.01 -0.01)
(0.095 -0.01 -0.01)
(0.0971 -0.01 -0.01)
(0.0992 -0.01 -0.01)
(0.1013 -0.01 -0.01)
(0.1034 -0.01 -0.01)
(0.1055 -0.01 -0.01)
(0.1076 -0.01 -0.01)
(0.1097 -0.01 -0.01)
(0.1118 -0.01 -0.01)
(0.1139 -0.01 -0.01)
(0.116 -0.01 -0.01)
(0.1181 -0.01 -0.01)
(0.1202 -0.01 -0.01)
(0.1223 -0.01 -0.01)
(0.1244 -0.01 -0.01)
(0.1265 -0.01 -0.01)
(0.1286 -0.01 -0.01)
(0.1307 -0.01 -0.01)
(0.1328 -0.01 -0.01)
(0.1349 -0.01 -0.01)
(0.137 -0.01 -0.01)
(0.1391 -0.01 -0.01)
(0.1412 -0.01 -0.01)
(0.1433 -0.01 -0.01)
(0.1454 -0.01 -0.01)
(0.1475 -0.01 -0.01)
(0.1496 -0.01 -0.01)
(0.1517 -0.01 -0.01)
(0.1538 -0.01 -0.01)
(0.1559 -0.01 -0.01)
(0.158 -0.01 -0.01)
(0.1601 -0.01 -0.01)
(0.1622 -0.01 -0.01)
(0.1643 -0.01 -0.01)
(0.1664 -0.01 -0.01)
(0.1685 -0.01 -0.01)
(0.1706 -0.01 -0.01)
(0.1727 -0.01 -0.01)
(0.1748 -0.01 -0.01)
(0.1769 -0.01 -0.01)
(0.179 -0.01 -0.01)
(0.1811 -0.01 -0.01)
(0.1832 -0.01 -0.01)
(0.1853 -0.01 -0.01)
(0.1874 -0.01 -0.01)
(0.1895 -0.01 -0.01)
(0.1916 -0.01 -0.01)
(0.1937 -0.01 -0.01)
(0.1958 -0.01 -0.01)
(0.1979 -0.01 -0.01)
(0.2 -0.01 -0.01)
(-0.01 0.011 -0.01)
(-0.0079 0.011 -0.01)
(-0.0058 0.011 -0.01)
(-0.0037 0.011 -0.01)
(-0.0016 0.011 -0.01)
(0.0005 0.011 -0.01)
(0.0026 0.011 -0.01)
(0.0047 0.011 -0.01)
(0.0068 0.011 -0.01)
(0.0089 0.011 -0.01)
(0.011 0.011 -0.01)
(0.0131 0.011 -0.01)
(0.0152 0.011 -0.01)
(0.0173 0.011 -0.01)
(0.0194 0.011 -0.01)
(0.0215 0.011 -0.01)
(0.0236 0.011 -0.01)
(0.0257 0.011 -0.01)
(0.0278 0.011 -0.01)
(0.0299 0.011 -0.01)
(0.032 0.011 -0.01)
(0.0341 0.011 -0.01)
(0.0362 0.011 -0.01)
(0.0383 0.011 -0.01)
(0.0404 0.011 -0.01)
(0.0425 0.011 -0.01)
(0.0446 0.011 -0.01)
(0.0467 0.011 -0.01)
(0.0488 0.011 -0.01)
(0.0509 0.011 -0.01)
(0.053 0.011 -0.01)
(0.0551 0.011 -0.01)
(0.0572 0.011 -0.01)
(0.0593 0.011 -0.01)
(0.0614 0.011 -0.01)
(0.0635 0.011 -0.01)
(0.0656 0.011 -0.01)
(0.0677 0.011 -0.01)
(0.0698 0.011 -0.01)
(0.0719 0.011 -0.01)
(0.074 0.011 -0.01)
(0.0761 0.011 -0.01)
(0.0782 0.011 -0.01)
(0.0803 0.011 -0.01)
(0.0824 0.011 -0.01)
(0.0845 0.011 -0.01)
(0.0866 0.011 -0.01)
(0.0887 0.011 -0.01)
(0.0908 0.011 -0.01)
(0.0929 0.011 -0.01)
(0.095 0.011 -0.01)
(0.0971 0.011 -0.01)
(0.0992 0.011 -0.01)
(0.1013 0.011 -0.01)
(0.1034 0.011 -0.01)
(0.1055 0.011 -0.01)
(0.1076 0.011 -0.01)
(0.1097 0.011 -0.01)
(0.1118 0.011 -0.01)
(0.1139 0.011 -0.01)
(0.116 0.011 -0.01)
(0.1181 0.011 -0.01)
(0.1202 0.011 -0.01)
(0.1223 0.011 -0.01)
(0.1244 0.011 -0.01)
(0.1265 0.011 -0.01)
(0.1286 0.011 -0.01)
(0.1307 0.011 -0.01)
(0.1328 0.011 -0.01)
(0.1349 0.011 -0.01)
(0.137 0.011 -0.01)
(0.1391 0.011 -0.01)
(0.1412 0.011 -0.01)
(0.1433 0.011 -0.01)
(0.1454 0.011 -0.01)
(0.1475 0.011 -0.01)
(0.1496 0.011 -0.01)
(0.1517 0.011 -0.01)
(0.1538 0.011 -0.01)
(0.1559 0.011 -0.01)
(0.158 0.011 -0.01)
(0.1601 0.011 -0.01)
(0.1622 0.011 -0.01)
(0.1643 0.011 -0.01)
(0.1664 0.011 -0.01)
(0.1685 0.011 -0.01)
(0.1706 0.011 -0.01)
(0.1727 0.011 -0.01)
(0.1748 0.011 -0.01)
(0.1769 0.011 -0.01)
(0.179 0.011 -0.01)
(0.1811 0.011 -0.01)
(0.1832 0.011 -0.01)
(0.1853 0.011 -0.01)
(0.1874 0.011 -0.01)
(0.1895 0.011 -0.01)
(0.1916 0.011 -0.01)
(0.1937 0.011 -0.01)
(0.1958 0.011 -0.01)
(0.1979 0.011 -0.01)
(0.2 0.011 -0.01)
(-0.01 0.032 -0.01)
(-0.0079 0.032 -0.01)
(-0.0058 0.032 -0.01)
(-0.0037 0.032 -0.01)
(-0.0016 0.032 -0.01)
(0.0005 0.032 -0.01)
(0.0026 0.032 -0.01)
(0.0047 0.032 -0.01)
(0.0068 0.032 -0.01)
(0.0089 0.032 -0.01)
(0.011 0.032 -0.01)
(0.0131 0.032 -0.01)
(0.0152 0.032 -0.01)
(0.0173 0.032 -0.01)
(0.0194 0.032 -0.01)
(0.0215 0.032 -0.01)
(0.0236 0.032 -0.01)
(0.0257 0.032 -0.01)
(0.0278 0.032 -0.01)
(0.0299 0.032 -0.01)
(0.032 0.032 -0.01)
(0.0341 0.032 -0.01)
(0.0362 0.032 -0.01)
(0.0383 0.032 -0.01)
(0.0404 0.032 -0.01)
(0.0425 0.032 -0.01)
(0.0446 0.032 -0.01)
(0.0467 0.032 -0.01)
(0.0488 0.032 -0.01)
(0.0509 0.032 -0.01)
(0.053 0.032 -0.01)
(0.0551 0.032 -0.01)
(0.0572 0.032 -0.01)
(0.0593 0.032 -0.01)
(0.0614 0.032 -0.01)
(0.0635 0.032 -0.01)
(0.0656 0.032 -0.01)
(0.0677 0.032 -0.01)
(0.0698 0.032 -0.01)
(0.0719 0.032 -0.01)
(0.074 0.032 -0.01)
(0.0761 0.032 -0.01)
(0.0782 0.032 -0.01)
(0.0803 0.032 -0.01)
(0.0824 0.032 -0.01)
(0.0845 0.032 -0.01)
(0.0866 0.032 -0.01)
(0.0887 0.032 -0.01)
(0.0908 0.032 -0.01)
(0.0929 0.032 -0.01)
(0.095 0.032 -0.01)
(0.0971 0.032 -0.01)
(0.0992 0.032 -0.01)
(0.1013 0.032 -0.01)
(0.1034 0.032 -0.01)
(0.1055 0.032 -0.01)
(0.1076 0.032 -0.01)
(0.1097 0.032 -0.01)
(0.1118 0.032 -0.01)
(0.1139 0.032 -0.01)
(0.116 0.032 -0.01)
(0.1181 0.032 -0.01)
(0.1202 0.032 -0.01)
(0.1223 0.032 -0.01)
(0.1244 0.032 -0.01)
(0.1265 0.032 -0.01)
(0.1286 0.032 -0.01)
(0.1307 0.032 -0.01)
(0.1328 0.032 -0.01)
(0.1349 0.032 -0.01)
(0.137 0.032 -0.01)
(0.1391 0.032 -0.01)
(0.1412 0.032 -0.01)
(0.1433 0.032 -0.01)
(0.1454 0.032 -0.01)
(0.1475 0.032 -0.01)
(0.1496 0.032 -0.01)
(0.1517 0.032 -0.01)
(0.1538 0.032 -0.01)
(0.1559 0.032 -0.01)
(0.158 0.032 -0.01)
(0.1601 0.032 -0.01)
(0.1622 0.032 -0.01)
(0.1643 0.032 -0.01)
(0.1664 0.032 -0.01)
(0.1685 0.032 -0.01)
(0.1706 0.032 -0.01)
(0.1727 0.032 -0.01)
(0.1748 0.032 -0.01)
(0.1769 0.032 -0.01)
(0.179 0.032 -0.01)
(0.1811 0.032 -0.01)
(0.1832 0.032 -0.01)
(0.1853 0.032 -0.01)
(0.1874 0.032 -0.01)
(0.1895 0.032 -0.01)
(0.1916 0.032 -0.01)
(0.1937 0.032 -0.01)
(0.1958 0.032 -0.01)
(0.1979 0.032 -0.01)
(0.2 0.032 -0.01)
(-0.01 0.053 -0.01)
(-0.0079 0.053 -0.01)
(-0.0058 0.053 -0.01)
(-0.0037 0.053 -0.01)
(-0.0016 0.053 -0.01)
(0.0005 0.053 -0.01)
(0.0026 0.053 -0.01)
(0.0047 0.053 -0.01)
(0.0068 0.053 -0.01)
(0.0089 0.053 -0.01)
(0.011 0.053 -0.01)
(0.0131 0.053 -0.01)
(0.0152 0.053 -0.01)
(0.0173 0.053 -0.01)
(0.0194 0.053 -0.01)
(0.0215 0.053 -0.01)
(0.0236 0.053 -0.01)
(0.0257 0.053 -0.01)
(0.0278 0.053 -0.01)
(0.0299 0.053 -0.01)
(0.032 0.053 -0.01)
(0.0341 0.053 -0.01)
(0.0362 0.053 -0.01)
(0.0383 0.053 -0.01)
(0.0404 0.053 -0.01)
(0.0425 0.053 -0.01)
(0.0446 0.053 -0.01)
(0.0467 0.053 -0.01)
(0.0488 0.053 -0.01)
(0.0509 0.053 -0.01)
(0.053 0.053 -0.01)
(0.0551 0.053 -0.01)
(0.0572 0.053 -0.01)
(0.0593 0.053 -0.01)
(0.0614 0.053 -0.01)
(0.0635 0.053 -0.01)
(0.0656 0.053 -0.01)
(0.0677 0.053 -0.01)
(0.0698 0.053 -0.01)
(0.0719 0.053 -0.01)
(0.074 0.053 -0.01)
(0.0761 0.053 -0.01)
(0.0782 0.053 -0.01)
(0.0803 0.053 -0.01)
(0.0824 0.053 -0.01)
(0.0845 0.053 -0.01)
(0.0866 0.053 -0.01)
(0.0887 0.053 -0.01)
(0.0908 0.053 -0.01)
(0.0929 0.053 -0.01)
(0.095 0.053 -0.01)
(0.0971 0.053 -0.01)
(0.0992 0.053 -0.01)
(0.1013 0.053 -0.01)
(0.1034 0.053 -0.01)
(0.1055 0.053 -0.01)
(0.1076 0.053 -0.01)
(0.1097 0.053 -0.01)
(0.1118 0.053 -0.01)
(0.1139 0.053 -0.01)
(0.116 0.053 -0.01)
(0.1181 0.053 -0.01)
(0.1202 0.053 -0.01)
(0.1223 0.053 -0.01)
(0.1244 0.053 -0.01)
(0.1265 0.053 -0.01)
(0.1286 0.053 -0.01)
(0.1307 0.053 -0.01)
(0.1328 0.053 -0.01)
(0.1349 0.053 -0.01)
(0.137 0.053 -0.01)
(0.1391 0.053 -0.01)
(0.1412 0.053 -0.01)
(0.1433 0.053 -0.01)
(0.1454 0.053 -0.01)
(0.1475 0.053 -0.01)
(0.1496 0.053 -0.01)
(0.1517 0.053 -0.01)
(0.1538 0.053 -0.01)
(0.1559 0.053 -0.01)
(0.158 0.053 -0.01)
(0.1601 0.053 -0.01)
(0.1622 0.053 -0.01)
(0.1643 0.053 -0.01)
(0.1664 0.053 -0.01)
(0.1685 0.053 -0.01)
(0.1706 0.053 -0.01)
(0.1727 0.053 -0.01)
(0.1748 0.053 -0.01)
(0.1769 0.053 -0.01)
(0.179 0.053 -0.01)
(0.1811 0.053 -0.01)
(0.1832 0.053 -0.01)
(0.1853 0.053 -0.01)
(0.1874 0.053 -0.01)
(0.1895 0.053 -0.01)
(0.1916 0.053 -0.01)
(0.1937 0.053 -0.01)
(0.1958 0.053 -0.01)
(0.1979 0.053 -0.01)
(0.2 0.053 -0.01)
(-0.01 0.074 -0.01)
(-0.0079 0.074 -0.01)
(-0.0058 0.074 -0.01)
(-0.0037 0.074 -0.01)
(-0.0016 0.074 -0.01)
(0.0005 0.074 -0.01)
(0.0026 0.074 -0.01)
(0.0047 0.074 -0.01)
(0.0068 0.074 -0.01)
(0.0089 0.074 -0.01)
(0.011 0.074 -0.01)
(0.0131 0.074 -0.01)
(0.0152 0.074 -0.01)
(0.0173 0.074 -0.01)
(0.0194 0.074 -0.01)
(0.0215 0.074 -0.01)
(0.0236 0.074 -0.01)
(0.0257 0.074 -0.01)
(0.0278 0.074 -0.01)
(0.0299 0.074 -0.01)
(0.032 0.074 -0.01)
(0.0341 0.074 -0.01)
(0.0362 0.074 -0.01)
(0.0383 0.074 -0.01)
(0.0404 0.074 -0.01)
(0.0425 0.074 -0.01)
(0.0446 0.074 -0.01)
(0.0467 0.074 -0.01)
(0.0488 0.074 -0.01)
(0.0509 0.074 -0.01)
(0.053 0.074 -0.01)
(0.0551 0.074 -0.01)
(0.0572 0.074 -0.01)
(0.0593 0.074 -0.01)
(0.0614 0.074 -0.01)
(0.0635 0.074 -0.01)
(0.0656 0.074 -0.01)
(0.0677 0.074 -0.01)
(0.0698 0.074 -0.01)
(0.0719 0.074 -0.01)
(0.074 0.074 -0.01)
(0.0761 0.074 -0.01)
(0.0782 0.074 -0.01)
(0.0803 0.074 -0.01)
(0.0824 0.074 -0.01)
(0.0845 0.074 -0.01)
(0.0866 0.074 -0.01)
(0.0887 0.074 -0.01)
(0.0908 0.074 -0.01)
(0.0929 0.074 -0.01)
(0.095 0.074 -0.01)
(0.0971 0.074 -0.01)
(0.0992 0.074 -0.01)
(0.1013 0.074 -0.01)
(0.1034 0.074 -0.01)
(0.1055 0.074 -0.01)
(0.1076 0.074 -0.01)
(0.1097 0.074 -0.01)
(0.1118 0.074 -0.01)
(0.1139 0.074 -0.01)
(0.116 0.074 -0.01)
(0.1181 0.074 -0.01)
(0.1202 0.074 -0.01)
(0.1223 0.074 -0.01)
(0.1244 0.074 -0.01)
(0.1265 0.074 -0.01)
(0.1286 0.074 -0.01)
(0.1307 0.074 -0.01)
(0.1328 0.074 -0.01)
(0.1349 0.074 -0.01)
(0.137 0.074 -0.01)
(0.1391 0.074 -0.01)
(0.1412 0.074 -0.01)
(0.1433 0.074 -0.01)
(0.1454 0.074 -0.01)
(0.1475 0.074 -0.01)
(0.1496 0.074 -0.01)
(0.1517 0.074 -0.01)
(0.1538 0.074 -0.01)
(0.1559 0.074 -0.01)
(0.158 0.074 -0.01)
(0.1601 0.074 -0.01)
(0.1622 0.074 -0.01)
(0.1643 0.074 -0.01)
(0.1664 0.074 -0.01)
(0.1685 0.074 -0.01)
(0.1706 0.074 -0.01)
(0.1727 0.074 -0.01)
(0.1748 0.074 -0.01)
(0.1769 0.074 -0.01)
(0.179 0.074 -0.01)
(0.1811 0.074 -0.01)
(0.1832 0.074 -0.01)
(0.1853 0.074 -0.01)
(0.1874 0.074 -0.01)
(0.1895 0.074 -0.01)
(0.1916 0.074 -0.01)
(0.1937 0.074 -0.01)
(0.1958 0.074 -0.01)
(0.1979 0.074 -0.01)
(0.2 0.074 -0.01)
(-0.01 0.095 -0.01)
(-0.0079 0.095 -0.01)
(-0.0058 0.095 -0.01)
(-0.0037 0.095 -0.01)
(-0.0016 0.095 -0.01)
(0.0005 0.095 -0.01)
(0.0026 0.095 -0.01)
(0.0047 0.095 -0.01)
(0.0068 0.095 -0.01)
(0.0089 0.095 -0.01)
(0.011 0.095 -0.01)
(0.0131 0.095 -0.01)
(0.0152 0.095 -0.01)
(0.0173 0.095 -0.01)
(0.0194 0.095 -0.01)
(0.0215 0.095 -0.01)
(0.0236 0.095 -0.01)
(0.0257 0.095 -0.01)
(0.0278 0.095 -0.01)
(0.0299 0.095 -0.01)
(0.032 0.095 -0.01)
(0.0341 0.095 -0.01)
(0.0362 0.095 -0.01)
(0.0383 0.095 -0.01)
(0.0404 0.095 -0.01)
(0.0425 0.095 -0.01)
(0.0446 0.095 -0.01)
(0.0467 0.095 -0.01)
(0.0488 0.095 -0.01)
(0.0509 0.095 -0.01)
(0.053 0.095 -0.01)
(0.0551 0.095 -0.01)
(0.0572 0.095 -0.01)
(0.0593 0.095 -0.01)
(0.0614 0.095 -0.01)
(0.0635 0.095 -0.01)
(0.0656 0.095 -0.01)
(0.0677 0.095 -0.01)
(0.0698 0.095 -0.01)
(0.0719 0.095 -0.01)
(0.074 0.095 -0.01)
(0.0761 0.095 -0.01)
(0.0782 0.095 -0.01)
(0.0803 0.095 -0.01)
(0.0824 0.095 -0.01)
(0.0845 0.095 -0.01)
(0.0866 0.095 -0.01)
(0.0887 0.095 -0.01)
(0.0908 0.095 -0.01)
(0.0929 0.095 -0.01)
(0.095 0.095 -0.01)
(0.0971 0.095 -0.01)
(0.0992 0.095 -0.01)
(0.1013 0.095 -0.01)
(0.1034 0.095 -0.01)
(0.1055 0.095 -0.01)
(0.1076 0.095 -0.01)
(0.1097 0.095 -0.01)
(0.1118 0.095 -0.01)
(0.1139 0.095 -0.01)
(0.116 0.095 -0.01)
(0.1181 0.095 -0.01)
(0.1202 0.095 -0.01)
(0.1223 0.095 -0.01)
(0.1244 0.095 -0.01)
(0.1265 0.095 -0.01)
(0.1286 0.095 -0.01)
(0.1307 0.095 -0.01)
(0.1328 0.095 -0.01)
(0.1349 0.095 -0.01)
(0.137 0.095 -0.01)
(0.1391 0.095 -0.01)
(0.1412 0.095 -0.01)
(0.1433 0.095 -0.01)
(0.1454 0.095 -0.01)
(0.1475 0.095 -0.01)
(0.1496 0.095 -0.01)
(0.1517 0.095 -0.01)
(0.1538 0.095 -0.01)
(0.1559 0.095 -0.01)
(0.158 0.095 -0.01)
(0.1601 0.095 -0.01)
(0.1622 0.095 -0.01)
(0.1643 0.095 -0.01)
(0.1664 0.095 -0.01)
(0.1685 0.095 -0.01)
(0.1706 0.095 -0.01)
(0.1727 0.095 -0.01)
(0.1748 0.095 -0.01)
(0.1769 0.095 -0.01)
(0.179 0.095 -0.01)
(0.1811 0.095 -0.01)
(0.1832 0.095 -0.01)
(0.1853 0.095 -0.01)
(0.1874 0.095 -0.01)
(0.1895 0.095 -0.01)
(0.1916 0.095 -0.01)
(0.1937 0.095 -0.01)
(0.1958 0.095 -0.01)
(0.1979 0.095 -0.01)
(0.2 0.095 -0.01)
(-0.01 0.116 -0.01)
(-0.0079 0.116 -0.01)
(-0.0058 0.116 -0.01)
(-0.0037 0.116 -0.01)
(-0.0016 0.116 -0.01)
(0.0005 0.116 -0.01)
(0.0026 0.116 -0.01)
(0.0047 0.116 -0.01)
(0.0068 0.116 -0.01)
(0.0089 0.116 -0.01)
(0.011 0.116 -0.01)
(0.0131 0.116 -0.01)
(0.0152 0.116 -0.01)
(0.0173 0.116 -0.01)
(0.0194 0.116 -0.01)
(0.0215 0.116 -0.01)
(0.0236 0.116 -0.01)
(0.0257 0.116 -0.01)
(0.0278 0.116 -0.01)
(0.0299 0.116 -0.01)
(0.032 0.116 -0.01)
(0.0341 0.116 -0.01)
(0.0362 0.116 -0.01)
(0.0383 0.116 -0.01)
(0.0404 0.116 -0.01)
(0.0425 0.116 -0.01)
(0.0446 0.116 -0.01)
(0.0467 0.116 -0.01)
(0.0488 0.116 -0.01)
(0.0509 0.116 -0.01)
(0.053 0.116 -0.01)
(0.0551 0.116 -0.01)
(0.0572 0.116 -0.01)
(0.0593 0.116 -0.01)
(0.0614 0.116 -0.01)
(0.0635 0.116 -0.01)
(0.0656 0.116 -0.01)
(0.0677 0.116 -0.01)
(0.0698 0.116 -0.01)
(0.0719 0.116 -0.01)
(0.074 0.116 -0.01)
(0.0761 0.116 -0.01)
(0.0782 0.116 -0.01)
(0.0803 0.116 -0.01)
(0.0824 0.116 -0.01)
(0.0845 0.116 -0.01)
(0.0866 0.116 -0.01)
(0.0887 0.116 -0.01)
(0.0908 0.116 -0.01)
(0.0929 0.116 -0.01)
(0.095 0.116 -0.01)
(0.0971 0.116 -0.01)
(0.0992 0.116 -0.01)
(0.1013 0.116 -0.01)
(0.1034 0.116 -0.01)
(0.1055 0.116 -0.01)
(0.1076 0.116 -0.01)
(0.1097 0.116 -0.01)
(0.1118 0.116 -0.01)
(0.1139 0.116 -0.01)
(0.116 0.116 -0.01)
(0.1181 0.116 -0.01)
(0.1202 0.116 -0.01)
(0.1223 0.116 -0.01)
(0.1244 0.116 -0.01)
(0.1265 0.116 -0.01)
(0.1286 0.116 -0.01)
(0.1307 0.116 -0.01)
(0.1328 0.116 -0.01)
(0.1349 0.116 -0.01)
(0.137 0.116 -0.01)
(0.1391 0.116 -0.01)
(0.1412 0.116 -0.01)
(0.1433 0.116 -0.01)
(0.1454 0.116 -0.01)
(0.1475 0.116 -0.01)
(0.1496 0.116 -0.01)
(0.1517 0.116 -0.01)
(0.1538 0.116 -0.01)
(0.1559 0.116 -0.01)
(0.158 0.116 -0.01)
(0.1601 0.116 -0.01)
(0.1622 0.116 -0.01)
(0.1643 0.116 -0.01)
(0.1664 0.116 -0.01)
(0.1685 0.116 -0.01)
(0.1706 0.116 -0.01)
(0.1727 0.116 -0.01)
(0.1748 0.116 -0.01)
(0.1769 0.116 -0.01)
(0.179 0.116 -0.01)
(0.1811 0.116 -0.01)
(0.1832 0.116 -0.01)
(0.1853 0.116 -0.01)
(0.1874 0.116 -0.01)
(0.1895 0.116 -0.01)
(0.1916 0.116 -0.01)
(0.1937 0.116 -0.01)
(0.1958 0.116 -0.01)
(0.1979 0.116 -0.01)
(0.2 0.116 -0.01)
(-0.01 0.137 -0.01)
(-0.0079 0.137 -0.01)
(-0.0058 0.137 -0.01)
(-0.0037 0.137 -0.01)
(-0.0016 0.137 -0.01)
(0.0005 0.137 -0.01)
(0.0026 0.137 -0.01)
(0.0047 0.137 -0.01)
(0.0068 0.137 -0.01)
(0.0089 0.137 -0.01)
(0.011 0.137 -0.01)
(0.0131 0.137 -0.01)
(0.0152 0.137 -0.01)
(0.0173 0.137 -0.01)
(0.0194 0.137 -0.01)
(0.0215 0.137 -0.01)
(0.0236 0.137 -0.01)
(0.0257 0.137 -0.01)
(0.0278 0.137 -0.01)
(0.0299 0.137 -0.01)
(0.032 0.137 -0.01)
(0.0341 0.137 -0.01)
(0.0362 0.137 -0.01)
(0.0383 0.137 -0.01)
(0.0404 0.137 -0.01)
(0.0425 0.137 -0.01)
(0.0446 0.137 -0.01)
(0.0467 0.137 -0.01)
(0.0488 0.137 -0.01)
(0.0509 0.137 -0.01)
(0.053 0.137 -0.01)
(0.0551 0.137 -0.01)
(0.0572 0.137 -0.01)
(0.0593 0.137 -0.01)
(0.0614 0.137 -0.01)
(0.0635 0.137 -0.01)
(0.0656 0.137 -0.01)
(0.0677 0.137 -0.01)
(0.0698 0.137 -0.01)
(0.0719 0.137 -0.01)
(0.074 0.137 -0.01)
(0.0761 0.137 -0.01)
(0.0782 0.137 -0.01)
(0.0803 0.137 -0.01)
(0.0824 0.137 -0.01)
(0.0845 0.137 -0.01)
(0.0866 0.137 -0.01)
(0.0887 0.137 -0.01)
(0.0908 0.137 -0.01)
(0.0929 0.137 -0.01)
(0.095 0.137 -0.01)
(0.0971 0.137 -0.01)
(0.0992 0.137 -0.01)
(0.1013 0.137 -0.01)
(0.1034 0.137 -0.01)
(0.1055 0.137 -0.01)
(0.1076 0.137 -0.01)
(0.1097 0.137 -0.01)
(0.1118 0.137 -0.01)
(0.1139 0.137 -0.01)
(0.116 0.137 -0.01)
(0.1181 0.137 -0.01)
(0.1202 0.137 -0.01)
(0.1223 0.137 -0.01)
(0.1244 0.137 -0.01)
(0.1265 0.137 -0.01)
(0.1286 0.137 -0.01)
(0.1307 0.137 -0.01)
(0.1328 0.137 -0.01)
(0.1349 0.137 -0.01)
(0.137 0.137 -0.01)
(0.1391 0.137 -0.01)
(0.1412 0.137 -0.01)
(0.1433 0.137 -0.01)
(0.1454 0.137 -0.01)
(0.1475 0.137 -0.01)
(0.1496 0.137 -0.01)
(0.1517 0.137 -0.01)
(0.1538 0.137 -0.01)
(0.1559 0.137 -0.01)
(0.158 0.137 -0.01)
(0.1601 0.137 -0.01)
(0.1622 0.137 -0.01)
(0.1643 0.137 -0.01)
(0.1664 0.137 -0.01)
(0.1685 0.137 -0.01)
(0.1706 0.137 -0.01)
(0.1727 0.137 -0.01)
(0.1748 0.137 -0.01)
(0.1769 0.137 -0.01)
(0.179 0.137 -0.01)
(0.1811 0.137 -0.01)
(0.1832 0.137 -0.01)
(0.1853 0.137 -0.01)
(0.1874 0.137 -0.01)
(0.1895 0.137 -0.01)
(0.1916 0.137 -0.01)
(0.1937 0.137 -0.01)
(0.1958 0.137 -0.01)
(0.1979 0.137 -0.01)
(0.2 0.137 -0.01)
(-0.01 0.158 -0.01)
(-0.0079 0.158 -0.01)
(-0.0058 0.158 -0.01)
(-0.0037 0.158 -0.01)
(-0.0016 0.158 -0.01)
(0.0005 0.158 -0.01)
(0.0026 0.158 -0.01)
(0.0047 0.158 -0.01)
(0.0068 0.158 -0.01)
(0.0089 0.158 -0.01)
(0.011 0.158 -0.01)
(0.0131 0.158 -0.01)
(0.0152 0.158 -0.01)
(0.0173 0.158 -0.01)
(0.0194 0.158 -0.01)
(0.0215 0.158 -0.01)
(0.0236 0.158 -0.01)
(0.0257 0.158 -0.01)
(0.0278 0.158 -0.01)
(0.0299 0.158 -0.01)
(0.032 0.158 -0.01)
(0.0341 0.158 -0.01)
(0.0362 0.158 -0.01)
(0.0383 0.158 -0.01)
(0.0404 0.158 -0.01)
(0.0425 0.158 -0.01)
(0.0446 0.158 -0.01)
(0.0467 0.158 -0.01)
(0.0488 0.158 -0.01)
(0.0509 0.158 -0.01)
(0.053 0.158 -0.01)
(0.0551 0.158 -0.01)
(0.0572 0.158 -0.01)
(0.0593 0.158 -0.01)
(0.0614 0.158 -0.01)
(0.0635 0.158 -0.01)
(0.0656 0.158 -0.01)
(0.0677 0.158 -0.01)
(0.0698 0.158 -0.01)
(0.0719 0.158 -0.01)
(0.074 0.158 -0.01)
(0.0761 0.158 -0.01)
(0.0782 0.158 -0.01)
(0.0803 0.158 -0.01)
(0.0824 0.158 -0.01)
(0.0845 0.158 -0.01)
(0.0866 0.158 -0.01)
(0.0887 0.158 -0.01)
(0.0908 0.158 -0.01)
(0.0929 0.158 -0.01)
(0.095 0.158 -0.01)
(0.0971 0.158 -0.01)
(0.0992 0.158 -0.01)
(0.1013 0.158 -0.01)
(0.1034 0.158 -0.01)
(0.1055 0.158 -0.01)
(0.1076 0.158 -0.01)
(0.1097 0.158 -0.01)
(0.1118 0.158 -0.01)
(0.1139 0.158 -0.01)
(0.116 0.158 -0.01)
(0.1181 0.158 -0.01)
(0.1202 0.158 -0.01)
(0.1223 0.158 -0.01)
(0.1244 0.158 -0.01)
(0.1265 0.158 -0.01)
(0.1286 0.158 -0.01)
(0.1307 0.158 -0.01)
(0.1328 0.158 -0.01)
(0.1349 0.158 -0.01)
(0.137 0.158 -0.01)
(0.1391 0.158 -0.01)
(0.1412 0.158 -0.01)
(0.1433 0.158 -0.01)
(0.1454 0.158 -0.01)
(0.1475 0.158 -0.01)
(0.1496 0.158 -0.01)
(0.1517 0.158 -0.01)
(0.1538 0.158 -0.01)
(0.1559 0.158 -0.01)
(0.158 0.158 -0.01)
(0.1601 0.158 -0.01)
(0.1622 0.158 -0.01)
(0.1643 0.158 -0.01)
(0.1664 0.158 -0.01)
(0.1685 0.158 -0.01)
(0.1706 0.158 -0.01)
(0.1727 0.158 -0.01)
(0.1748 0.158 -0.01)
(0.1769 0.158 -0.01)
(0.179 0.158 -0.01)
(0.1811 0.158 -0.01)
(0.1832 0.158 -0.01)
(0.1853 0.158 -0.01)
(0.1874 0.158 -0.01)
(0.1895 0.158 -0.01)
(0.1916 0.158 -0.01)
(0.1937 0.158 -0.01)
(0.1958 0.158 -0.01)
(0.1979 0.158 -0.01)
(0.2 0.158 -0.01)
(-0.01 0.179 -0.01)
(-0.0079 0.179 -0.01)
(-0.0058 0.179 -0.01)
(-0.0037 0.179 -0.01)
(-0.0016 0.179 -0.01)
(0.0005 0.179 -0.01)
(0.0026 0.179 -0.01)
(0.0047 0.179 -0.01)
(0.0068 0.179 -0.01)
(0.0089 0.179 -0.01)
(0.011 0.179 -0.01)
(0.0131 0.179 -0.01)
(0.0152 0.179 -0.01)
(0.0173 0.179 -0.01)
(0.0194 0.179 -0.01)
(0.0215 0.179 -0.01)
(0.0236 0.179 -0.01)
(0.0257 0.179 -0.01)
(0.0278 0.179 -0.01)
(0.0299 0.179 -0.01)
(0.032 0.179 -0.01)
(0.0341 0.179 -0.01)
(0.0362 0.179 -0.01)
(0.0383 0.179 -0.01)
(0.0404 0.179 -0.01)
(0.0425 0.179 -0.01)
(0.0446 0.179 -0.01)
(0.0467 0.179 -0.01)
(0.0488 0.179 -0.01)
(0.0509 0.179 -0.01)
(0.053 0.179 -0.01)
(0.0551 0.179 -0.01)
(0.0572 0.179 -0.01)
(0.0593 0.179 -0.01)
(0.0614 0.179 -0.01)
(0.0635 0.179 -0.01)
(0.0656 0.179 -0.01)
(0.0677 0.179 -0.01)
(0.0698 0.179 -0.01)
(0.0719 0.179 -0.01)
(0.074 0.179 -0.01)
(0.0761 0.179 -0.01)
(0.0782 0.179 -0.01)
(0.0803 0.179 -0.01)
(0.0824 0.179 -0.01)
(0.0845 0.179 -0.01)
(0.0866 0.179 -0.01)
(0.0887 0.179 -0.01)
(0.0908 0.179 -0.01)
(0.0929 0.179 -0.01)
(0.095 0.179 -0.01)
(0.0971 0.179 -0.01)
(0.0992 0.179 -0.01)
(0.1013 0.179 -0.01)
(0.1034 0.179 -0.01)
(0.1055 0.179 -0.01)
(0.1076 0.179 -0.01)
(0.1097 0.179 -0.01)
(0.1118 0.179 -0.01)
(0.1139 0.179 -0.01)
(0.116 0.179 -0.01)
(0.1181 0.179 -0.01)
(0.1202 0.179 -0.01)
(0.1223 0.179 -0.01)
(0.1244 0.179 -0.01)
(0.1265 0.179 -0.01)
(0.1286 0.179 -0.01)
(0.1307 0.179 -0.01)
(0.1328 0.179 -0.01)
(0.1349 0.179 -0.01)
(0.137 0.179 -0.01)
(0.1391 0.179 -0.01)
(0.1412 0.179 -0.01)
(0.1433 0.179 -0.01)
(0.1454 0.179 -0.01)
(0.1475 0.179 -0.01)
(0.1496 0.179 -0.01)
(0.1517 0.179 -0.01)
(0.1538 0.179 -0.01)
(0.1559 0.179 -0.01)
(0.158 0.179 -0.01)
(0.1601 0.179 -0.01)
(0.1622 0.179 -0.01)
(0.1643 0.179 -0.01)
(0.1664 0.179 -0.01)
(0.1685 0.179 -0.01)
(0.1706 0.179 -0.01)
(0.1727 0.179 -0.01)
(0.1748 0.179 -0.01)
(0.1769 0.179 -0.01)
(0.179 0.179 -0.01)
(0.1811 0.179 -0.01)
(0.1832 0.179 -0.01)
(0.1853 0.179 -0.01)
(0.1874 0.179 -0.01)
(0.1895 0.179 -0.01)
(0.1916 0.179 -0.01)
(0.1937 0.179 -0.01)
(0.1958 0.179 -0.01)
(0.1979 0.179 -0.01)
(0.2 0.179 -0.01)
(-0.01 0.2 -0.01)
(-0.0079 0.2 -0.01)
(-0.0058 0.2 -0.01)
(-0.0037 0.2 -0.01)
(-0.0016 0.2 -0.01)
(0.0005 0.2 -0.01)
(0.0026 0.2 -0.01)
(0.0047 0.2 -0.01)
(0.0068 0.2 -0.01)
(0.0089 0.2 -0.01)
(0.011 0.2 -0.01)
(0.0131 0.2 -0.01)
(0.0152 0.2 -0.01)
(0.0173 0.2 -0.01)
(0.0194 0.2 -0.01)
(0.0215 0.2 -0.01)
(0.0236 0.2 -0.01)
(0.0257 0.2 -0.01)
(0.0278 0.2 -0.01)
(0.0299 0.2 -0.01)
(0.032 0.2 -0.01)
(0.0341 0.2 -0.01)
(0.0362 0.2 -0.01)
(0.0383 0.2 -0.01)
(0.0404 0.2 -0.01)
(0.0425 0.2 -0.01)
(0.0446 0.2 -0.01)
(0.0467 0.2 -0.01)
(0.0488 0.2 -0.01)
(0.0509 0.2 -0.01)
(0.053 0.2 -0.01)
(0.0551 0.2 -0.01)
(0.0572 0.2 -0.01)
(0.0593 0.2 -0.01)
(0.0614 0.2 -0.01)
(0.0635 0.2 -0.01)
(0.0656 0.2 -0.01)
(0.0677 0.2 -0.01)
(0.0698 0.2 -0.01)
(0.0719 0.2 -0.01)
(0.074 0.2 -0.01)
(0.0761 0.2 -0.01)
(0.0782 0.2 -0.01)
(0.0803 0.2 -0.01)
(0.0824 0.2 -0.01)
(0.0845 0.2 -0.01)
(0.0866 0.2 -0.01)
(0.0887 0.2 -0.01)
(0.0908 0.2 -0.01)
(0.0929 0.2 -0.01)
(0.095 0.2 -0.01)
(0.0971 0.2 -0.01)
(0.0992 0.2 -0.01)
(0.1013 0.2 -0.01)
(0.1034 0.2 -0.01)
(0.1055 0.2 -0.01)
(0.1076 0.2 -0.01)
(0.1097 0.2 -0.01)
(0.1118 0.2 -0.01)
(0.1139 0.2 -0.01)
(0.116 0.2 -0.01)
(0.1181 0.2 -0.01)
(0.1202 0.2 -0.01)
(0.1223 0.2 -0.01)
(0.1244 0.2 -0.01)
(0.1265 0.2 -0.01)
(0.1286 0.2 -0.01)
(0.1307 0.2 -0.01)
(0.1328 0.2 -0.01)
(0.1349 0.2 -0.01)
(0.137 0.2 -0.01)
(0.1391 0.2 -0.01)
(0.1412 0.2 -0.01)
(0.1433 0.2 -0.01)
(0.1454 0.2 -0.01)
(0.1475 0.2 -0.01)
(0.1496 0.2 -0.01)
(0.1517 0.2 -0.01)
(0.1538 0.2 -0.01)
(0.1559 0.2 -0.01)
(0.158 0.2 -0.01)
(0.1601 0.2 -0.01)
(0.1622 0.2 -0.01)
(0.1643 0.2 -0.01)
(0.1664 0.2 -0.01)
(0.1685 0.2 -0.01)
(0.1706 0.2 -0.01)
(0.1727 0.2 -0.01)
(0.1748 0.2 -0.01)
(0.1769 0.2 -0.01)
(0.179 0.2 -0.01)
(0.1811 0.2 -0.01)
(0.1832 0.2 -0.01)
(0.1853 0.2 -0.01)
(0.1874 0.2 -0.01)
(0.1895 0.2 -0.01)
(0.1916 0.2 -0.01)
(0.1937 0.2 -0.01)
(0.1958 0.2 -0.01)
(0.1979 0.2 -0.01)
(0.2 0.2 -0.01)
(-0.01 -0.01 0.2)
(-0.0079 -0.01 0.2)
(-0.0058 -0.01 0.2)
(-0.0037 -0.01 0.2)
(-0.0016 -0.01 0.2)
(0.0005 -0.01 0.2)
(0.0026 -0.01 0.2)
(0.0047 -0.01 0.2)
(0.0068 -0.01 0.2)
(0.0089 -0.01 0.2)
(0.011 -0.01 0.2)
(0.0131 -0.01 0.2)
(0.0152 -0.01 0.2)
(0.0173 -0.01 0.2)
(0.0194 -0.01 0.2)
(0.0215 -0.01 0.2)
(0.0236 -0.01 0.2)
(0.0257 -0.01 0.2)
(0.0278 -0.01 0.2)
(0.0299 -0.01 0.2)
(0.032 -0.01 0.2)
(0.0341 -0.01 0.2)
(0.0362 -0.01 0.2)
(0.0383 -0.01 0.2)
(0.0404 -0.01 0.2)
(0.0425 -0.01 0.2)
(0.0446 -0.01 0.2)
(0.0467 -0.01 0.2)
(0.0488 -0.01 0.2)
(0.0509 -0.01 0.2)
(0.053 -0.01 0.2)
(0.0551 -0.01 0.2)
(0.0572 -0.01 0.2)
(0.0593 -0.01 0.2)
(0.0614 -0.01 0.2)
(0.0635 -0.01 0.2)
(0.0656 -0.01 0.2)
(0.0677 -0.01 0.2)
(0.0698 -0.01 0.2)
(0.0719 -0.01 0.2)
(0.074 -0.01 0.2)
(0.0761 -0.01 0.2)
(0.0782 -0.01 0.2)
(0.0803 -0.01 0.2)
(0.0824 -0.01 0.2)
(0.0845 -0.01 0.2)
(0.0866 -0.01 0.2)
(0.0887 -0.01 0.2)
(0.0908 -0.01 0.2)
(0.0929 -0.01 0.2)
(0.095 -0.01 0.2)
(0.0971 -0.01 0.2)
(0.0992 -0.01 0.2)
(0.1013 -0.01 0.2)
(0.1034 -0.01 0.2)
(0.1055 -0.01 0.2)
(0.1076 -0.01 0.2)
(0.1097 -0.01 0.2)
(0.1118 -0.01 0.2)
(0.1139 -0.01 0.2)
(0.116 -0.01 0.2)
(0.1181 -0.01 0.2)
(0.1202 -0.01 0.2)
(0.1223 -0.01 0.2)
(0.1244 -0.01 0.2)
(0.1265 -0.01 0.2)
(0.1286 -0.01 0.2)
(0.1307 -0.01 0.2)
(0.1328 -0.01 0.2)
(0.1349 -0.01 0.2)
(0.137 -0.01 0.2)
(0.1391 -0.01 0.2)
(0.1412 -0.01 0.2)
(0.1433 -0.01 0.2)
(0.1454 -0.01 0.2)
(0.1475 -0.01 0.2)
(0.1496 -0.01 0.2)
(0.1517 -0.01 0.2)
(0.1538 -0.01 0.2)
(0.1559 -0.01 0.2)
(0.158 -0.01 0.2)
(0.1601 -0.01 0.2)
(0.1622 -0.01 0.2)
(0.1643 -0.01 0.2)
(0.1664 -0.01 0.2)
(0.1685 -0.01 0.2)
(0.1706 -0.01 0.2)
(0.1727 -0.01 0.2)
(0.1748 -0.01 0.2)
(0.1769 -0.01 0.2)
(0.179 -0.01 0.2)
(0.1811 -0.01 0.2)
(0.1832 -0.01 0.2)
(0.1853 -0.01 0.2)
(0.1874 -0.01 0.2)
(0.1895 -0.01 0.2)
(0.1916 -0.01 0.2)
(0.1937 -0.01 0.2)
(0.1958 -0.01 0.2)
(0.1979 -0.01 0.2)
(0.2 -0.01 0.2)
(-0.01 0.011 0.2)
(-0.0079 0.011 0.2)
(-0.0058 0.011 0.2)
(-0.0037 0.011 0.2)
(-0.0016 0.011 0.2)
(0.0005 0.011 0.2)
(0.0026 0.011 0.2)
(0.0047 0.011 0.2)
(0.0068 0.011 0.2)
(0.0089 0.011 0.2)
(0.011 0.011 0.2)
(0.0131 0.011 0.2)
(0.0152 0.011 0.2)
(0.0173 0.011 0.2)
(0.0194 0.011 0.2)
(0.0215 0.011 0.2)
(0.0236 0.011 0.2)
(0.0257 0.011 0.2)
(0.0278 0.011 0.2)
(0.0299 0.011 0.2)
(0.032 0.011 0.2)
(0.0341 0.011 0.2)
(0.0362 0.011 0.2)
(0.0383 0.011 0.2)
(0.0404 0.011 0.2)
(0.0425 0.011 0.2)
(0.0446 0.011 0.2)
(0.0467 0.011 0.2)
(0.0488 0.011 0.2)
(0.0509 0.011 0.2)
(0.053 0.011 0.2)
(0.0551 0.011 0.2)
(0.0572 0.011 0.2)
(0.0593 0.011 0.2)
(0.0614 0.011 0.2)
(0.0635 0.011 0.2)
(0.0656 0.011 0.2)
(0.0677 0.011 0.2)
(0.0698 0.011 0.2)
(0.0719 0.011 0.2)
(0.074 0.011 0.2)
(0.0761 0.011 0.2)
(0.0782 0.011 0.2)
(0.0803 0.011 0.2)
(0.0824 0.011 0.2)
(0.0845 0.011 0.2)
(0.0866 0.011 0.2)
(0.0887 0.011 0.2)
(0.0908 0.011 0.2)
(0.0929 0.011 0.2)
(0.095 0.011 0.2)
(0.0971 0.011 0.2)
(0.0992 0.011 0.2)
(0.1013 0.011 0.2)
(0.1034 0.011 0.2)
(0.1055 0.011 0.2)
(0.1076 0.011 0.2)
(0.1097 0.011 0.2)
(0.1118 0.011 0.2)
(0.1139 0.011 0.2)
(0.116 0.011 0.2)
(0.1181 0.011 0.2)
(0.1202 0.011 0.2)
(0.1223 0.011 0.2)
(0.1244 0.011 0.2)
(0.1265 0.011 0.2)
(0.1286 0.011 0.2)
(0.1307 0.011 0.2)
(0.1328 0.011 0.2)
(0.1349 0.011 0.2)
(0.137 0.011 0.2)
(0.1391 0.011 0.2)
(0.1412 0.011 0.2)
(0.1433 0.011 0.2)
(0.1454 0.011 0.2)
(0.1475 0.011 0.2)
(0.1496 0.011 0.2)
(0.1517 0.011 0.2)
(0.1538 0.011 0.2)
(0.1559 0.011 0.2)
(0.158 0.011 0.2)
(0.1601 0.011 0.2)
(0.1622 0.011 0.2)
(0.1643 0.011 0.2)
(0.1664 0.011 0.2)
(0.1685 0.011 0.2)
(0.1706 0.011 0.2)
(0.1727 0.011 0.2)
(0.1748 0.011 0.2)
(0.1769 0.011 0.2)
(0.179 0.011 0.2)
(0.1811 0.011 0.2)
(0.1832 0.011 0.2)
(0.1853 0.011 0.2)
(0.1874 0.011 0.2)
(0.1895 0.011 0.2)
(0.1916 0.011 0.2)
(0.1937 0.011 0.2)
(0.1958 0.011 0.2)
(0.1979 0.011 0.2)
(0.2 0.011 0.2)
(-0.01 0.032 0.2)
(-0.0079 0.032 0.2)
(-0.0058 0.032 0.2)
(-0.0037 0.032 0.2)
(-0.0016 0.032 0.2)
(0.0005 0.032 0.2)
(0.0026 0.032 0.2)
(0.0047 0.032 0.2)
(0.0068 0.032 0.2)
(0.0089 0.032 0.2)
(0.011 0.032 0.2)
(0.0131 0.032 0.2)
(0.0152 0.032 0.2)
(0.0173 0.032 0.2)
(0.0194 0.032 0.2)
(0.0215 0.032 0.2)
(0.0236 0.032 0.2)
(0.0257 0.032 0.2)
(0.0278 0.032 0.2)
(0.0299 0.032 0.2)
(0.032 0.032 0.2)
(0.0341 0.032 0.2)
(0.0362 0.032 0.2)
(0.0383 0.032 0.2)
(0.0404 0.032 0.2)
(0.0425 0.032 0.2)
(0.0446 0.032 0.2)
(0.0467 0.032 0.2)
(0.0488 0.032 0.2)
(0.0509 0.032 0.2)
(0.053 0.032 0.2)
(0.0551 0.032 0.2)
(0.0572 0.032 0.2)
(0.0593 0.032 0.2)
(0.0614 0.032 0.2)
(0.0635 0.032 0.2)
(0.0656 0.032 0.2)
(0.0677 0.032 0.2)
(0.0698 0.032 0.2)
(0.0719 0.032 0.2)
(0.074 0.032 0.2)
(0.0761 0.032 0.2)
(0.0782 0.032 0.2)
(0.0803 0.032 0.2)
(0.0824 0.032 0.2)
(0.0845 0.032 0.2)
(0.0866 0.032 0.2)
(0.0887 0.032 0.2)
(0.0908 0.032 0.2)
(0.0929 0.032 0.2)
(0.095 0.032 0.2)
(0.0971 0.032 0.2)
(0.0992 0.032 0.2)
(0.1013 0.032 0.2)
(0.1034 0.032 0.2)
(0.1055 0.032 0.2)
(0.1076 0.032 0.2)
(0.1097 0.032 0.2)
(0.1118 0.032 0.2)
(0.1139 0.032 0.2)
(0.116 0.032 0.2)
(0.1181 0.032 0.2)
(0.1202 0.032 0.2)
(0.1223 0.032 0.2)
(0.1244 0.032 0.2)
(0.1265 0.032 0.2)
(0.1286 0.032 0.2)
(0.1307 0.032 0.2)
(0.1328 0.032 0.2)
(0.1349 0.032 0.2)
(0.137 0.032 0.2)
(0.1391 0.032 0.2)
(0.1412 0.032 0.2)
(0.1433 0.032 0.2)
(0.1454 0.032 0.2)
(0.1475 0.032 0.2)
(0.1496 0.032 0.2)
(0.1517 0.032 0.2)
(0.1538 0.032 0.2)
(0.1559 0.032 0.2)
(0.158 0.032 0.2)
(0.1601 0.032 0.2)
(0.1622 0.032 0.2)
(0.1643 0.032 0.2)
(0.1664 0.032 0.2)
(0.1685 0.032 0.2)
(0.1706 0.032 0.2)
(0.1727 0.032 0.2)
(0.1748 0.032 0.2)
(0.1769 0.032 0.2)
(0.179 0.032 0.2)
(0.1811 0.032 0.2)
(0.1832 0.032 0.2)
(0.1853 0.032 0.2)
(0.1874 0.032 0.2)
(0.1895 0.032 0.2)
(0.1916 0.032 0.2)
(0.1937 0.032 0.2)
(0.1958 0.032 0.2)
(0.1979 0.032 0.2)
(0.2 0.032 0.2)
(-0.01 0.053 0.2)
(-0.0079 0.053 0.2)
(-0.0058 0.053 0.2)
(-0.0037 0.053 0.2)
(-0.0016 0.053 0.2)
(0.0005 0.053 0.2)
(0.0026 0.053 0.2)
(0.0047 0.053 0.2)
(0.0068 0.053 0.2)
(0.0089 0.053 0.2)
(0.011 0.053 0.2)
(0.0131 0.053 0.2)
(0.0152 0.053 0.2)
(0.0173 0.053 0.2)
(0.0194 0.053 0.2)
(0.0215 0.053 0.2)
(0.0236 0.053 0.2)
(0.0257 0.053 0.2)
(0.0278 0.053 0.2)
(0.0299 0.053 0.2)
(0.032 0.053 0.2)
(0.0341 0.053 0.2)
(0.0362 0.053 0.2)
(0.0383 0.053 0.2)
(0.0404 0.053 0.2)
(0.0425 0.053 0.2)
(0.0446 0.053 0.2)
(0.0467 0.053 0.2)
(0.0488 0.053 0.2)
(0.0509 0.053 0.2)
(0.053 0.053 0.2)
(0.0551 0.053 0.2)
(0.0572 0.053 0.2)
(0.0593 0.053 0.2)
(0.0614 0.053 0.2)
(0.0635 0.053 0.2)
(0.0656 0.053 0.2)
(0.0677 0.053 0.2)
(0.0698 0.053 0.2)
(0.0719 0.053 0.2)
(0.074 0.053 0.2)
(0.0761 0.053 0.2)
(0.0782 0.053 0.2)
(0.0803 0.053 0.2)
(0.0824 0.053 0.2)
(0.0845 0.053 0.2)
(0.0866 0.053 0.2)
(0.0887 0.053 0.2)
(0.0908 0.053 0.2)
(0.0929 0.053 0.2)
(0.095 0.053 0.2)
(0.0971 0.053 0.2)
(0.0992 0.053 0.2)
(0.1013 0.053 0.2)
(0.1034 0.053 0.2)
(0.1055 0.053 0.2)
(0.1076 0.053 0.2)
(0.1097 0.053 0.2)
(0.1118 0.053 0.2)
(0.1139 0.053 0.2)
(0.116 0.053 0.2)
(0.1181 0.053 0.2)
(0.1202 0.053 0.2)
(0.1223 0.053 0.2)
(0.1244 0.053 0.2)
(0.1265 0.053 0.2)
(0.1286 0.053 0.2)
(0.1307 0.053 0.2)
(0.1328 0.053 0.2)
(0.1349 0.053 0.2)
(0.137 0.053 0.2)
(0.1391 0.053 0.2)
(0.1412 0.053 0.2)
(0.1433 0.053 0.2)
(0.1454 0.053 0.2)
(0.1475 0.053 0.2)
(0.1496 0.053 0.2)
(0.1517 0.053 0.2)
(0.1538 0.053 0.2)
(0.1559 0.053 0.2)
(0.158 0.053 0.2)
(0.1601 0.053 0.2)
(0.1622 0.053 0.2)
(0.1643 0.053 0.2)
(0.1664 0.053 0.2)
(0.1685 0.053 0.2)
(0.1706 0.053 0.2)
(0.1727 0.053 0.2)
(0.1748 0.053 0.2)
(0.1769 0.053 0.2)
(0.179 0.053 0.2)
(0.1811 0.053 0.2)
(0.1832 0.053 0.2)
(0.1853 0.053 0.2)
(0.1874 0.053 0.2)
(0.1895 0.053 0.2)
(0.1916 0.053 0.2)
(0.1937 0.053 0.2)
(0.1958 0.053 0.2)
(0.1979 0.053 0.2)
(0.2 0.053 0.2)
(-0.01 0.074 0.2)
(-0.0079 0.074 0.2)
(-0.0058 0.074 0.2)
(-0.0037 0.074 0.2)
(-0.0016 0.074 0.2)
(0.0005 0.074 0.2)
(0.0026 0.074 0.2)
(0.0047 0.074 0.2)
(0.0068 0.074 0.2)
(0.0089 0.074 0.2)
(0.011 0.074 0.2)
(0.0131 0.074 0.2)
(0.0152 0.074 0.2)
(0.0173 0.074 0.2)
(0.0194 0.074 0.2)
(0.0215 0.074 0.2)
(0.0236 0.074 0.2)
(0.0257 0.074 0.2)
(0.0278 0.074 0.2)
(0.0299 0.074 0.2)
(0.032 0.074 0.2)
(0.0341 0.074 0.2)
(0.0362 0.074 0.2)
(0.0383 0.074 0.2)
(0.0404 0.074 0.2)
(0.0425 0.074 0.2)
(0.0446 0.074 0.2)
(0.0467 0.074 0.2)
(0.0488 0.074 0.2)
(0.0509 0.074 0.2)
(0.053 0.074 0.2)
(0.0551 0.074 0.2)
(0.0572 0.074 0.2)
(0.0593 0.074 0.2)
(0.0614 0.074 0.2)
(0.0635 0.074 0.2)
(0.0656 0.074 0.2)
(0.0677 0.074 0.2)
(0.0698 0.074 0.2)
(0.0719 0.074 0.2)
(0.074 0.074 0.2)
(0.0761 0.074 0.2)
(0.0782 0.074 0.2)
(0.0803 0.074 0.2)
(0.0824 0.074 0.2)
(0.0845 0.074 0.2)
(0.0866 0.074 0.2)
(0.0887 0.074 0.2)
(0.0908 0.074 0.2)
(0.0929 0.074 0.2)
(0.095 0.074 0.2)
(0.0971 0.074 0.2)
(0.0992 0.074 0.2)
(0.1013 0.074 0.2)
(0.1034 0.074 0.2)
(0.1055 0.074 0.2)
(0.1076 0.074 0.2)
(0.1097 0.074 0.2)
(0.1118 0.074 0.2)
(0.1139 0.074 0.2)
(0.116 0.074 0.2)
(0.1181 0.074 0.2)
(0.1202 0.074 0.2)
(0.1223 0.074 0.2)
(0.1244 0.074 0.2)
(0.1265 0.074 0.2)
(0.1286 0.074 0.2)
(0.1307 0.074 0.2)
(0.1328 0.074 0.2)
(0.1349 0.074 0.2)
(0.137 0.074 0.2)
(0.1391 0.074 0.2)
(0.1412 0.074 0.2)
(0.1433 0.074 0.2)
(0.1454 0.074 0.2)
(0.1475 0.074 0.2)
(0.1496 0.074 0.2)
(0.1517 0.074 0.2)
(0.1538 0.074 0.2)
(0.1559 0.074 0.2)
(0.158 0.074 0.2)
(0.1601 0.074 0.2)
(0.1622 0.074 0.2)
(0.1643 0.074 0.2)
(0.1664 0.074 0.2)
(0.1685 0.074 0.2)
(0.1706 0.074 0.2)
(0.1727 0.074 0.2)
(0.1748 0.074 0.2)
(0.1769 0.074 0.2)
(0.179 0.074 0.2)
(0.1811 0.074 0.2)
(0.1832 0.074 0.2)
(0.1853 0.074 0.2)
(0.1874 0.074 0.2)
(0.1895 0.074 0.2)
(0.1916 0.074 0.2)
(0.1937 0.074 0.2)
(0.1958 0.074 0.2)
(0.1979 0.074 0.2)
(0.2 0.074 0.2)
(-0.01 0.095 0.2)
(-0.0079 0.095 0.2)
(-0.0058 0.095 0.2)
(-0.0037 0.095 0.2)
(-0.0016 0.095 0.2)
(0.0005 0.095 0.2)
(0.0026 0.095 0.2)
(0.0047 0.095 0.2)
(0.0068 0.095 0.2)
(0.0089 0.095 0.2)
(0.011 0.095 0.2)
(0.0131 0.095 0.2)
(0.0152 0.095 0.2)
(0.0173 0.095 0.2)
(0.0194 0.095 0.2)
(0.0215 0.095 0.2)
(0.0236 0.095 0.2)
(0.0257 0.095 0.2)
(0.0278 0.095 0.2)
(0.0299 0.095 0.2)
(0.032 0.095 0.2)
(0.0341 0.095 0.2)
(0.0362 0.095 0.2)
(0.0383 0.095 0.2)
(0.0404 0.095 0.2)
(0.0425 0.095 0.2)
(0.0446 0.095 0.2)
(0.0467 0.095 0.2)
(0.0488 0.095 0.2)
(0.0509 0.095 0.2)
(0.053 0.095 0.2)
(0.0551 0.095 0.2)
(0.0572 0.095 0.2)
(0.0593 0.095 0.2)
(0.0614 0.095 0.2)
(0.0635 0.095 0.2)
(0.0656 0.095 0.2)
(0.0677 0.095 0.2)
(0.0698 0.095 0.2)
(0.0719 0.095 0.2)
(0.074 0.095 0.2)
(0.0761 0.095 0.2)
(0.0782 0.095 0.2)
(0.0803 0.095 0.2)
(0.0824 0.095 0.2)
(0.0845 0.095 0.2)
(0.0866 0.095 0.2)
(0.0887 0.095 0.2)
(0.0908 0.095 0.2)
(0.0929 0.095 0.2)
(0.095 0.095 0.2)
(0.0971 0.095 0.2)
(0.0992 0.095 0.2)
(0.1013 0.095 0.2)
(0.1034 0.095 0.2)
(0.1055 0.095 0.2)
(0.1076 0.095 0.2)
(0.1097 0.095 0.2)
(0.1118 0.095 0.2)
(0.1139 0.095 0.2)
(0.116 0.095 0.2)
(0.1181 0.095 0.2)
(0.1202 0.095 0.2)
(0.1223 0.095 0.2)
(0.1244 0.095 0.2)
(0.1265 0.095 0.2)
(0.1286 0.095 0.2)
(0.1307 0.095 0.2)
(0.1328 0.095 0.2)
(0.1349 0.095 0.2)
(0.137 0.095 0.2)
(0.1391 0.095 0.2)
(0.1412 0.095 0.2)
(0.1433 0.095 0.2)
(0.1454 0.095 0.2)
(0.1475 0.095 0.2)
(0.1496 0.095 0.2)
(0.1517 0.095 0.2)
(0.1538 0.095 0.2)
(0.1559 0.095 0.2)
(0.158 0.095 0.2)
(0.1601 0.095 0.2)
(0.1622 0.095 0.2)
(0.1643 0.095 0.2)
(0.1664 0.095 0.2)
(0.1685 0.095 0.2)
(0.1706 0.095 0.2)
(0.1727 0.095 0.2)
(0.1748 0.095 0.2)
(0.1769 0.095 0.2)
(0.179 0.095 0.2)
(0.1811 0.095 0.2)
(0.1832 0.095 0.2)
(0.1853 0.095 0.2)
(0.1874 0.095 0.2)
(0.1895 0.095 0.2)
(0.1916 0.095 0.2)
(0.1937 0.095 0.2)
(0.1958 0.095 0.2)
(0.1979 0.095 0.2)
(0.2 0.095 0.2)
(-0.01 0.116 0.2)
(-0.0079 0.116 0.2)
(-0.0058 0.116 0.2)
(-0.0037 0.116 0.2)
(-0.0016 0.116 0.2)
(0.0005 0.116 0.2)
(0.0026 0.116 0.2)
(0.0047 0.116 0.2)
(0.0068 0.116 0.2)
(0.0089 0.116 0.2)
(0.011 0.116 0.2)
(0.0131 0.116 0.2)
(0.0152 0.116 0.2)
(0.0173 0.116 0.2)
(0.0194 0.116 0.2)
(0.0215 0.116 0.2)
(0.0236 0.116 0.2)
(0.0257 0.116 0.2)
(0.0278 0.116 0.2)
(0.0299 0.116 0.2)
(0.032 0.116 0.2)
(0.0341 0.116 0.2)
(0.0362 0.116 0.2)
(0.0383 0.116 0.2)
(0.0404 0.116 0.2)
(0.0425 0.116 0.2)
(0.0446 0.116 0.2)
(0.0467 0.116 0.2)
(0.0488 0.116 0.2)
(0.0509 0.116 0.2)
(0.053 0.116 0.2)
(0.0551 0.116 0.2)
(0.0572 0.116 0.2)
(0.0593 0.116 0.2)
(0.0614 0.116 0.2)
(0.0635 0.116 0.2)
(0.0656 0.116 0.2)
(0.0677 0.116 0.2)
(0.0698 0.116 0.2)
(0.0719 0.116 0.2)
(0.074 0.116 0.2)
(0.0761 0.116 0.2)
(0.0782 0.116 0.2)
(0.0803 0.116 0.2)
(0.0824 0.116 0.2)
(0.0845 0.116 0.2)
(0.0866 0.116 0.2)
(0.0887 0.116 0.2)
(0.0908 0.116 0.2)
(0.0929 0.116 0.2)
(0.095 0.116 0.2)
(0.0971 0.116 0.2)
(0.0992 0.116 0.2)
(0.1013 0.116 0.2)
(0.1034 0.116 0.2)
(0.1055 0.116 0.2)
(0.1076 0.116 0.2)
(0.1097 0.116 0.2)
(0.1118 0.116 0.2)
(0.1139 0.116 0.2)
(0.116 0.116 0.2)
(0.1181 0.116 0.2)
(0.1202 0.116 0.2)
(0.1223 0.116 0.2)
(0.1244 0.116 0.2)
(0.1265 0.116 0.2)
(0.1286 0.116 0.2)
(0.1307 0.116 0.2)
(0.1328 0.116 0.2)
(0.1349 0.116 0.2)
(0.137 0.116 0.2)
(0.1391 0.116 0.2)
(0.1412 0.116 0.2)
(0.1433 0.116 0.2)
(0.1454 0.116 0.2)
(0.1475 0.116 0.2)
(0.1496 0.116 0.2)
(0.1517 0.116 0.2)
(0.1538 0.116 0.2)
(0.1559 0.116 0.2)
(0.158 0.116 0.2)
(0.1601 0.116 0.2)
(0.1622 0.116 0.2)
(0.1643 0.116 0.2)
(0.1664 0.116 0.2)
(0.1685 0.116 0.2)
(0.1706 0.116 0.2)
(0.1727 0.116 0.2)
(0.1748 0.116 0.2)
(0.1769 0.116 0.2)
(0.179 0.116 0.2)
(0.1811 0.116 0.2)
(0.1832 0.116 0.2)
(0.1853 0.116 0.2)
(0.1874 0.116 0.2)
(0.1895 0.116 0.2)
(0.1916 0.116 0.2)
(0.1937 0.116 0.2)
(0.1958 0.116 0.2)
(0.1979 0.116 0.2)
(0.2 0.116 0.2)
(-0.01 0.137 0.2)
(-0.0079 0.137 0.2)
(-0.0058 0.137 0.2)
(-0.0037 0.137 0.2)
(-0.0016 0.137 0.2)
(0.0005 0.137 0.2)
(0.0026 0.137 0.2)
(0.0047 0.137 0.2)
(0.0068 0.137 0.2)
(0.0089 0.137 0.2)
(0.011 0.137 0.2)
(0.0131 0.137 0.2)
(0.0152 0.137 0.2)
(0.0173 0.137 0.2)
(0.0194 0.137 0.2)
(0.0215 0.137 0.2)
(0.0236 0.137 0.2)
(0.0257 0.137 0.2)
(0.0278 0.137 0.2)
(0.0299 0.137 0.2)
(0.032 0.137 0.2)
(0.0341 0.137 0.2)
(0.0362 0.137 0.2)
(0.0383 0.137 0.2)
(0.0404 0.137 0.2)
(0.0425 0.137 0.2)
(0.0446 0.137 0.2)
(0.0467 0.137 0.2)
(0.0488 0.137 0.2)
(0.0509 0.137 0.2)
(0.053 0.137 0.2)
(0.0551 0.137 0.2)
(0.0572 0.137 0.2)
(0.0593 0.137 0.2)
(0.0614 0.137 0.2)
(0.0635 0.137 0.2)
(0.0656 0.137 0.2)
(0.0677 0.137 0.2)
(0.0698 0.137 0.2)
(0.0719 0.137 0.2)
(0.074 0.137 0.2)
(0.0761 0.137 0.2)
(0.0782 0.137 0.2)
(0.0803 0.137 0.2)
(0.0824 0.137 0.2)
(0.0845 0.137 0.2)
(0.0866 0.137 0.2)
(0.0887 0.137 0.2)
(0.0908 0.137 0.2)
(0.0929 0.137 0.2)
(0.095 0.137 0.2)
(0.0971 0.137 0.2)
(0.0992 0.137 0.2)
(0.1013 0.137 0.2)
(0.1034 0.137 0.2)
(0.1055 0.137 0.2)
(0.1076 0.137 0.2)
(0.1097 0.137 0.2)
(0.1118 0.137 0.2)
(0.1139 0.137 0.2)
(0.116 0.137 0.2)
(0.1181 0.137 0.2)
(0.1202 0.137 0.2)
(0.1223 0.137 0.2)
(0.1244 0.137 0.2)
(0.1265 0.137 0.2)
(0.1286 0.137 0.2)
(0.1307 0.137 0.2)
(0.1328 0.137 0.2)
(0.1349 0.137 0.2)
(0.137 0.137 0.2)
(0.1391 0.137 0.2)
(0.1412 0.137 0.2)
(0.1433 0.137 0.2)
(0.1454 0.137 0.2)
(0.1475 0.137 0.2)
(0.1496 0.137 0.2)
(0.1517 0.137 0.2)
(0.1538 0.137 0.2)
(0.1559 0.137 0.2)
(0.158 0.137 0.2)
(0.1601 0.137 0.2)
(0.1622 0.137 0.2)
(0.1643 0.137 0.2)
(0.1664 0.137 0.2)
(0.1685 0.137 0.2)
(0.1706 0.137 0.2)
(0.1727 0.137 0.2)
(0.1748 0.137 0.2)
(0.1769 0.137 0.2)
(0.179 0.137 0.2)
(0.1811 0.137 0.2)
(0.1832 0.137 0.2)
(0.1853 0.137 0.2)
(0.1874 0.137 0.2)
(0.1895 0.137 0.2)
(0.1916 0.137 0.2)
(0.1937 0.137 0.2)
(0.1958 0.137 0.2)
(0.1979 0.137 0.2)
(0.2 0.137 0.2)
(-0.01 0.158 0.2)
(-0.0079 0.158 0.2)
(-0.0058 0.158 0.2)
(-0.0037 0.158 0.2)
(-0.0016 0.158 0.2)
(0.0005 0.158 0.2)
(0.0026 0.158 0.2)
(0.0047 0.158 0.2)
(0.0068 0.158 0.2)
(0.0089 0.158 0.2)
(0.011 0.158 0.2)
(0.0131 0.158 0.2)
(0.0152 0.158 0.2)
(0.0173 0.158 0.2)
(0.0194 0.158 0.2)
(0.0215 0.158 0.2)
(0.0236 0.158 0.2)
(0.0257 0.158 0.2)
(0.0278 0.158 0.2)
(0.0299 0.158 0.2)
(0.032 0.158 0.2)
(0.0341 0.158 0.2)
(0.0362 0.158 0.2)
(0.0383 0.158 0.2)
(0.0404 0.158 0.2)
(0.0425 0.158 0.2)
(0.0446 0.158 0.2)
(0.0467 0.158 0.2)
(0.0488 0.158 0.2)
(0.0509 0.158 0.2)
(0.053 0.158 0.2)
(0.0551 0.158 0.2)
(0.0572 0.158 0.2)
(0.0593 0.158 0.2)
(0.0614 0.158 0.2)
(0.0635 0.158 0.2)
(0.0656 0.158 0.2)
(0.0677 0.158 0.2)
(0.0698 0.158 0.2)
(0.0719 0.158 0.2)
(0.074 0.158 0.2)
(0.0761 0.158 0.2)
(0.0782 0.158 0.2)
(0.0803 0.158 0.2)
(0.0824 0.158 0.2)
(0.0845 0.158 0.2)
(0.0866 0.158 0.2)
(0.0887 0.158 0.2)
(0.0908 0.158 0.2)
(0.0929 0.158 0.2)
(0.095 0.158 0.2)
(0.0971 0.158 0.2)
(0.0992 0.158 0.2)
(0.1013 0.158 0.2)
(0.1034 0.158 0.2)
(0.1055 0.158 0.2)
(0.1076 0.158 0.2)
(0.1097 0.158 0.2)
(0.1118 0.158 0.2)
(0.1139 0.158 0.2)
(0.116 0.158 0.2)
(0.1181 0.158 0.2)
(0.1202 0.158 0.2)
(0.1223 0.158 0.2)
(0.1244 0.158 0.2)
(0.1265 0.158 0.2)
(0.1286 0.158 0.2)
(0.1307 0.158 0.2)
(0.1328 0.158 0.2)
(0.1349 0.158 0.2)
(0.137 0.158 0.2)
(0.1391 0.158 0.2)
(0.1412 0.158 0.2)
(0.1433 0.158 0.2)
(0.1454 0.158 0.2)
(0.1475 0.158 0.2)
(0.1496 0.158 0.2)
(0.1517 0.158 0.2)
(0.1538 0.158 0.2)
(0.1559 0.158 0.2)
(0.158 0.158 0.2)
(0.1601 0.158 0.2)
(0.1622 0.158 0.2)
(0.1643 0.158 0.2)
(0.1664 0.158 0.2)
(0.1685 0.158 0.2)
(0.1706 0.158 0.2)
(0.1727 0.158 0.2)
(0.1748 0.158 0.2)
(0.1769 0.158 0.2)
(0.179 0.158 0.2)
(0.1811 0.158 0.2)
(0.1832 0.158 0.2)
(0.1853 0.158 0.2)
(0.1874 0.158 0.2)
(0.1895 0.158 0.2)
(0.1916 0.158 0.2)
(0.1937 0.158 0.2)
(0.1958 0.158 0.2)
(0.1979 0.158 0.2)
(0.2 0.158 0.2)
(-0.01 0.179 0.2)
(-0.0079 0.179 0.2)
(-0.0058 0.179 0.2)
(-0.0037 0.179 0.2)
(-0.0016 0.179 0.2)
(0.0005 0.179 0.2)
(0.0026 0.179 0.2)
(0.0047 0.179 0.2)
(0.0068 0.179 0.2)
(0.0089 0.179 0.2)
(0.011 0.179 0.2)
(0.0131 0.179 0.2)
(0.0152 0.179 0.2)
(0.0173 0.179 0.2)
(0.0194 0.179 0.2)
(0.0215 0.179 0.2)
(0.0236 0.179 0.2)
(0.0257 0.179 0.2)
(0.0278 0.179 0.2)
(0.0299 0.179 0.2)
(0.032 0.179 0.2)
(0.0341 0.179 0.2)
(0.0362 0.179 0.2)
(0.0383 0.179 0.2)
(0.0404 0.179 0.2)
(0.0425 0.179 0.2)
(0.0446 0.179 0.2)
(0.0467 0.179 0.2)
(0.0488 0.179 0.2)
(0.0509 0.179 0.2)
(0.053 0.179 0.2)
(0.0551 0.179 0.2)
(0.0572 0.179 0.2)
(0.0593 0.179 0.2)
(0.0614 0.179 0.2)
(0.0635 0.179 0.2)
(0.0656 0.179 0.2)
(0.0677 0.179 0.2)
(0.0698 0.179 0.2)
(0.0719 0.179 0.2)
(0.074 0.179 0.2)
(0.0761 0.179 0.2)
(0.0782 0.179 0.2)
(0.0803 0.179 0.2)
(0.0824 0.179 0.2)
(0.0845 0.179 0.2)
(0.0866 0.179 0.2)
(0.0887 0.179 0.2)
(0.0908 0.179 0.2)
(0.0929 0.179 0.2)
(0.095 0.179 0.2)
(0.0971 0.179 0.2)
(0.0992 0.179 0.2)
(0.1013 0.179 0.2)
(0.1034 0.179 0.2)
(0.1055 0.179 0.2)
(0.1076 0.179 0.2)
(0.1097 0.179 0.2)
(0.1118 0.179 0.2)
(0.1139 0.179 0.2)
(0.116 0.179 0.2)
(0.1181 0.179 0.2)
(0.1202 0.179 0.2)
(0.1223 0.179 0.2)
(0.1244 0.179 0.2)
(0.1265 0.179 0.2)
(0.1286 0.179 0.2)
(0.1307 0.179 0.2)
(0.1328 0.179 0.2)
(0.1349 0.179 0.2)
(0.137 0.179 0.2)
(0.1391 0.179 0.2)
(0.1412 0.179 0.2)
(0.1433 0.179 0.2)
(0.1454 0.179 0.2)
(0.1475 0.179 0.2)
(0.1496 0.179 0.2)
(0.1517 0.179 0.2)
(0.1538 0.179 0.2)
(0.1559 0.179 0.2)
(0.158 0.179 0.2)
(0.1601 0.179 0.2)
(0.1622 0.179 0.2)
(0.1643 0.179 0.2)
(0.1664 0.179 0.2)
(0.1685 0.179 0.2)
(0.1706 0.179 0.2)
(0.1727 0.179 0.2)
(0.1748 0.179 0.2)
(0.1769 0.179 0.2)
(0.179 0.179 0.2)
(0.1811 0.179 0.2)
(0.1832 0.179 0.2)
(0.1853 0.179 0.2)
(0.1874 0.179 0.2)
(0.1895 0.179 0.2)
(0.1916 0.179 0.2)
(0.1937 0.179 0.2)
(0.1958 0.179 0.2)
(0.1979 0.179 0.2)
(0.2 0.179 0.2)
(-0.01 0.2 0.2)
(-0.0079 0.2 0.2)
(-0.0058 0.2 0.2)
(-0.0037 0.2 0.2)
(-0.0016 0.2 0.2)
(0.0005 0.2 0.2)
(0.0026 0.2 0.2)
(0.0047 0.2 0.2)
(0.0068 0.2 0.2)
(0.0089 0.2 0.2)
(0.011 0.2 0.2)
(0.0131 0.2 0.2)
(0.0152 0.2 0.2)
(0.0173 0.2 0.2)
(0.0194 0.2 0.2)
(0.0215 0.2 0.2)
(0.0236 0.2 0.2)
(0.0257 0.2 0.2)
(0.0278 0.2 0.2)
(0.0299 0.2 0.2)
(0.032 0.2 0.2)
(0.0341 0.2 0.2)
(0.0362 0.2 0.2)
(0.0383 0.2 0.2)
(0.0404 0.2 0.2)
(0.0425 0.2 0.2)
(0.0446 0.2 0.2)
(0.0467 0.2 0.2)
(0.0488 0.2 0.2)
(0.0509 0.2 0.2)
(0.053 0.2 0.2)
(0.0551 0.2 0.2)
(0.0572 0.2 0.2)
(0.0593 0.2 0.2)
(0.0614 0.2 0.2)
(0.0635 0.2 0.2)
(0.0656 0.2 0.2)
(0.0677 0.2 0.2)
(0.0698 0.2 0.2)
(0.0719 0.2 0.2)
(0.074 0.2 0.2)
(0.0761 0.2 0.2)
(0.0782 0.2 0.2)
(0.0803 0.2 0.2)
(0.0824 0.2 0.2)
(0.0845 0.2 0.2)
(0.0866 0.2 0.2)
(0.0887 0.2 0.2)
(0.0908 0.2 0.2)
(0.0929 0.2 0.2)
(0.095 0.2 0.2)
(0.0971 0.2 0.2)
(0.0992 0.2 0.2)
(0.1013 0.2 0.2)
(0.1034 0.2 0.2)
(0.1055 0.2 0.2)
(0.1076 0.2 0.2)
(0.1097 0.2 0.2)
(0.1118 0.2 0.2)
(0.1139 0.2 0.2)
(0.116 0.2 0.2)
(0.1181 0.2 0.2)
(0.1202 0.2 0.2)
(0.1223 0.2 0.2)
(0.1244 0.2 0.2)
(0.1265 0.2 0.2)
(0.1286 0.2 0.2)
(0.1307 0.2 0.2)
(0.1328 0.2 0.2)
(0.1349 0.2 0.2)
(0.137 0.2 0.2)
(0.1391 0.2 0.2)
(0.1412 0.2 0.2)
(0.1433 0.2 0.2)
(0.1454 0.2 0.2)
(0.1475 0.2 0.2)
(0.1496 0.2 0.2)
(0.1517 0.2 0.2)
(0.1538 0.2 0.2)
(0.1559 0.2 0.2)
(0.158 0.2 0.2)
(0.1601 0.2 0.2)
(0.1622 0.2 0.2)
(0.1643 0.2 0.2)
(0.1664 0.2 0.2)
(0.1685 0.2 0.2)
(0.1706 0.2 0.2)
(0.1727 0.2 0.2)
(0.1748 0.2 0.2)
(0.1769 0.2 0.2)
(0.179 0.2 0.2)
(0.1811 0.2 0.2)
(0.1832 0.2 0.2)
(0.1853 0.2 0.2)
(0.1874 0.2 0.2)
(0.1895 0.2 0.2)
(0.1916 0.2 0.2)
(0.1937 0.2 0.2)
(0.1958 0.2 0.2)
(0.1979 0.2 0.2)
(0.2 0.2 0.2)
)


// ************************************************************************* //
