/*--------------------------------*- C++ -*----------------------------------*\
| =========                 |                                                 |
| \\      /  F ield         | OpenFOAM: The Open Source CFD Toolbox           |
|  \\    /   O peration     | Version:  5.x                                   |
|   \\  /    A nd           | Web:      www.OpenFOAM.org                      |
|    \\/     M anipulation  |                                                 |
\*---------------------------------------------------------------------------*/
/*   Windows 32 and 64 bit porting by blueCAPE: http://www.bluecape.com.pt   *\
|  Based on Windows porting (2.0.x v4) by Symscape: http://www.symscape.com   |
\*---------------------------------------------------------------------------*/
FoamFile
{
    version     2.0;
    format      ascii;
    class       volScalarField;
    location    "2701";
    object      nut;
}
// * * * * * * * * * * * * * * * * * * * * * * * * * * * * * * * * * * * * * //

dimensions      [0 2 -1 0 0 0 0];

internalField   nonuniform List<scalar> 
4000
(
5.02025e-005
4.65911e-005
4.33182e-005
4.03339e-005
3.76026e-005
3.50964e-005
3.27921e-005
3.06699e-005
2.87127e-005
2.69056e-005
2.52353e-005
2.369e-005
2.2259e-005
2.09329e-005
1.97031e-005
1.85617e-005
1.75017e-005
1.65168e-005
1.5601e-005
1.4749e-005
1.3956e-005
1.32175e-005
1.25294e-005
1.1888e-005
1.12897e-005
1.07315e-005
1.02104e-005
9.72376e-006
9.2691e-006
8.84409e-006
8.44664e-006
8.07483e-006
7.72685e-006
7.40106e-006
7.09591e-006
6.81e-006
6.54198e-006
6.29068e-006
6.05494e-006
5.83373e-006
5.62606e-006
5.43106e-006
5.24793e-006
5.07583e-006
4.91408e-006
4.74282e-006
4.52032e-006
4.31411e-006
4.1228e-006
3.94519e-006
3.78014e-006
3.62663e-006
3.48374e-006
3.35062e-006
3.22649e-006
3.1107e-006
3.0026e-006
2.90161e-006
2.80722e-006
2.71893e-006
2.63633e-006
2.55899e-006
2.48657e-006
2.41873e-006
2.35515e-006
2.29554e-006
2.23968e-006
2.1873e-006
2.13819e-006
2.09214e-006
2.04897e-006
2.00851e-006
1.97061e-006
1.93512e-006
1.90188e-006
1.87079e-006
1.84172e-006
1.81451e-006
1.78874e-006
1.76356e-006
1.73904e-006
1.71516e-006
1.69194e-006
1.6694e-006
1.64754e-006
1.62637e-006
1.6059e-006
1.58611e-006
1.567e-006
1.54857e-006
1.5308e-006
1.51368e-006
1.49721e-006
1.48137e-006
1.46615e-006
1.45151e-006
1.43748e-006
1.42401e-006
1.41109e-006
1.39873e-006
1.38689e-006
1.37556e-006
1.36473e-006
1.35439e-006
1.34452e-006
1.33511e-006
1.32614e-006
1.31761e-006
1.3095e-006
1.30179e-006
1.29448e-006
1.28756e-006
1.28101e-006
1.27482e-006
1.26899e-006
1.26351e-006
1.25836e-006
1.25354e-006
1.24904e-006
1.24485e-006
1.24097e-006
1.23739e-006
1.2341e-006
1.2311e-006
1.22836e-006
1.22591e-006
1.22372e-006
1.2218e-006
1.22013e-006
1.21872e-006
1.21755e-006
1.21663e-006
1.21595e-006
1.2155e-006
1.21528e-006
1.2153e-006
1.21554e-006
1.216e-006
1.21667e-006
1.21757e-006
1.21868e-006
1.21999e-006
1.22151e-006
1.22324e-006
1.22517e-006
1.2273e-006
1.22964e-006
1.23216e-006
1.23488e-006
1.2378e-006
1.2409e-006
1.24419e-006
1.24767e-006
1.25134e-006
1.25519e-006
1.25922e-006
1.26344e-006
1.26784e-006
1.27242e-006
1.27717e-006
1.28211e-006
1.28722e-006
1.2925e-006
1.29797e-006
1.30361e-006
1.30942e-006
1.3154e-006
1.32155e-006
1.32788e-006
1.33439e-006
1.34106e-006
1.3479e-006
1.35491e-006
1.36208e-006
1.36944e-006
1.37695e-006
1.38464e-006
1.39249e-006
1.40052e-006
1.40871e-006
1.41707e-006
1.4256e-006
1.43429e-006
1.44315e-006
1.45218e-006
1.46138e-006
1.47074e-006
1.48027e-006
1.48997e-006
1.49982e-006
1.50985e-006
1.52003e-006
1.53038e-006
1.5409e-006
1.55156e-006
1.56241e-006
1.57334e-006
1.58462e-006
1.59565e-006
1.6071e-006
0.00140573
0.00076993
0.000573247
0.000472479
0.000409257
0.000364986
0.000331799
0.000305713
0.000284515
0.000266839
0.000251797
0.000238783
0.000227374
0.000217262
0.000208219
0.000200068
0.000192673
0.000185925
0.000179734
0.000174029
0.000168752
0.000163853
0.00015929
0.000155028
0.000151038
0.000147294
0.000143772
0.000140455
0.000137323
0.000134363
0.00013156
0.000128904
0.000126382
0.000123987
0.000121708
0.000119538
0.000117471
0.0001155
0.000113618
0.000111821
0.000110104
0.000108463
0.000106893
0.000105391
0.000103953
0.000102576
0.000101258
9.9997e-005
9.8789e-005
9.76322e-005
9.65239e-005
9.5462e-005
9.44443e-005
9.34692e-005
9.25346e-005
9.16395e-005
9.07819e-005
8.99607e-005
8.91742e-005
8.84214e-005
8.77013e-005
8.70124e-005
8.63541e-005
8.57251e-005
8.51247e-005
8.4552e-005
8.4006e-005
8.34864e-005
8.29922e-005
8.25225e-005
8.2077e-005
8.1655e-005
8.12557e-005
8.08787e-005
8.05234e-005
8.0189e-005
7.98749e-005
7.95797e-005
7.9094e-005
7.81646e-005
7.72778e-005
7.64307e-005
7.56199e-005
7.48433e-005
7.40955e-005
7.33788e-005
7.26907e-005
7.20283e-005
7.139e-005
7.0775e-005
7.01834e-005
6.96145e-005
6.90651e-005
6.8536e-005
6.80252e-005
6.75333e-005
6.7059e-005
6.66005e-005
6.61585e-005
6.57319e-005
6.5321e-005
6.49253e-005
6.45435e-005
6.41747e-005
6.38196e-005
6.3477e-005
6.31466e-005
6.28267e-005
6.25195e-005
6.22233e-005
6.19372e-005
6.16623e-005
6.13971e-005
6.1142e-005
6.08969e-005
6.06616e-005
6.04352e-005
6.02171e-005
6.00083e-005
5.98091e-005
5.96167e-005
5.94338e-005
5.92582e-005
5.90902e-005
5.89304e-005
5.87788e-005
5.86345e-005
5.84963e-005
5.83659e-005
5.82425e-005
5.81258e-005
5.80164e-005
5.79133e-005
5.78166e-005
5.77266e-005
5.76417e-005
5.7564e-005
5.74924e-005
5.74264e-005
5.73665e-005
5.73117e-005
5.72629e-005
5.722e-005
5.71825e-005
5.71503e-005
5.71233e-005
5.71013e-005
5.70849e-005
5.70732e-005
5.70659e-005
5.70639e-005
5.70673e-005
5.70754e-005
5.70878e-005
5.71045e-005
5.71266e-005
5.71522e-005
5.7183e-005
5.7218e-005
5.7257e-005
5.73006e-005
5.73483e-005
5.74e-005
5.74557e-005
5.75154e-005
5.75786e-005
5.76463e-005
5.77178e-005
5.77935e-005
5.78725e-005
5.79547e-005
5.80408e-005
5.81311e-005
5.82248e-005
5.8322e-005
5.84221e-005
5.85267e-005
5.86342e-005
5.87445e-005
5.88582e-005
5.89753e-005
5.90961e-005
5.92198e-005
5.9347e-005
5.94773e-005
5.96097e-005
5.97455e-005
5.98845e-005
6.00265e-005
6.0171e-005
6.03181e-005
6.04676e-005
6.06196e-005
6.07755e-005
6.09306e-005
6.10964e-005
6.12464e-005
6.14107e-005
6.15739e-005
6.16552e-005
0.00582947
0.00341122
0.00245406
0.00194916
0.00163588
0.00142115
0.00126394
0.00114333
0.00104754
0.000969395
0.000904264
0.000849017
0.000801482
0.000760088
0.000723676
0.00069137
0.000662477
0.000636459
0.000612895
0.000591433
0.000571795
0.000553743
0.000537086
0.000521663
0.000507332
0.000493979
0.000481498
0.000469806
0.000458825
0.000448486
0.000438738
0.000429523
0.000420797
0.000412521
0.000404659
0.000397177
0.000390047
0.000383245
0.000376745
0.000370527
0.000364571
0.000358858
0.000353376
0.000348108
0.000343042
0.000338164
0.000333462
0.00032893
0.000324553
0.000320328
0.000316241
0.000312288
0.000308462
0.000304754
0.000301162
0.000297677
0.000294296
0.000291011
0.000287821
0.00028472
0.000281704
0.000278771
0.000275915
0.000273134
0.000270425
0.000267786
0.000265212
0.000262703
0.000260254
0.000257866
0.000255534
0.000253256
0.000251033
0.000248862
0.00024674
0.000244665
0.000242637
0.000240652
0.000238715
0.000236828
0.000234989
0.000233196
0.000231442
0.000229729
0.000228052
0.00022641
0.000224802
0.000223225
0.000221678
0.000220161
0.000218672
0.000217211
0.000215775
0.000214365
0.00021298
0.000211619
0.000210281
0.000208966
0.000207673
0.000206402
0.000205148
0.000203913
0.000202696
0.000201497
0.000200315
0.00019915
0.000198002
0.000196871
0.000195757
0.00019466
0.000193578
0.000192513
0.000191463
0.000190428
0.00018941
0.000188407
0.000187418
0.000186445
0.000185487
0.000184543
0.000183613
0.000182698
0.000181797
0.000180909
0.000180036
0.000179176
0.00017833
0.000177498
0.000176678
0.000175871
0.000175078
0.000174297
0.00017353
0.000172775
0.000172032
0.000171301
0.000170583
0.000169877
0.000169184
0.000168502
0.000167831
0.000167174
0.000166527
0.000165892
0.000165268
0.000164656
0.000164055
0.000163465
0.000162887
0.000162319
0.000161762
0.000161216
0.000160681
0.000160156
0.000159642
0.000159138
0.000158645
0.000158163
0.00015769
0.000157228
0.000156775
0.000156333
0.000155901
0.000155478
0.000155066
0.000154663
0.00015427
0.000153886
0.000153513
0.000153148
0.000152793
0.000152448
0.000152112
0.000151785
0.000151467
0.000151159
0.00015086
0.00015057
0.000150289
0.000150017
0.000149754
0.000149501
0.000149256
0.000149021
0.000148794
0.000148576
0.000148367
0.000148167
0.000147976
0.000147794
0.00014762
0.000147456
0.0001473
0.000147152
0.000147013
0.000146882
0.000146759
0.000146644
0.000146532
0.000146429
0.00843936
0.00640496
0.00508654
0.00421483
0.00360775
0.00316363
0.00282529
0.00255897
0.00234376
0.00216607
0.00201673
0.00188932
0.00177925
0.00168313
0.00159843
0.00152317
0.00145583
0.00139517
0.00134023
0.00129023
0.00124449
0.00120249
0.00116378
0.00112796
0.00109473
0.00106379
0.00103492
0.0010079
0.000982566
0.000958747
0.000936311
0.000915135
0.000895112
0.000876148
0.000858154
0.000841058
0.000824786
0.000809276
0.000794482
0.000780343
0.000766817
0.000753861
0.000741443
0.000729519
0.00071806
0.000707045
0.000696435
0.000686214
0.000676358
0.000666842
0.000657651
0.000648762
0.000640165
0.000631843
0.000623776
0.000615955
0.000608368
0.000601006
0.000593854
0.000586898
0.000580134
0.000573557
0.000567151
0.000560909
0.000554828
0.000548898
0.000543118
0.000537472
0.00053196
0.000526576
0.000521317
0.000516171
0.000511142
0.000506225
0.000501408
0.000496691
0.000492074
0.000487546
0.000483113
0.000478763
0.000474502
0.00047032
0.000466218
0.000462195
0.000458243
0.000454367
0.000450561
0.00044682
0.000443147
0.000439536
0.000435987
0.000432497
0.000429066
0.000425689
0.000422368
0.0004191
0.000415885
0.00041272
0.000409604
0.000406533
0.000403512
0.000400535
0.000397603
0.000394715
0.000391869
0.000389061
0.000386299
0.000383572
0.000380886
0.000378237
0.000375625
0.000373049
0.000370511
0.000368007
0.000365537
0.000363102
0.000360698
0.000358329
0.000355991
0.000353685
0.000351409
0.000349166
0.000346951
0.000344767
0.000342611
0.000340484
0.000338386
0.000336314
0.000334271
0.000332254
0.000330266
0.000328301
0.000326364
0.000324454
0.000322566
0.000320705
0.000318869
0.000317055
0.000315267
0.000313503
0.00031176
0.000310043
0.000308346
0.000306674
0.000305024
0.000303395
0.000301788
0.000300203
0.000298638
0.000297096
0.000295575
0.000294073
0.000292591
0.000291131
0.000289691
0.00028827
0.000286869
0.000285488
0.000284125
0.000282781
0.000281458
0.000280152
0.000278865
0.000277595
0.000276346
0.000275113
0.000273898
0.000272701
0.000271523
0.000270361
0.000269218
0.000268091
0.000266981
0.000265889
0.000264813
0.000263755
0.000262712
0.000261687
0.000260678
0.000259687
0.00025871
0.00025775
0.000256807
0.000255881
0.000254969
0.000254074
0.000253196
0.000252333
0.000251486
0.000250656
0.00024984
0.00024904
0.000248257
0.000247488
0.000246734
0.000245996
0.000245272
0.000244563
0.000243863
0.000243207
0.00936986
0.00820785
0.00716322
0.00630245
0.005609
0.00504901
0.00459173
0.00421309
0.00389522
0.00362492
0.00339237
0.0031902
0.00301282
0.00285592
0.00271613
0.00259076
0.00247766
0.0023751
0.00228165
0.00219614
0.00211757
0.00204513
0.00197812
0.00191593
0.00185806
0.00180407
0.00175358
0.00170624
0.00166177
0.0016199
0.00158042
0.00154312
0.00150782
0.00147435
0.00144259
0.00141239
0.00138364
0.00135623
0.00133007
0.00130507
0.00128116
0.00125826
0.00123631
0.00121524
0.00119501
0.00117555
0.00115683
0.00113881
0.00112143
0.00110467
0.00108848
0.00107285
0.00105773
0.00104311
0.00102895
0.00101523
0.00100194
0.000989046
0.000976534
0.000964383
0.000952579
0.000941103
0.000929941
0.000919082
0.000908507
0.000898208
0.000888171
0.000878387
0.000868845
0.000859534
0.000850443
0.000841566
0.000832894
0.000824419
0.000816133
0.000808027
0.000800098
0.000792335
0.000784736
0.000777291
0.000769998
0.000762852
0.000755844
0.000748973
0.000742232
0.00073562
0.00072913
0.000722759
0.000716503
0.00071036
0.000704323
0.000698394
0.000692566
0.000686839
0.000681202
0.000675666
0.000670214
0.000664852
0.000659579
0.000654391
0.000649283
0.00064425
0.000639294
0.000634417
0.000629618
0.000624883
0.000620218
0.000615626
0.000611102
0.000606636
0.00060224
0.000597902
0.000593625
0.000589414
0.000585256
0.000581152
0.000577111
0.00057312
0.000569185
0.000565299
0.000561473
0.000557688
0.000553961
0.000550279
0.000546643
0.000543056
0.000539513
0.000536018
0.000532567
0.000529161
0.000525797
0.000522472
0.000519189
0.000515949
0.000512753
0.00050959
0.000506469
0.000503386
0.000500344
0.000497333
0.000494362
0.000491427
0.000488526
0.00048566
0.000482831
0.000480036
0.000477273
0.000474543
0.000471845
0.000469178
0.000466547
0.000463943
0.000461373
0.000458833
0.000456323
0.000453841
0.00045139
0.000448966
0.000446574
0.000444207
0.000441871
0.000439562
0.00043728
0.000435024
0.000432796
0.000430597
0.00042842
0.000426271
0.000424148
0.00042205
0.000419976
0.00041793
0.000415909
0.000413911
0.000411937
0.000409989
0.000408065
0.000406163
0.000404284
0.000402431
0.000400602
0.000398797
0.000397012
0.000395253
0.000393515
0.000391801
0.000390111
0.000388442
0.000386795
0.000385174
0.000383573
0.000381993
0.000380435
0.000378902
0.000377388
0.000375899
0.000374426
0.000372976
0.000371548
0.00037022
0.0097174
0.00910354
0.00842962
0.00777467
0.00717449
0.00663955
0.00616822
0.0057541
0.00538965
0.0050677
0.00478194
0.00452702
0.00429842
0.00409242
0.00390593
0.00373638
0.00358157
0.00343971
0.00330925
0.00318891
0.00307754
0.00297421
0.00287806
0.00278839
0.00270455
0.00262601
0.00255228
0.00248294
0.0024176
0.00235593
0.00229763
0.00224243
0.00219008
0.00214037
0.00209311
0.00204812
0.00200523
0.0019643
0.00192519
0.0018878
0.001852
0.00181769
0.00178478
0.00175319
0.00172284
0.00169364
0.00166555
0.00163849
0.0016124
0.00158723
0.00156294
0.00153947
0.00151678
0.00149484
0.0014736
0.00145303
0.00143311
0.00141379
0.00139505
0.00137685
0.00135919
0.00134203
0.00132535
0.00130912
0.00129334
0.00127798
0.00126301
0.00124844
0.00123423
0.00122038
0.00120687
0.00119369
0.00118082
0.00116826
0.00115598
0.00114399
0.00113226
0.0011208
0.00110958
0.00109861
0.00108786
0.00107735
0.00106704
0.00105695
0.00104706
0.00103737
0.00102786
0.00101854
0.0010094
0.00100043
0.00099162
0.000982975
0.000974488
0.000966151
0.000957962
0.000949917
0.00094201
0.000934239
0.000926598
0.000919085
0.000911696
0.000904427
0.000897278
0.000890242
0.000883318
0.000876501
0.000869792
0.000863185
0.000856679
0.00085027
0.000843959
0.000837739
0.000831613
0.000825575
0.000819623
0.000813757
0.000807974
0.000802273
0.000796651
0.000791107
0.000785639
0.000780247
0.000774927
0.000769677
0.000764499
0.000759388
0.000754346
0.000749369
0.000744456
0.000739607
0.000734822
0.000730095
0.00072543
0.000720823
0.000716273
0.00071178
0.000707342
0.00070296
0.000698631
0.000694354
0.000690129
0.000685955
0.000681832
0.000677757
0.000673731
0.000669753
0.000665821
0.000661936
0.000658095
0.0006543
0.000650548
0.00064684
0.000643174
0.000639551
0.000635968
0.000632427
0.000628927
0.000625464
0.000622043
0.000618658
0.000615312
0.000612004
0.000608732
0.000605498
0.000602298
0.000599136
0.000596008
0.000592915
0.000589856
0.000586831
0.00058384
0.000580882
0.000577957
0.000575066
0.000572205
0.000569377
0.000566581
0.000563816
0.000561082
0.000558379
0.000555706
0.000553064
0.000550452
0.000547871
0.000545319
0.000542796
0.000540303
0.00053784
0.000535405
0.000532999
0.000530622
0.000528274
0.000525954
0.000523663
0.000521399
0.000519162
0.000516952
0.000514771
0.000512627
0.000510664
0.00986196
0.00953581
0.00913009
0.00868592
0.00823444
0.00779547
0.00737964
0.00699176
0.00663318
0.00630313
0.00599988
0.00572132
0.00546526
0.00522958
0.00501227
0.00481152
0.00462571
0.00445336
0.0042932
0.00414407
0.00400493
0.00387487
0.00375308
0.00363882
0.00353147
0.00343042
0.00333517
0.00324524
0.00316023
0.00307974
0.00300344
0.00293101
0.00286218
0.00279669
0.0027343
0.0026748
0.00261801
0.00256374
0.00251182
0.00246211
0.00241447
0.00236879
0.00232493
0.0022828
0.00224228
0.0022033
0.00216576
0.00212959
0.00209471
0.00206105
0.00202855
0.00199715
0.00196679
0.00193742
0.001909
0.00188147
0.0018548
0.00182895
0.00180387
0.00177953
0.0017559
0.00173295
0.00171064
0.00168895
0.00166786
0.00164733
0.00162735
0.00160789
0.00158893
0.00157046
0.00155244
0.00153487
0.00151773
0.001501
0.00148467
0.00146871
0.00145312
0.00143789
0.001423
0.00140843
0.00139419
0.00138025
0.00136661
0.00135325
0.00134017
0.00132736
0.00131481
0.00130251
0.00129045
0.00127862
0.00126702
0.00125565
0.00124449
0.00123353
0.00122277
0.00121222
0.00120185
0.00119166
0.00118166
0.00117183
0.00116217
0.00115267
0.00114333
0.00113415
0.00112512
0.00111624
0.0011075
0.00109891
0.00109044
0.00108212
0.00107392
0.00106585
0.0010579
0.00105007
0.00104236
0.00103477
0.00102728
0.00101991
0.00101265
0.00100549
0.000998426
0.000991466
0.000984606
0.00097784
0.000971168
0.000964587
0.000958095
0.000951693
0.000945373
0.00093914
0.00093299
0.00092692
0.000920928
0.000915015
0.000909178
0.000903414
0.000897726
0.000892108
0.000886558
0.000881081
0.000875669
0.000870325
0.000865046
0.000859831
0.000854679
0.00084959
0.000844561
0.000839592
0.000834682
0.000829829
0.000825032
0.000820292
0.000815606
0.000810975
0.000806397
0.000801871
0.000797397
0.000792973
0.000788599
0.000784274
0.000779997
0.000775769
0.000771587
0.000767451
0.000763362
0.000759316
0.000755315
0.000751359
0.000747446
0.000743575
0.000739747
0.000735959
0.000732213
0.000728507
0.000724842
0.000721217
0.000717631
0.000714082
0.000710573
0.000707103
0.00070367
0.000700274
0.000696915
0.000693593
0.000690307
0.000687058
0.000683844
0.000680665
0.000677522
0.000674416
0.000671343
0.000668304
0.000665303
0.000662333
0.000659398
0.000656496
0.000653627
0.000650795
0.000648015
0.000645511
0.00992704
0.00974614
0.00950198
0.00921047
0.00888875
0.0085521
0.00821202
0.00787689
0.00755195
0.00724058
0.00694458
0.00666467
0.00640092
0.00615291
0.00592007
0.00570161
0.00549661
0.00530426
0.00512365
0.00495396
0.00479439
0.00464418
0.00450268
0.00436921
0.00424317
0.00412405
0.00401132
0.00390453
0.00380326
0.00370711
0.00361573
0.0035288
0.00344601
0.00336708
0.00329177
0.00321984
0.00315107
0.00308528
0.00302227
0.00296188
0.00290395
0.00284834
0.00279492
0.00274355
0.00269415
0.00264657
0.00260072
0.00255653
0.0025139
0.00247275
0.002433
0.00239458
0.00235743
0.00232149
0.0022867
0.002253
0.00222035
0.00218869
0.00215797
0.00212817
0.00209923
0.00207113
0.00204381
0.00201726
0.00199144
0.00196631
0.00194185
0.00191804
0.00189485
0.00187224
0.00185021
0.00182873
0.00180778
0.00178733
0.00176737
0.00174789
0.00172885
0.00171026
0.00169209
0.00167433
0.00165696
0.00163997
0.00162335
0.00160708
0.00159116
0.00157557
0.0015603
0.00154534
0.00153068
0.00151632
0.00150224
0.00148843
0.00147489
0.0014616
0.00144857
0.00143578
0.00142323
0.0014109
0.0013988
0.00138692
0.00137524
0.00136377
0.0013525
0.00134142
0.00133053
0.00131983
0.0013093
0.00129895
0.00128876
0.00127874
0.00126888
0.00125918
0.00124964
0.00124024
0.00123098
0.00122187
0.0012129
0.00120406
0.00119536
0.00118678
0.00117833
0.00117001
0.0011618
0.00115371
0.00114574
0.00113788
0.00113013
0.00112248
0.00111495
0.00110751
0.00110018
0.00109294
0.00108581
0.00107877
0.00107182
0.00106496
0.00105819
0.00105151
0.00104491
0.0010384
0.00103197
0.00102562
0.00101935
0.00101316
0.00100705
0.00100101
0.000995039
0.000989145
0.000983321
0.000977569
0.000971884
0.000966266
0.000960716
0.000955228
0.000949805
0.000944446
0.000939149
0.000933911
0.000928733
0.000923615
0.000918553
0.000913551
0.000908602
0.00090371
0.000898871
0.000894086
0.000889355
0.000884675
0.000880045
0.000875468
0.000870938
0.000866459
0.000862029
0.000857646
0.00085331
0.000849021
0.000844777
0.00084058
0.000836429
0.00083232
0.000828257
0.000824238
0.00082026
0.000816327
0.000812435
0.000808585
0.000804777
0.000801011
0.000797285
0.000793599
0.000789955
0.00078635
0.000782786
0.00077926
0.000775774
0.000772327
0.000768918
0.000765553
0.00076226
0.000759326
0.00995688
0.00984666
0.00968971
0.00949001
0.0092552
0.00899465
0.00871731
0.00843108
0.00814235
0.0078562
0.00757615
0.00730474
0.00704364
0.00679374
0.0065556
0.00632924
0.00611451
0.00591109
0.00571855
0.00553634
0.00536394
0.00520078
0.00504632
0.00490004
0.0047614
0.00462992
0.00450512
0.0043866
0.00427394
0.00416674
0.00406466
0.00396739
0.0038746
0.00378602
0.00370141
0.00362048
0.00354305
0.00346888
0.00339778
0.00332959
0.00326414
0.00320126
0.00314081
0.00308266
0.00302669
0.00297277
0.00292081
0.00287069
0.00282233
0.00277562
0.0027305
0.00268688
0.00264469
0.00260386
0.00256433
0.00252604
0.00248893
0.00245295
0.00241804
0.00238416
0.00235127
0.00231932
0.00228827
0.00225808
0.00222872
0.00220016
0.00217236
0.0021453
0.00211893
0.00209324
0.00206821
0.0020438
0.00201999
0.00199676
0.0019741
0.00195196
0.00193035
0.00190924
0.00188862
0.00186845
0.00184875
0.00182947
0.00181062
0.00179217
0.00177412
0.00175644
0.00173914
0.0017222
0.0017056
0.00168933
0.00167339
0.00165776
0.00164244
0.00162741
0.00161267
0.00159821
0.00158403
0.0015701
0.00155643
0.00154301
0.00152983
0.00151688
0.00150416
0.00149167
0.00147939
0.00146732
0.00145546
0.0014438
0.00143233
0.00142105
0.00140995
0.00139903
0.0013883
0.00137773
0.00136732
0.00135708
0.001347
0.00133708
0.0013273
0.00131767
0.00130819
0.00129885
0.00128965
0.00128058
0.00127164
0.00126283
0.00125415
0.00124559
0.00123715
0.00122883
0.00122062
0.00121253
0.00120454
0.00119667
0.0011889
0.00118123
0.00117367
0.0011662
0.00115884
0.00115157
0.00114439
0.0011373
0.0011303
0.0011234
0.00111657
0.00110984
0.00110318
0.00109661
0.00109012
0.00108371
0.00107738
0.00107112
0.00106494
0.00105883
0.00105279
0.00104682
0.00104092
0.00103509
0.00102933
0.00102364
0.00101801
0.00101244
0.00100694
0.00100149
0.000996113
0.000990792
0.000985531
0.000980326
0.000975182
0.000970091
0.000965057
0.000960079
0.000955155
0.000950282
0.000945465
0.000940697
0.000935982
0.000931317
0.000926704
0.000922137
0.000917622
0.000913153
0.000908733
0.00090436
0.000900035
0.000895754
0.000891522
0.000887332
0.00088319
0.00087909
0.000875038
0.000871029
0.000867062
0.00086314
0.00085926
0.000855425
0.000851632
0.000847887
0.000844228
0.000840989
0.00996873
0.00988741
0.00976781
0.00960976
0.00941694
0.00919507
0.00895132
0.00869267
0.00842563
0.00815556
0.00788677
0.00762258
0.00736536
0.00711671
0.00687771
0.00664889
0.00643049
0.00622249
0.00602475
0.0058369
0.00565855
0.00548929
0.00532864
0.00517613
0.00503132
0.00489373
0.00476295
0.00463855
0.00452014
0.00440737
0.00429986
0.00419733
0.00409944
0.00400593
0.00391652
0.00383096
0.00374905
0.00367055
0.00359527
0.00352303
0.00345366
0.00338699
0.00332288
0.00326119
0.00320179
0.00314456
0.00308939
0.00303617
0.00298478
0.00293517
0.00288723
0.00284087
0.00279602
0.00275262
0.0027106
0.00266988
0.00263042
0.00259215
0.00255502
0.00251899
0.002484
0.00245001
0.00241698
0.00238488
0.00235365
0.00232326
0.00229368
0.00226489
0.00223684
0.00220952
0.00218289
0.00215692
0.00213159
0.00210689
0.00208277
0.00205923
0.00203625
0.0020138
0.00199186
0.00197043
0.00194947
0.00192898
0.00190894
0.00188933
0.00187014
0.00185136
0.00183297
0.00181496
0.00179733
0.00178005
0.00176311
0.00174651
0.00173024
0.00171428
0.00169863
0.00168329
0.00166822
0.00165345
0.00163894
0.0016247
0.00161071
0.00159698
0.00158349
0.00157024
0.00155722
0.00154442
0.00153185
0.00151948
0.00150733
0.00149538
0.00148362
0.00147206
0.00146068
0.00144949
0.00143847
0.00142763
0.00141696
0.00140645
0.00139611
0.00138592
0.00137589
0.00136601
0.00135628
0.00134668
0.00133724
0.00132792
0.00131874
0.0013097
0.00130078
0.00129199
0.00128332
0.00127477
0.00126633
0.00125802
0.00124981
0.00124172
0.00123373
0.00122585
0.00121808
0.00121041
0.00120283
0.00119536
0.00118798
0.00118069
0.0011735
0.00116639
0.00115938
0.00115245
0.00114561
0.00113885
0.00113218
0.00112558
0.00111906
0.00111263
0.00110626
0.00109998
0.00109377
0.00108763
0.00108156
0.00107556
0.00106963
0.00106377
0.00105797
0.00105224
0.00104658
0.00104098
0.00103544
0.00102996
0.00102455
0.00101919
0.00101389
0.00100865
0.00100347
0.000998344
0.000993272
0.000988257
0.000983297
0.000978388
0.000973533
0.000968729
0.000963977
0.000959276
0.000954625
0.000950024
0.000945472
0.000940969
0.000936514
0.000932107
0.000927747
0.000923433
0.000919169
0.000914948
0.000910774
0.000906646
0.000902565
0.000898527
0.000894534
0.000890593
0.000886747
0.000883343
0.0099687
0.00988715
0.00976694
0.00960814
0.0094142
0.00919123
0.00894636
0.0086866
0.00841862
0.00814783
0.00787847
0.00761392
0.0073565
0.00710777
0.0068688
0.0066401
0.0064219
0.00621414
0.00601667
0.00582912
0.00565109
0.00548212
0.00532179
0.00516957
0.00502507
0.00488778
0.00475726
0.00463316
0.004515
0.00440249
0.00429523
0.00419289
0.00409522
0.0040019
0.00391267
0.0038273
0.00374555
0.00366721
0.00359208
0.00351998
0.00345074
0.0033842
0.00332021
0.00325863
0.00319933
0.00314219
0.00308711
0.00303397
0.00298267
0.00293313
0.00288525
0.00283896
0.00279418
0.00275084
0.00270887
0.00266821
0.0026288
0.00259057
0.00255349
0.0025175
0.00248255
0.0024486
0.00241561
0.00238353
0.00235233
0.00232198
0.00229243
0.00226366
0.00223564
0.00220834
0.00218173
0.00215578
0.00213048
0.00210579
0.00208169
0.00205817
0.0020352
0.00201277
0.00199085
0.00196942
0.00194848
0.00192799
0.00190796
0.00188836
0.00186918
0.00185041
0.00183203
0.00181403
0.0017964
0.00177913
0.0017622
0.00174561
0.00172934
0.00171339
0.00169775
0.0016824
0.00166735
0.00165257
0.00163807
0.00162383
0.00160985
0.00159612
0.00158264
0.0015694
0.00155638
0.00154358
0.00153101
0.00151865
0.0015065
0.00149455
0.0014828
0.00147124
0.00145986
0.00144868
0.00143766
0.00142683
0.00141616
0.00140566
0.00139531
0.00138513
0.0013751
0.00136522
0.00135549
0.00134591
0.00133646
0.00132715
0.00131798
0.00130893
0.00130002
0.00129123
0.00128256
0.00127402
0.00126559
0.00125727
0.00124908
0.00124099
0.001233
0.00122513
0.00121736
0.00120969
0.00120212
0.00119465
0.00118727
0.00117999
0.0011728
0.0011657
0.00115869
0.00115177
0.00114493
0.00113818
0.00113151
0.00112492
0.00111841
0.00111197
0.00110562
0.00109933
0.00109313
0.00108699
0.00108093
0.00107493
0.00106901
0.00106315
0.00105736
0.00105164
0.00104598
0.00104038
0.00103485
0.00102938
0.00102396
0.00101861
0.00101332
0.00100808
0.0010029
0.000997786
0.00099272
0.000987707
0.00098275
0.000977846
0.000972996
0.000968196
0.000963448
0.000958751
0.000954105
0.00094951
0.000944962
0.000940464
0.000936013
0.00093161
0.000927253
0.000922946
0.000918685
0.000914469
0.0009103
0.000906177
0.000902099
0.000898066
0.000894079
0.000890144
0.000886297
0.000882881
0.00995681
0.00984579
0.00968706
0.00948455
0.00924654
0.00898238
0.00870159
0.00841229
0.00812111
0.00783297
0.0075515
0.00727927
0.00701769
0.00676777
0.00652981
0.00630391
0.00608978
0.00588707
0.00569533
0.00551398
0.00534248
0.00518023
0.00502668
0.00488127
0.00474352
0.00461287
0.0044889
0.00437114
0.00425922
0.00415273
0.00405133
0.00395469
0.0038625
0.0037745
0.00369041
0.00360999
0.00353303
0.00345931
0.00338864
0.00332085
0.00325576
0.00319323
0.00313311
0.00307528
0.00301959
0.00296596
0.00291424
0.00286437
0.00281623
0.00276974
0.00272482
0.00268139
0.00263939
0.00259873
0.00255937
0.00252122
0.00248425
0.0024484
0.00241362
0.00237986
0.00234708
0.00231523
0.00228428
0.00225419
0.00222492
0.00219644
0.00216872
0.00214173
0.00211543
0.00208981
0.00206484
0.00204049
0.00201673
0.00199356
0.00197094
0.00194886
0.00192729
0.00190622
0.00188563
0.00186551
0.00184583
0.00182659
0.00180776
0.00178935
0.00177132
0.00175367
0.00173639
0.00171947
0.00170289
0.00168664
0.00167072
0.00165511
0.00163981
0.0016248
0.00161007
0.00159563
0.00158145
0.00156754
0.00155389
0.00154048
0.00152731
0.00151438
0.00150167
0.00148919
0.00147692
0.00146486
0.00145301
0.00144136
0.0014299
0.00141863
0.00140754
0.00139664
0.0013859
0.00137535
0.00136495
0.00135472
0.00134465
0.00133474
0.00132498
0.00131536
0.00130589
0.00129656
0.00128736
0.00127831
0.00126938
0.00126058
0.00125191
0.00124336
0.00123494
0.00122663
0.00121843
0.00121035
0.00120238
0.00119452
0.00118676
0.00117911
0.00117156
0.00116411
0.00115675
0.0011495
0.00114233
0.00113526
0.00112828
0.00112139
0.00111458
0.00110786
0.00110122
0.00109466
0.00108819
0.00108179
0.00107547
0.00106923
0.00106306
0.00105697
0.00105094
0.00104499
0.00103911
0.00103329
0.00102755
0.00102187
0.00101625
0.0010107
0.00100521
0.000999784
0.000994419
0.000989113
0.000983868
0.000978678
0.000973548
0.000968473
0.000963454
0.00095849
0.00095358
0.000948723
0.000943919
0.000939167
0.000934467
0.000929816
0.000925214
0.000920665
0.000916163
0.000911709
0.000907301
0.000902944
0.000898631
0.000894366
0.000890146
0.000885972
0.000881843
0.00087776
0.000873719
0.000869723
0.000865771
0.000861864
0.000857999
0.000854177
0.0008504
0.000846669
0.000843019
0.000839743
0.00992702
0.0097443
0.0094966
0.00919979
0.00887212
0.00852944
0.00818401
0.00784434
0.00751598
0.00720218
0.00690459
0.00662382
0.00635981
0.00611211
0.00587992
0.00566237
0.00545853
0.00526745
0.00508822
0.00491995
0.00476183
0.00461309
0.004473
0.00434092
0.00421626
0.00409843
0.00398695
0.00388135
0.00378121
0.00368614
0.00359577
0.00350979
0.0034279
0.00334984
0.00327533
0.00320416
0.0031361
0.00307098
0.0030086
0.0029488
0.00289143
0.00283635
0.00278341
0.00273251
0.00268353
0.00263635
0.0025909
0.00254706
0.00250477
0.00246394
0.00242448
0.00238635
0.00234947
0.00231378
0.00227922
0.00224574
0.00221329
0.00218182
0.0021513
0.00212167
0.0020929
0.00206494
0.00203778
0.00201136
0.00198566
0.00196066
0.00193632
0.00191262
0.00188952
0.00186702
0.00184508
0.00182368
0.0018028
0.00178243
0.00176255
0.00174313
0.00172416
0.00170563
0.00168751
0.0016698
0.00165248
0.00163553
0.00161895
0.00160273
0.00158684
0.00157129
0.00155605
0.00154113
0.0015265
0.00151217
0.00149811
0.00148433
0.00147082
0.00145756
0.00144455
0.00143178
0.00141925
0.00140695
0.00139487
0.001383
0.00137135
0.00135989
0.00134864
0.00133758
0.00132671
0.00131603
0.00130552
0.00129518
0.00128502
0.00127502
0.00126518
0.0012555
0.00124597
0.00123658
0.00122735
0.00121826
0.00120931
0.00120049
0.00119181
0.00118325
0.00117482
0.00116652
0.00115833
0.00115026
0.00114231
0.00113448
0.00112675
0.00111913
0.00111161
0.0011042
0.00109689
0.00108968
0.00108257
0.00107555
0.00106863
0.0010618
0.00105505
0.0010484
0.00104183
0.00103534
0.00102894
0.00102262
0.00101637
0.00101021
0.00100412
0.000998108
0.000992169
0.000986303
0.000980506
0.00097478
0.000969123
0.000963533
0.000958008
0.000952549
0.000947155
0.000941822
0.000936552
0.000931341
0.000926191
0.0009211
0.000916066
0.00091109
0.000906168
0.000901302
0.000896491
0.000891734
0.000887027
0.000882373
0.000877772
0.00087322
0.000868718
0.000864264
0.000859859
0.000855501
0.000851192
0.000846928
0.00084271
0.000838538
0.00083441
0.000830328
0.000826289
0.000822294
0.000818343
0.000814433
0.000810564
0.00080674
0.000802955
0.000799213
0.000795511
0.00079185
0.000788229
0.000784647
0.000781107
0.000777605
0.000774144
0.000770721
0.000767337
0.000763996
0.00076072
0.000757735
0.00986228
0.00953282
0.00912023
0.00866714
0.00820666
0.00775971
0.00733749
0.00694491
0.00658307
0.00625105
0.00594685
0.0056682
0.0054127
0.00517802
0.0049621
0.00476298
0.00457896
0.00440852
0.00425028
0.00410309
0.00396588
0.0038377
0.00371773
0.00360523
0.00349956
0.00340013
0.0033064
0.00321793
0.00313428
0.00305509
0.00298
0.00290873
0.00284097
0.00277649
0.00271505
0.00265645
0.00260049
0.002547
0.00249583
0.00244682
0.00239983
0.00235475
0.00231147
0.00226986
0.00222985
0.00219135
0.00215425
0.00211849
0.002084
0.00205071
0.00201855
0.00198747
0.00195742
0.00192834
0.00190019
0.00187291
0.00184648
0.00182084
0.00179597
0.00177184
0.00174839
0.00172561
0.00170347
0.00168194
0.00166099
0.00164061
0.00162075
0.00160141
0.00158257
0.00156421
0.00154629
0.00152882
0.00151177
0.00149512
0.00147886
0.00146298
0.00144747
0.0014323
0.00141747
0.00140296
0.00138877
0.00137488
0.00136129
0.00134798
0.00133494
0.00132217
0.00130966
0.00129739
0.00128537
0.00127358
0.00126201
0.00125067
0.00123953
0.00122861
0.00121788
0.00120736
0.00119702
0.00118686
0.00117688
0.00116708
0.00115745
0.00114797
0.00113867
0.00112951
0.00112051
0.00111166
0.00110295
0.00109438
0.00108595
0.00107765
0.00106948
0.00106144
0.00105352
0.00104573
0.00103805
0.00103048
0.00102304
0.00101569
0.00100846
0.00100133
0.000994308
0.000987384
0.000980557
0.000973827
0.00096719
0.000960645
0.000954192
0.000947825
0.000941546
0.000935351
0.000929237
0.000923206
0.000917255
0.00091138
0.000905581
0.000899858
0.000894209
0.000888631
0.000883124
0.000877686
0.000872315
0.000867011
0.000861774
0.0008566
0.000851489
0.000846441
0.000841454
0.000836525
0.000831657
0.000826844
0.00082209
0.000817391
0.000812747
0.000808157
0.000803619
0.000799134
0.000794701
0.000790317
0.000785984
0.000781699
0.000777462
0.000773275
0.000769132
0.000765036
0.000760986
0.000756979
0.000753019
0.000749101
0.000745225
0.000741393
0.000737602
0.000733852
0.000730144
0.000726475
0.000722847
0.000719259
0.000715708
0.000712197
0.000708723
0.000705288
0.000701891
0.000698529
0.000695204
0.000691918
0.000688666
0.00068545
0.000682271
0.000679126
0.000676016
0.000672942
0.000669903
0.000666898
0.000663928
0.000660991
0.000658089
0.000655219
0.000652384
0.000649584
0.000646832
0.000644279
0.00971916
0.00909882
0.00841251
0.00774419
0.00713272
0.00658939
0.00611236
0.00569476
0.00532863
0.0050063
0.00472108
0.00446741
0.00424054
0.00403657
0.00385232
0.00368509
0.00353267
0.00339318
0.00326506
0.00314698
0.0030378
0.00293656
0.00284241
0.00275463
0.0026726
0.00259576
0.00252363
0.00245579
0.00239186
0.00233152
0.00227446
0.00222041
0.00216916
0.00212047
0.00207416
0.00203006
0.001988
0.00194786
0.00190948
0.00187278
0.00183762
0.00180391
0.00177156
0.0017405
0.00171063
0.0016819
0.00165423
0.00162757
0.00160186
0.00157705
0.00155309
0.00152994
0.00150754
0.00148588
0.0014649
0.00144457
0.00142487
0.00140577
0.00138723
0.00136922
0.00135174
0.00133474
0.00131822
0.00130214
0.0012865
0.00127126
0.00125643
0.00124197
0.00122787
0.00121412
0.00120071
0.00118762
0.00117483
0.00116235
0.00115015
0.00113822
0.00112656
0.00111516
0.001104
0.00109308
0.00108239
0.00107192
0.00106167
0.00105162
0.00104178
0.00103212
0.00102266
0.00101338
0.00100427
0.000995339
0.000986571
0.000977963
0.000969511
0.000961213
0.000953059
0.000945051
0.000937179
0.000929445
0.000921842
0.000914366
0.000907015
0.000899786
0.000892674
0.000885677
0.000878792
0.000872016
0.000865347
0.000858783
0.000852319
0.000845953
0.000839685
0.00083351
0.000827428
0.000821435
0.00081553
0.000809711
0.000803976
0.000798322
0.000792749
0.000787254
0.000781835
0.000776493
0.000771223
0.000766026
0.000760898
0.000755841
0.00075085
0.000745925
0.000741066
0.000736271
0.000731537
0.000726866
0.000722254
0.000717701
0.000713206
0.000708768
0.000704385
0.000700057
0.000695783
0.000691562
0.000687392
0.000683273
0.000679204
0.000675185
0.000671214
0.00066729
0.000663413
0.000659583
0.000655797
0.000652057
0.000648358
0.000644705
0.000641092
0.000637522
0.000633993
0.000630506
0.000627057
0.000623648
0.000620278
0.000616945
0.000613651
0.000610394
0.000607174
0.000603989
0.000600841
0.000597727
0.000594649
0.000591605
0.000588595
0.000585618
0.000582674
0.000579763
0.000576886
0.00057404
0.000571226
0.000568443
0.000565692
0.000562972
0.000560282
0.000557622
0.000554994
0.000552395
0.000549824
0.000547285
0.000544774
0.000542293
0.000539841
0.000537417
0.000535022
0.000532655
0.000530317
0.000528011
0.00052573
0.000523476
0.000521248
0.000519051
0.000516881
0.000514738
0.000512622
0.000510624
0.00937828
0.00820172
0.00713562
0.0062579
0.00555356
0.00498756
0.0045276
0.00414849
0.00383154
0.00356302
0.00333276
0.00313319
0.00295857
0.00280445
0.00266741
0.00254473
0.00243423
0.00233415
0.00224305
0.00215977
0.00208331
0.00201285
0.0019477
0.00188725
0.00183102
0.00177855
0.00172948
0.00168347
0.00164024
0.00159953
0.00156113
0.00152483
0.00149047
0.00145788
0.00142692
0.00139748
0.00136944
0.0013427
0.00131715
0.00129273
0.00126936
0.00124696
0.00122548
0.00120485
0.00118503
0.00116595
0.00114759
0.0011299
0.00111283
0.00109636
0.00108045
0.00106508
0.0010502
0.0010358
0.00102186
0.00100834
0.000995238
0.00098252
0.000970173
0.000958178
0.000946518
0.00093518
0.000924149
0.000913411
0.000902953
0.000892763
0.00088283
0.000873144
0.000863692
0.000854467
0.000845459
0.00083666
0.00082806
0.000819653
0.00081143
0.000803385
0.000795514
0.000787808
0.000780261
0.000772869
0.000765627
0.000758529
0.00075157
0.000744746
0.000738053
0.000731486
0.000725041
0.000718716
0.000712508
0.00070641
0.000700413
0.00069453
0.00068875
0.000683064
0.000677477
0.000671988
0.000666587
0.000661273
0.000656048
0.000650907
0.000645848
0.000640868
0.000635966
0.000631141
0.00062639
0.000621713
0.000617102
0.000612563
0.000608093
0.000603685
0.000599345
0.000595065
0.00059085
0.000586693
0.000582593
0.000578555
0.000574573
0.000570645
0.00056677
0.000562947
0.000559177
0.000555457
0.000551793
0.000548172
0.000544601
0.000541076
0.000537595
0.000534164
0.000530774
0.00052743
0.00052413
0.000520873
0.000517655
0.000514479
0.000511341
0.000508244
0.000505187
0.000502167
0.000499186
0.00049624
0.000493332
0.000490458
0.000487621
0.000484818
0.000482051
0.000479316
0.000476613
0.000473945
0.000471308
0.000468705
0.000466132
0.000463589
0.000461074
0.000458593
0.000456143
0.000453719
0.000451326
0.000448959
0.000446621
0.000444313
0.000442031
0.000439776
0.00043755
0.000435349
0.000433174
0.000431024
0.000428902
0.000426805
0.000424731
0.000422685
0.000420663
0.000418664
0.000416691
0.000414741
0.000412814
0.000410913
0.000409034
0.00040718
0.000405348
0.000403537
0.00040175
0.000399986
0.000398245
0.000396527
0.00039483
0.000393157
0.000391508
0.000389877
0.000388271
0.000386686
0.000385122
0.00038358
0.00038206
0.000380564
0.000379086
0.00037763
0.000376194
0.000374778
0.00037338
0.000372032
0.00847706
0.00639985
0.00504871
0.00416141
0.00354857
0.00310362
0.00276679
0.00250306
0.00229085
0.0021163
0.00197006
0.00184566
0.00173845
0.00164504
0.00156286
0.00148995
0.00142478
0.00136616
0.00131311
0.00126486
0.00122075
0.00118025
0.00114294
0.00110842
0.00107639
0.00104657
0.00101873
0.00099268
0.000968236
0.000945246
0.000923581
0.000903121
0.000883765
0.000865419
0.000848001
0.00083144
0.000815664
0.000800627
0.000786263
0.000772527
0.000759381
0.000746778
0.000734686
0.000723067
0.000711897
0.000701151
0.000690793
0.000680804
0.000671171
0.000661861
0.000652867
0.000644162
0.000635739
0.000627578
0.000619665
0.000611991
0.000604544
0.000597306
0.000590276
0.000583439
0.000576786
0.000570315
0.000564007
0.000557866
0.000551873
0.000546035
0.000540335
0.000534768
0.000529337
0.000524025
0.000518835
0.000513763
0.000508794
0.00050394
0.000499185
0.000494527
0.00048997
0.000485505
0.000481132
0.000476845
0.000472642
0.00046852
0.000464477
0.000460512
0.000456618
0.000452797
0.000449042
0.000445356
0.000441736
0.000438179
0.00043468
0.000431243
0.000427865
0.000424538
0.000421272
0.000418055
0.00041489
0.000411778
0.000408712
0.000405698
0.000402726
0.000399803
0.000396923
0.000394089
0.000391295
0.000388545
0.000385834
0.000383163
0.000380532
0.00037794
0.000375384
0.000372865
0.000370382
0.000367933
0.000365522
0.000363143
0.000360796
0.000358485
0.000356204
0.000353955
0.000351737
0.00034955
0.000347391
0.000345264
0.000343165
0.000341097
0.000339054
0.00033704
0.000335054
0.000333092
0.000331159
0.000329251
0.000327371
0.000325514
0.000323683
0.000321876
0.000320094
0.000318336
0.000316601
0.00031489
0.000313203
0.000311536
0.000309893
0.000308273
0.000306674
0.000305097
0.000303541
0.000302007
0.000300492
0.000299
0.000297527
0.000296073
0.000294642
0.000293229
0.000291835
0.000290461
0.000289106
0.000287768
0.000286451
0.000285152
0.000283871
0.000282608
0.000281364
0.000280137
0.000278927
0.000277735
0.00027656
0.000275402
0.000274261
0.000273138
0.000272031
0.000270939
0.000269865
0.000268808
0.000267766
0.000266741
0.000265732
0.000264739
0.00026376
0.000262799
0.000261853
0.000260923
0.000260008
0.000259108
0.000258224
0.000257357
0.000256502
0.000255665
0.000254843
0.000254036
0.000253243
0.000252467
0.000251704
0.000250957
0.000250225
0.000249507
0.000248801
0.000248111
0.00024743
0.00024676
0.00597129
0.00341111
0.0024198
0.00190795
0.00159504
0.00138279
0.00122853
0.00111084
0.00101773
0.000942026
0.000879103
0.000825862
0.000780153
0.000740424
0.000705523
0.000674588
0.00064695
0.000622082
0.000599572
0.000579085
0.000560339
0.000543119
0.000527226
0.000512515
0.000498841
0.000486099
0.000474187
0.000463023
0.000452535
0.000442659
0.000433337
0.000424522
0.00041617
0.000408246
0.00040071
0.000393538
0.000386697
0.000380164
0.00037392
0.000367942
0.000362212
0.000356716
0.000351435
0.000346358
0.000341471
0.000336764
0.000332226
0.000327848
0.000323619
0.000319533
0.000315582
0.000311759
0.000308055
0.000304467
0.000300988
0.000297613
0.000294338
0.000291156
0.000288066
0.00028506
0.00028214
0.000279296
0.000276529
0.000273835
0.000271211
0.000268655
0.000266163
0.000263733
0.000261363
0.000259052
0.000256795
0.000254592
0.00025244
0.000250341
0.000248302
0.000246316
0.000244376
0.000242482
0.00024063
0.000238818
0.000237044
0.000235306
0.000233603
0.000231933
0.000230294
0.000228687
0.000227109
0.00022556
0.000224038
0.000222543
0.000221074
0.00021963
0.000218211
0.000216816
0.000215443
0.000214094
0.000212766
0.000211461
0.000210176
0.000208912
0.000207668
0.000206445
0.000205241
0.000204055
0.000202888
0.00020174
0.000200609
0.000199496
0.000198401
0.000197323
0.000196262
0.000195217
0.000194189
0.000193177
0.00019218
0.0001912
0.000190234
0.000189284
0.000188348
0.000187428
0.000186521
0.00018563
0.000184753
0.00018389
0.00018304
0.000182205
0.000181383
0.000180574
0.000179779
0.000178996
0.000178227
0.00017747
0.000176726
0.000175994
0.000175276
0.000174569
0.000173874
0.000173191
0.000172521
0.000171862
0.000171215
0.000170579
0.000169955
0.000169342
0.00016874
0.00016815
0.00016757
0.000167002
0.000166444
0.000165896
0.00016536
0.000164834
0.000164318
0.000163813
0.000163317
0.000162832
0.000162357
0.000161892
0.000161437
0.000160991
0.000160555
0.000160129
0.000159712
0.000159305
0.000158907
0.000158518
0.000158139
0.000157769
0.000157408
0.000157056
0.000156713
0.000156378
0.000156053
0.000155736
0.000155429
0.00015513
0.000154839
0.000154558
0.000154285
0.00015402
0.000153764
0.000153517
0.000153278
0.000153047
0.000152825
0.000152612
0.000152406
0.00015221
0.000152021
0.000151841
0.000151669
0.000151506
0.000151351
0.000151204
0.000151064
0.000150933
0.000150809
0.000150691
0.000150576
0.000150455
0.00156617
0.000770999
0.000561768
0.000459784
0.000397284
0.000354082
0.000321933
0.000296794
0.000276424
0.000259473
0.000245073
0.000232638
0.000221754
0.000212123
0.000203521
0.000195775
0.000188755
0.000182354
0.000176488
0.000171087
0.000166095
0.000161465
0.000157156
0.000153135
0.000149373
0.000145845
0.000142529
0.000139408
0.000136463
0.000133681
0.00013105
0.000128557
0.000126193
0.000123948
0.000121814
0.000119785
0.000117852
0.000116011
0.000114255
0.00011258
0.000110982
0.000109455
0.000107995
0.000106601
0.00010527
0.000103997
0.000102781
0.000101618
0.000100506
9.94419e-005
9.8424e-005
9.74505e-005
9.6519e-005
9.56281e-005
9.47761e-005
9.39618e-005
9.31835e-005
9.244e-005
9.173e-005
9.10525e-005
9.04065e-005
8.97906e-005
8.9204e-005
8.86458e-005
8.8115e-005
8.76112e-005
8.71331e-005
8.668e-005
8.62516e-005
8.58467e-005
8.54648e-005
8.51048e-005
8.47651e-005
8.41445e-005
8.31684e-005
8.22349e-005
8.13432e-005
8.04879e-005
7.96668e-005
7.88782e-005
7.81203e-005
7.73904e-005
7.66872e-005
7.60098e-005
7.53559e-005
7.47255e-005
7.41183e-005
7.35311e-005
7.29637e-005
7.24157e-005
7.18878e-005
7.13764e-005
7.08818e-005
7.04046e-005
6.9943e-005
6.94962e-005
6.90649e-005
6.86478e-005
6.82444e-005
6.78551e-005
6.74789e-005
6.71143e-005
6.67631e-005
6.64237e-005
6.60961e-005
6.57791e-005
6.54735e-005
6.51787e-005
6.48943e-005
6.46199e-005
6.43558e-005
6.41017e-005
6.38567e-005
6.36208e-005
6.33936e-005
6.31756e-005
6.29672e-005
6.27656e-005
6.25734e-005
6.23885e-005
6.22118e-005
6.20432e-005
6.18817e-005
6.17286e-005
6.15814e-005
6.14423e-005
6.13099e-005
6.1184e-005
6.10655e-005
6.09532e-005
6.08467e-005
6.07472e-005
6.06546e-005
6.05669e-005
6.04857e-005
6.04108e-005
6.03412e-005
6.02777e-005
6.02197e-005
6.01669e-005
6.01202e-005
6.00785e-005
6.00423e-005
6.0011e-005
5.9985e-005
5.99636e-005
5.99466e-005
5.99357e-005
5.99287e-005
5.99261e-005
5.99289e-005
5.99363e-005
5.99478e-005
5.99636e-005
5.99834e-005
6.00076e-005
6.00362e-005
6.00691e-005
6.01059e-005
6.01464e-005
6.01911e-005
6.02402e-005
6.02922e-005
6.03486e-005
6.04088e-005
6.04723e-005
6.05388e-005
6.06096e-005
6.06841e-005
6.07614e-005
6.08427e-005
6.09276e-005
6.10147e-005
6.11048e-005
6.11996e-005
6.12973e-005
6.13973e-005
6.15004e-005
6.16074e-005
6.17169e-005
6.18296e-005
6.19453e-005
6.20633e-005
6.21843e-005
6.23077e-005
6.2435e-005
6.25642e-005
6.26961e-005
6.28308e-005
6.29675e-005
6.31073e-005
6.32492e-005
6.33934e-005
6.354e-005
6.36865e-005
6.3844e-005
6.39876e-005
6.41384e-005
6.43011e-005
6.43627e-005
4.92791e-005
4.57662e-005
4.25495e-005
3.96014e-005
3.68958e-005
3.44097e-005
3.21225e-005
3.0016e-005
2.80742e-005
2.62824e-005
2.4628e-005
2.30991e-005
2.16853e-005
2.03769e-005
1.91655e-005
1.80432e-005
1.70029e-005
1.60379e-005
1.51425e-005
1.43112e-005
1.3539e-005
1.28213e-005
1.2154e-005
1.15333e-005
1.09557e-005
1.04179e-005
9.91691e-006
9.45005e-006
9.01477e-006
8.60887e-006
8.23006e-006
7.87645e-006
7.54622e-006
7.23773e-006
6.94937e-006
6.67975e-006
6.42756e-006
6.19157e-006
5.97064e-006
5.76377e-006
5.56999e-006
5.38841e-006
5.2182e-006
5.00743e-006
4.777e-006
4.56368e-006
4.36606e-006
4.18278e-006
4.01263e-006
3.85453e-006
3.70751e-006
3.57071e-006
3.44328e-006
3.32451e-006
3.21374e-006
3.11036e-006
3.01383e-006
2.92364e-006
2.83932e-006
2.76049e-006
2.68674e-006
2.61773e-006
2.55313e-006
2.49264e-006
2.43602e-006
2.383e-006
2.33335e-006
2.28687e-006
2.24337e-006
2.20266e-006
2.16458e-006
2.12897e-006
2.09567e-006
2.06397e-006
2.0331e-006
2.0031e-006
1.97396e-006
1.94571e-006
1.91832e-006
1.89181e-006
1.86617e-006
1.84141e-006
1.8175e-006
1.79443e-006
1.77218e-006
1.75075e-006
1.73011e-006
1.71023e-006
1.69111e-006
1.67272e-006
1.65504e-006
1.63805e-006
1.62173e-006
1.60607e-006
1.59104e-006
1.57661e-006
1.56278e-006
1.54953e-006
1.53684e-006
1.52468e-006
1.51306e-006
1.50195e-006
1.49133e-006
1.48119e-006
1.47152e-006
1.4623e-006
1.45352e-006
1.44518e-006
1.43725e-006
1.42973e-006
1.4226e-006
1.41585e-006
1.40947e-006
1.40347e-006
1.39782e-006
1.39252e-006
1.38755e-006
1.38292e-006
1.3786e-006
1.3746e-006
1.37092e-006
1.36753e-006
1.36444e-006
1.36163e-006
1.35911e-006
1.35686e-006
1.3549e-006
1.35319e-006
1.35175e-006
1.35057e-006
1.34964e-006
1.34895e-006
1.34851e-006
1.34831e-006
1.34834e-006
1.34861e-006
1.34912e-006
1.34984e-006
1.35079e-006
1.35195e-006
1.35333e-006
1.35493e-006
1.35674e-006
1.35875e-006
1.36097e-006
1.3634e-006
1.36603e-006
1.36885e-006
1.37188e-006
1.3751e-006
1.37851e-006
1.3821e-006
1.38589e-006
1.38987e-006
1.39404e-006
1.39839e-006
1.40292e-006
1.40763e-006
1.41253e-006
1.4176e-006
1.42285e-006
1.42827e-006
1.43387e-006
1.43964e-006
1.44559e-006
1.45171e-006
1.45801e-006
1.46446e-006
1.4711e-006
1.4779e-006
1.48485e-006
1.49199e-006
1.49929e-006
1.50675e-006
1.51438e-006
1.52217e-006
1.53012e-006
1.53824e-006
1.54652e-006
1.55496e-006
1.56356e-006
1.57232e-006
1.58125e-006
1.59033e-006
1.59958e-006
1.60897e-006
1.61853e-006
1.62825e-006
1.63812e-006
1.64814e-006
1.65832e-006
1.66865e-006
1.67911e-006
1.68972e-006
1.70047e-006
1.71139e-006
1.72234e-006
1.73372e-006
1.74468e-006
1.75575e-006
)
;

boundaryField
{
    walls
    {
        type            nutkWallFunction;
        Cmu             0.09;
        kappa           0.41;
        E               9.8;
        value           uniform 0;
    }
    inlet
    {
        type            calculated;
        value           nonuniform List<scalar> 
20
(
0.00344386
0.00548017
0.01
0.01
0.01
0.01
0.01
0.01
0.01
0.01
0.01
0.01
0.01
0.01
0.01
0.01
0.01
0.01
0.00970786
0.00112504
)
;
    }
    outlet
    {
        type            calculated;
        value           nonuniform List<scalar> 
20
(
1.60715e-006
6.16648e-005
0.000146429
0.000243207
0.00037022
0.000510664
0.000645511
0.000759326
0.000840989
0.000883343
0.000882881
0.000839743
0.000757735
0.000644279
0.000510624
0.000372032
0.00024676
0.000150455
6.43656e-005
1.75585e-006
)
;
    }
    frontAndBack
    {
        type            empty;
    }
}


// ************************************************************************* //
