/*--------------------------------*- C++ -*----------------------------------*\
| =========                 |                                                 |
| \\      /  F ield         | OpenFOAM: The Open Source CFD Toolbox           |
|  \\    /   O peration     | Version:  5.x                                   |
|   \\  /    A nd           | Web:      www.OpenFOAM.org                      |
|    \\/     M anipulation  |                                                 |
\*---------------------------------------------------------------------------*/
/*   Windows 32 and 64 bit porting by blueCAPE: http://www.bluecape.com.pt   *\
|  Based on Windows porting (2.0.x v4) by Symscape: http://www.symscape.com   |
\*---------------------------------------------------------------------------*/
FoamFile
{
    version     2.0;
    format      ascii;
    class       volScalarField;
    location    "2701";
    object      p;
}
// * * * * * * * * * * * * * * * * * * * * * * * * * * * * * * * * * * * * * //

dimensions      [0 2 -2 0 0 0 0];

internalField   nonuniform List<scalar> 
4000
(
0.0259123
0.0204475
0.0176898
0.0161305
0.0148756
0.0138593
0.0130579
0.0123896
0.0118258
0.0113342
0.0108946
0.0104999
0.010147
0.00982992
0.00954345
0.00928142
0.00903869
0.0088128
0.00860217
0.00840471
0.00821834
0.0080422
0.00787495
0.00771513
0.00756173
0.00741387
0.00727081
0.00713173
0.00699594
0.00686308
0.00673285
0.00660487
0.00647879
0.00635431
0.00623129
0.00610961
0.00598916
0.00586985
0.00575159
0.00563426
0.00551775
0.00540196
0.00528685
0.00517237
0.00505854
0.00494573
0.0048333
0.0047205
0.00460771
0.00449525
0.00438323
0.00427171
0.00416069
0.00405019
0.00394022
0.0038308
0.00372194
0.00361367
0.00350603
0.00339907
0.00329285
0.00318741
0.00308277
0.00297897
0.00287603
0.00277401
0.00267296
0.00257292
0.00247393
0.00237603
0.00227928
0.00218376
0.00208957
0.00199686
0.00190585
0.00181691
0.00173051
0.00164781
0.00156981
0.00149162
0.00140937
0.00132534
0.00124099
0.0011566
0.00107241
0.000988613
0.000905334
0.000822631
0.000740562
0.000659191
0.00057857
0.00049873
0.000419713
0.000341554
0.000264304
0.000188014
0.000112714
3.84147e-005
-3.48608e-005
-0.000107061
-0.000178206
-0.000248374
-0.00031749
-0.000385509
-0.000452414
-0.00051819
-0.000582801
-0.000646215
-0.000708394
-0.000769321
-0.000828985
-0.000887389
-0.000944524
-0.00100038
-0.00105493
-0.00110813
-0.00115998
-0.00121045
-0.00125955
-0.00130725
-0.00135353
-0.00139836
-0.00144173
-0.00148365
-0.00152412
-0.00156313
-0.00160064
-0.00163665
-0.00167115
-0.00170412
-0.00173554
-0.00176543
-0.00179376
-0.00182055
-0.00184578
-0.00186943
-0.00189149
-0.00191195
-0.0019308
-0.00194802
-0.00196363
-0.00197764
-0.00199005
-0.00200086
-0.00201009
-0.00201773
-0.00202376
-0.00202814
-0.00203089
-0.00203201
-0.00203152
-0.00202942
-0.0020257
-0.00202036
-0.00201341
-0.00200486
-0.00199472
-0.00198296
-0.00196958
-0.00195459
-0.00193801
-0.00191986
-0.00190011
-0.00187876
-0.0018558
-0.00183127
-0.00180518
-0.00177756
-0.00174839
-0.00171767
-0.00168539
-0.00165155
-0.00161618
-0.00157929
-0.00154091
-0.00150104
-0.00145969
-0.00141685
-0.00137252
-0.00132672
-0.00127945
-0.0012307
-0.0011805
-0.00112881
-0.00107563
-0.00102089
-0.000964604
-0.000906742
-0.000847277
-0.000786204
-0.000723332
-0.000658777
-0.000591793
-0.000523704
-0.000450717
-0.000381473
-0.000294461
-0.000240457
-9.53854e-005
-0.00016494
0.0181314
0.0175449
0.0165744
0.0156091
0.0146763
0.0138486
0.0131427
0.0125365
0.0119951
0.0115031
0.0110567
0.0106529
0.0102938
0.00997111
0.0096799
0.00941336
0.0091653
0.00893458
0.00871993
0.00851859
0.00832857
0.00814938
0.00797889
0.00781573
0.00765908
0.00750813
0.00736237
0.00722087
0.0070828
0.00694794
0.00681594
0.00668644
0.00655902
0.00643339
0.00630942
0.00618689
0.00606569
0.00594573
0.0058269
0.00570911
0.00559217
0.00547596
0.00536034
0.00524505
0.00512978
0.00501419
0.00489892
0.00478477
0.00467148
0.00455885
0.00444687
0.00433559
0.00422496
0.00411489
0.00400535
0.00389634
0.00378788
0.00368001
0.00357277
0.00346624
0.00336047
0.00325547
0.00315127
0.00304789
0.00294535
0.00284372
0.00274304
0.00264336
0.00254474
0.00244718
0.00235075
0.0022555
0.00216152
0.00206889
0.00197766
0.00188785
0.00179934
0.0017114
0.00162303
0.00153538
0.00144949
0.00136445
0.00127986
0.00119566
0.00111189
0.00102862
0.000945902
0.000863762
0.000782233
0.000701358
0.000621199
0.000541811
0.000463232
0.000385486
0.000308624
0.000232702
0.000157737
8.37599e-005
1.08152e-005
-6.0815e-005
-0.000131328
-0.00020113
-0.000270022
-0.00033786
-0.000404612
-0.000470251
-0.000534734
-0.000598026
-0.000660086
-0.000720896
-0.000780454
-0.000838765
-0.00089581
-0.00095158
-0.00100604
-0.00105917
-0.00111093
-0.00116132
-0.00121032
-0.00125795
-0.00130418
-0.00134898
-0.00139233
-0.00143421
-0.00147463
-0.00151359
-0.00155107
-0.00158707
-0.00162155
-0.0016545
-0.0016859
-0.00171577
-0.0017441
-0.00177089
-0.00179611
-0.00181977
-0.00184185
-0.00186234
-0.00188121
-0.00189843
-0.00191405
-0.00192809
-0.00194055
-0.00195142
-0.00196068
-0.00196835
-0.00197441
-0.00197886
-0.00198167
-0.00198286
-0.00198244
-0.00198041
-0.00197677
-0.00197151
-0.00196464
-0.00195616
-0.00194608
-0.0019344
-0.00192113
-0.00190625
-0.00188978
-0.00187171
-0.00185205
-0.00183081
-0.00180797
-0.00178358
-0.00175764
-0.00173014
-0.0017011
-0.00167052
-0.00163838
-0.0016047
-0.00156948
-0.00153275
-0.00149452
-0.0014548
-0.0014136
-0.00137094
-0.00132679
-0.00128116
-0.00123407
-0.00118551
-0.0011355
-0.00108402
-0.00103105
-0.000976575
-0.000920565
-0.000863008
-0.000803856
-0.000743126
-0.000680618
-0.000616548
-0.000549939
-0.000482785
-0.000409473
-0.000343542
-0.000249318
-0.000215807
-4.88759e-005
-0.000199709
0.0156892
0.0162238
0.0155379
0.0147978
0.0140774
0.0134055
0.0127842
0.0122443
0.0117587
0.0113097
0.0108941
0.0105188
0.0101823
0.00988228
0.00961098
0.00935587
0.00911478
0.00889093
0.00868431
0.0084889
0.00830272
0.00813
0.00796571
0.00780796
0.00765608
0.00750937
0.00736761
0.00722962
0.00709449
0.00696211
0.00683193
0.00670378
0.00657733
0.00645246
0.00632909
0.00620694
0.00608603
0.00596641
0.00584794
0.00573045
0.0056138
0.00549805
0.00538328
0.0052688
0.0051542
0.00503994
0.00492638
0.00481341
0.00470075
0.00458845
0.00447675
0.00436574
0.00425536
0.00414546
0.00403596
0.00392689
0.00381835
0.0037104
0.00360312
0.00349661
0.00339088
0.00328592
0.00318173
0.00307836
0.0029759
0.00287444
0.00277402
0.00267462
0.00257623
0.00247887
0.00238259
0.00228747
0.00219356
0.00210088
0.0020094
0.00191901
0.00182951
0.00174026
0.00165039
0.00156167
0.00147535
0.00138997
0.00130499
0.00122051
0.00113657
0.00105318
0.000970344
0.000888106
0.000806517
0.000725605
0.000645418
0.000566023
0.000487477
0.000409815
0.000333072
0.000257268
0.000182399
0.000108488
3.55743e-005
-3.62017e-005
-0.000106989
-0.00017688
-0.00024564
-0.000313235
-0.000379691
-0.00044502
-0.000509185
-0.000572134
-0.000633833
-0.000694281
-0.000753495
-0.000811489
-0.00086823
-0.000923673
-0.000977796
-0.00103057
-0.00108198
-0.00113201
-0.00118066
-0.00122794
-0.00127382
-0.00131828
-0.00136127
-0.00140281
-0.00144289
-0.00148149
-0.0015186
-0.00155423
-0.00158835
-0.00162094
-0.00165198
-0.00168148
-0.00170946
-0.0017359
-0.00176077
-0.00178409
-0.00180584
-0.00182599
-0.00184449
-0.00186136
-0.00187662
-0.00189032
-0.00190245
-0.001913
-0.00192195
-0.00192928
-0.00193499
-0.0019391
-0.0019416
-0.0019425
-0.00194178
-0.00193946
-0.00193551
-0.00192995
-0.00192277
-0.001914
-0.00190364
-0.00189167
-0.00187811
-0.00186295
-0.0018462
-0.00182788
-0.00180797
-0.00178647
-0.00176338
-0.00173873
-0.00171252
-0.00168475
-0.00165544
-0.0016246
-0.00159223
-0.00155833
-0.00152289
-0.00148596
-0.00144753
-0.00140762
-0.00136625
-0.00132341
-0.00127909
-0.0012333
-0.00118605
-0.00113737
-0.00108726
-0.00103573
-0.00098275
-0.000928284
-0.000872337
-0.000814918
-0.000755996
-0.000695592
-0.000633475
-0.000570049
-0.000503922
-0.000438304
-0.000363538
-0.000305564
-0.000212146
-0.000191875
-4.67954e-005
-0.000179687
0.0134744
0.0140764
0.0139873
0.0136893
0.0132747
0.0128134
0.0123393
0.0118752
0.011453
0.0110709
0.0107203
0.0104042
0.0101095
0.00983605
0.00958179
0.00934101
0.00910865
0.00889035
0.0086933
0.00850975
0.00833224
0.00816389
0.00800158
0.00784536
0.00769442
0.00754785
0.00740708
0.00726796
0.00713067
0.00699794
0.00686813
0.00674069
0.00661462
0.00649013
0.0063674
0.00624576
0.00612527
0.00600612
0.00588821
0.00577161
0.00565566
0.00553996
0.00542457
0.00530904
0.00519352
0.00507839
0.0049638
0.00484977
0.00473618
0.00462321
0.00451117
0.0044001
0.00428977
0.00417996
0.00407059
0.0039616
0.00385304
0.00374504
0.00363783
0.00353156
0.00342612
0.00332133
0.00321713
0.00311366
0.00301116
0.00290982
0.00280958
0.00271035
0.00261208
0.00251473
0.00241839
0.00232315
0.00222901
0.00213598
0.00204401
0.00195308
0.00186307
0.0017738
0.00168508
0.00159725
0.00151047
0.00142434
0.00133881
0.00125395
0.00116976
0.00108622
0.00100331
0.000921035
0.00083943
0.000758496
0.000678277
0.000598854
0.000520279
0.00044261
0.000365886
0.000290091
0.000215197
0.000141167
6.80132e-005
-4.53812e-006
-7.62869e-005
-0.000146674
-0.000215734
-0.000283588
-0.000350277
-0.000415801
-0.000480121
-0.00054319
-0.000604983
-0.00066552
-0.000724848
-0.000782976
-0.000839854
-0.000895416
-0.000949618
-0.00100245
-0.00105393
-0.00110405
-0.0011528
-0.00120017
-0.00124615
-0.00129068
-0.00133374
-0.00137538
-0.00141558
-0.00145428
-0.00149149
-0.00152721
-0.00156144
-0.00159412
-0.00162525
-0.00165486
-0.00168294
-0.00170948
-0.00173445
-0.00175788
-0.00177975
-0.00180002
-0.00181865
-0.00183565
-0.00185105
-0.00186486
-0.0018771
-0.00188778
-0.00189687
-0.00190434
-0.00191018
-0.00191442
-0.00191705
-0.00191808
-0.00191751
-0.00191532
-0.00191152
-0.00190609
-0.00189906
-0.00189044
-0.00188021
-0.0018684
-0.00185499
-0.00183998
-0.00182337
-0.00180518
-0.00178542
-0.00176408
-0.00174117
-0.00171669
-0.00169064
-0.00166302
-0.00163384
-0.00160315
-0.00157095
-0.00153723
-0.001502
-0.00146525
-0.00142702
-0.00138731
-0.00134613
-0.00130347
-0.00125934
-0.00121377
-0.00116676
-0.00111832
-0.00106849
-0.00101726
-0.000964595
-0.00091049
-0.000854965
-0.000798048
-0.000739722
-0.00068003
-0.000618771
-0.000556426
-0.000491589
-0.000428028
-0.000356582
-0.000300325
-0.000214169
-0.000190134
-6.14262e-005
-0.000161675
0.0125384
0.0128782
0.0128778
0.0127283
0.0124698
0.0121502
0.0118032
0.0114499
0.0111102
0.0107884
0.0104814
0.0101933
0.00992227
0.00966415
0.00941881
0.00919554
0.00898955
0.00879641
0.00861518
0.00844343
0.0082799
0.00811893
0.00796254
0.00781111
0.00766344
0.00751991
0.00738575
0.00725571
0.00712503
0.00699503
0.00686765
0.00674256
0.00661723
0.006493
0.00637016
0.00624751
0.00612646
0.00600752
0.00588989
0.00577291
0.00565621
0.00553986
0.00542361
0.00530745
0.00519214
0.00507784
0.00496407
0.00485067
0.00473757
0.00462511
0.00451363
0.00440321
0.00429353
0.00418426
0.00407527
0.00396647
0.00385802
0.00375003
0.00364278
0.00353662
0.00343142
0.00332689
0.00322286
0.00311947
0.00301706
0.00291595
0.00281594
0.00271697
0.00261899
0.00252189
0.00242578
0.0023307
0.00223674
0.0021438
0.0020517
0.00196056
0.00187036
0.00178095
0.00169205
0.00160374
0.00151633
0.00142981
0.0013441
0.00125915
0.00117496
0.00109147
0.00100862
0.000926403
0.000844829
0.00076392
0.000683791
0.000604464
0.000525941
0.000448342
0.0003718
0.000296252
0.000221545
0.000147686
7.48287e-005
2.95619e-006
-6.79834e-005
-0.000137803
-0.00020641
-0.000273867
-0.000340213
-0.000405408
-0.000469353
-0.000532018
-0.000593406
-0.000653583
-0.000712613
-0.000770482
-0.000827113
-0.000882423
-0.000936363
-0.0009889
-0.00104008
-0.00108993
-0.00113841
-0.0011855
-0.00123117
-0.00127539
-0.00131817
-0.00135956
-0.00139949
-0.0014379
-0.0014748
-0.00151025
-0.0015442
-0.00157658
-0.00160744
-0.00163679
-0.00166461
-0.00169086
-0.00171554
-0.00173869
-0.0017603
-0.0017803
-0.00179867
-0.00181542
-0.00183056
-0.00184413
-0.00185614
-0.00186657
-0.00187542
-0.00188266
-0.00188828
-0.0018923
-0.0018947
-0.00189548
-0.00189466
-0.00189223
-0.0018882
-0.00188257
-0.00187534
-0.00186651
-0.00185609
-0.00184407
-0.00183047
-0.00181525
-0.00179844
-0.00178006
-0.00176011
-0.00173858
-0.0017155
-0.00169086
-0.00166465
-0.00163687
-0.00160753
-0.00157668
-0.00154433
-0.00151047
-0.0014751
-0.00143824
-0.0013999
-0.0013601
-0.00131883
-0.00127609
-0.00123188
-0.00118623
-0.00113917
-0.00109073
-0.00104094
-0.000989796
-0.000937253
-0.000883297
-0.00082798
-0.000771382
-0.000713504
-0.000654411
-0.000593964
-0.000532638
-0.000469227
-0.000407345
-0.000339199
-0.000283679
-0.000205395
-0.000177362
-6.64537e-005
-0.00014199
0.0117747
0.0119829
0.011996
0.0119137
0.0117497
0.011529
0.0112749
0.0110045
0.0107328
0.0104674
0.0102101
0.00996444
0.00973028
0.00950737
0.00929486
0.009096
0.00891043
0.00873499
0.00855737
0.00838123
0.00821878
0.00806302
0.00791387
0.0077699
0.00763032
0.00749482
0.00736322
0.00723757
0.00711387
0.00698658
0.00686063
0.00673721
0.00661211
0.0064903
0.00637321
0.00625512
0.00613504
0.00601578
0.00589784
0.00578031
0.00566372
0.00554805
0.00543255
0.00531654
0.00519951
0.00508257
0.00496742
0.00485359
0.00474034
0.00462795
0.00451671
0.00440646
0.00429705
0.00418863
0.00408058
0.00397226
0.00386409
0.00375632
0.00364941
0.00354371
0.003439
0.00333496
0.00323132
0.00312818
0.00302598
0.00292512
0.00282546
0.00272691
0.00262924
0.00253241
0.00243644
0.00234146
0.00224761
0.00215472
0.00206267
0.00197145
0.00188108
0.00179162
0.00170281
0.00161467
0.0015273
0.00144081
0.00135516
0.00127027
0.00118616
0.00110279
0.00102002
0.000937868
0.000856431
0.000775649
0.000695651
0.000616442
0.000538058
0.000460683
0.00038439
0.000309151
0.00023475
0.00016102
8.82173e-005
1.64835e-005
-5.43922e-005
-0.00012427
-0.00019289
-0.00026034
-0.000326725
-0.000391939
-0.000455754
-0.00051815
-0.000579291
-0.000639323
-0.000698298
-0.000756123
-0.000812653
-0.000867825
-0.000921584
-0.000973963
-0.00102505
-0.00107478
-0.00112317
-0.00117017
-0.00121567
-0.00125971
-0.00130244
-0.00134382
-0.00138365
-0.00142188
-0.00145864
-0.00149398
-0.00152781
-0.00156011
-0.0015909
-0.00162018
-0.00164788
-0.00167398
-0.00169856
-0.00172166
-0.00174324
-0.00176321
-0.00178152
-0.0017982
-0.00181327
-0.00182676
-0.0018387
-0.0018491
-0.00185791
-0.00186513
-0.00187074
-0.00187474
-0.00187711
-0.00187784
-0.00187695
-0.00187448
-0.00187042
-0.00186477
-0.00185752
-0.00184868
-0.00183829
-0.0018263
-0.00181269
-0.00179747
-0.00178065
-0.00176227
-0.00174232
-0.00172081
-0.00169774
-0.00167312
-0.00164694
-0.00161919
-0.0015899
-0.0015591
-0.0015268
-0.00149299
-0.00145767
-0.00142085
-0.00138257
-0.00134285
-0.00130169
-0.00125905
-0.00121496
-0.00116944
-0.00112252
-0.00107424
-0.00102464
-0.000973716
-0.000921442
-0.000867808
-0.000812878
-0.000756741
-0.000699437
-0.000641062
-0.000581545
-0.000521335
-0.000459501
-0.000399131
-0.000334054
-0.00027913
-0.000206626
-0.000174825
-7.44159e-005
-0.000131729
0.0111819
0.011318
0.0113256
0.0112666
0.0111487
0.0109856
0.0107928
0.0105826
0.0103655
0.010148
0.00993285
0.00972309
0.00951962
0.00932351
0.00913504
0.00895567
0.00878442
0.0086199
0.00845942
0.00830355
0.00815452
0.00801015
0.0078702
0.00773402
0.00760313
0.00747598
0.00734283
0.00720883
0.00708116
0.0069563
0.00683191
0.00670854
0.00658605
0.006468
0.00635476
0.00624065
0.0061235
0.00600669
0.00589061
0.00577359
0.00565636
0.00554245
0.00542974
0.00531469
0.00519827
0.00508159
0.00496645
0.00485249
0.00473904
0.00462659
0.00451554
0.00440612
0.00429797
0.00418972
0.0040813
0.00397278
0.00386443
0.00375577
0.00364768
0.00354148
0.00343658
0.00333262
0.00322919
0.00312627
0.00302438
0.00292373
0.00282415
0.00272566
0.00262813
0.00253157
0.00243599
0.00234161
0.00224827
0.00215562
0.00206373
0.00197261
0.00188222
0.00179273
0.00170395
0.0016158
0.00152847
0.00144201
0.00135637
0.0012716
0.00118774
0.00110453
0.00102181
0.000939719
0.000858417
0.000777794
0.000697904
0.00061874
0.000540386
0.000463142
0.000387174
0.0003122
0.000238032
0.000164618
9.2002e-005
2.03756e-005
-5.02617e-005
-0.0001197
-0.000187968
-0.000255234
-0.000321491
-0.000386591
-0.000450128
-0.000512118
-0.000572798
-0.000632479
-0.000691342
-0.000749134
-0.000805569
-0.000860544
-0.000914002
-0.000966069
-0.00101695
-0.00106648
-0.00111462
-0.00116139
-0.00120672
-0.00125049
-0.0012929
-0.00133413
-0.00137385
-0.00141189
-0.00144846
-0.00148361
-0.00151718
-0.00154922
-0.00157984
-0.00160897
-0.00163646
-0.00166227
-0.00168659
-0.00170955
-0.00173104
-0.0017509
-0.00176905
-0.00178554
-0.00180037
-0.00181362
-0.00182539
-0.00183566
-0.00184437
-0.00185146
-0.00185693
-0.00186076
-0.00186296
-0.00186351
-0.00186243
-0.00185977
-0.00185554
-0.00184972
-0.00184231
-0.00183334
-0.00182281
-0.00181069
-0.00179693
-0.00178156
-0.0017646
-0.00174608
-0.001726
-0.00170436
-0.00168116
-0.00165641
-0.00163013
-0.00160228
-0.0015729
-0.00154201
-0.00150962
-0.00147571
-0.00144029
-0.00140339
-0.00136505
-0.00132527
-0.00128404
-0.00124135
-0.00119722
-0.00115168
-0.00110477
-0.00105651
-0.00100695
-0.000956104
-0.000903956
-0.000850509
-0.000795839
-0.000740045
-0.000683176
-0.00062534
-0.000566548
-0.000507227
-0.00044668
-0.000387522
-0.000324826
-0.000270512
-0.000202249
-0.000168465
-7.60655e-005
-0.00012384
0.010677
0.0107679
0.0107706
0.010724
0.0106342
0.0105093
0.0103596
0.0101937
0.0100194
0.00984159
0.00966277
0.0094858
0.00931201
0.00914273
0.00897864
0.00882032
0.00866692
0.00851747
0.00837054
0.00822622
0.00808619
0.0079498
0.00781665
0.00768611
0.00755798
0.00743213
0.00730612
0.00718148
0.00705914
0.00693788
0.0068172
0.00669775
0.00658065
0.0064623
0.00634207
0.00622369
0.00610777
0.00599289
0.00587733
0.00576064
0.00564219
0.00552693
0.00541338
0.00529842
0.00518536
0.00507416
0.00496291
0.00485086
0.0047383
0.00462599
0.00451403
0.0044025
0.00429391
0.00418719
0.00407949
0.00397135
0.0038637
0.00375681
0.00364997
0.00354366
0.00343862
0.00333437
0.0032309
0.00312807
0.00302616
0.00292555
0.00282639
0.0027286
0.00263186
0.00253566
0.00244005
0.00234539
0.00225168
0.00215863
0.00206642
0.00197508
0.00188448
0.00179472
0.00170573
0.00161762
0.00153042
0.00144407
0.00135853
0.00127378
0.00118972
0.00110634
0.00102336
0.000941021
0.000859627
0.000779027
0.000699152
0.000620037
0.000541935
0.000464943
0.000389161
0.000314372
0.000240448
0.000167235
9.47521e-005
2.32759e-005
-4.70925e-005
-0.000116299
-0.000184421
-0.00025166
-0.000317915
-0.000382808
-0.000446116
-0.000507851
-0.000568242
-0.000627695
-0.000686359
-0.000744038
-0.000800451
-0.00085535
-0.000908626
-0.000960495
-0.0010112
-0.00106054
-0.00110851
-0.00115505
-0.00120008
-0.0012437
-0.00128597
-0.00132699
-0.00136663
-0.0014046
-0.00144111
-0.00147618
-0.00150951
-0.00154125
-0.00157164
-0.00160065
-0.00162806
-0.00165371
-0.00167784
-0.00170064
-0.00172204
-0.0017418
-0.00175987
-0.00177629
-0.00179097
-0.00180402
-0.00181563
-0.00182582
-0.00183447
-0.00184153
-0.00184693
-0.00185068
-0.00185278
-0.00185321
-0.00185203
-0.00184927
-0.00184495
-0.00183908
-0.00183163
-0.0018226
-0.00181201
-0.00179982
-0.00178601
-0.0017706
-0.0017536
-0.00173504
-0.00171492
-0.00169322
-0.00166997
-0.00164519
-0.00161887
-0.00159101
-0.00156164
-0.00153076
-0.00149835
-0.00146443
-0.001429
-0.00139211
-0.00135379
-0.00131404
-0.00127284
-0.00123016
-0.00118606
-0.00114056
-0.00109371
-0.00104556
-0.000996121
-0.000945405
-0.000893417
-0.000840185
-0.000785797
-0.000730347
-0.000673893
-0.000616568
-0.000558434
-0.000499882
-0.000440401
-0.000382215
-0.000321272
-0.000267483
-0.000201995
-0.000166803
-7.88758e-005
-0.000120374
0.0102356
0.0102951
0.010293
0.0102544
0.0101839
0.0100861
0.00996835
0.00983705
0.00969737
0.00955282
0.00940555
0.0092578
0.00911081
0.00896603
0.00882416
0.00868538
0.00854893
0.00841398
0.00828036
0.0081484
0.00801891
0.00789183
0.00776674
0.00764296
0.00752072
0.0073998
0.00727866
0.00715758
0.00703743
0.00691811
0.00679937
0.00668109
0.00656345
0.00644604
0.00632981
0.00621466
0.00609983
0.00598516
0.00587046
0.00575573
0.00564116
0.00552533
0.00540872
0.00529383
0.00518097
0.0050689
0.00495652
0.00484408
0.00473161
0.00461967
0.00450819
0.00439711
0.00428745
0.0041795
0.00407127
0.00396311
0.00385603
0.00375083
0.00364644
0.00354165
0.00343725
0.0033336
0.00323079
0.00312847
0.00302701
0.0029265
0.00282698
0.00272779
0.00263006
0.0025341
0.00243852
0.00234344
0.00224927
0.00215617
0.00206387
0.00197241
0.00188179
0.00179179
0.00170251
0.00161425
0.00152694
0.00144084
0.0013559
0.00127163
0.00118779
0.0011045
0.00102173
0.00093977
0.000858562
0.000777973
0.000698119
0.000619103
0.000541182
0.000464416
0.000388767
0.000314162
0.00024047
0.000167466
9.51481e-005
2.3856e-005
-4.62393e-005
-0.000115146
-0.000183241
-0.000250644
-0.00031695
-0.000381704
-0.000444704
-0.000506177
-0.000566502
-0.000625849
-0.000684281
-0.00074179
-0.000798023
-0.000852763
-0.00090592
-0.000957727
-0.00100832
-0.00105748
-0.00110527
-0.00115158
-0.00119641
-0.00123983
-0.00128182
-0.0013226
-0.00136206
-0.00139999
-0.00143644
-0.00147132
-0.00150443
-0.0015359
-0.00156606
-0.0015949
-0.00162217
-0.00164772
-0.00167163
-0.00169419
-0.00171545
-0.00173507
-0.00175304
-0.00176937
-0.00178393
-0.00179683
-0.00180839
-0.0018186
-0.00182721
-0.00183424
-0.00183959
-0.00184325
-0.00184526
-0.00184556
-0.0018442
-0.00184129
-0.00183684
-0.00183086
-0.00182332
-0.00181419
-0.00180348
-0.00179117
-0.00177728
-0.00176178
-0.00174471
-0.00172607
-0.00170585
-0.00168407
-0.00166072
-0.00163584
-0.00160943
-0.0015815
-0.00155208
-0.00152114
-0.00148867
-0.00145468
-0.0014192
-0.00138226
-0.00134389
-0.00130408
-0.00126282
-0.00122011
-0.00117598
-0.00113047
-0.00108362
-0.00103547
-0.000986058
-0.000935375
-0.000883447
-0.000830327
-0.000776099
-0.000720847
-0.000664648
-0.000607665
-0.00054997
-0.000491922
-0.000433158
-0.000375602
-0.000315877
-0.00026253
-0.000199064
-0.000163254
-7.85813e-005
-0.000118011
0.00983705
0.00987124
0.00986463
0.00983173
0.00977571
0.00969972
0.00960854
0.00950636
0.00939679
0.00928199
0.00916332
0.0090427
0.00892116
0.00879994
0.00867949
0.00855973
0.00843975
0.00831926
0.00819848
0.00807795
0.00795861
0.00784015
0.00772235
0.00760502
0.00748817
0.00737184
0.00725531
0.00713844
0.00702168
0.00690519
0.00678886
0.00667263
0.00655687
0.00644123
0.00632588
0.00621084
0.006096
0.00598152
0.00586703
0.00575233
0.00563729
0.00552183
0.00540729
0.0052939
0.00518142
0.00506907
0.00495664
0.00484426
0.00473209
0.00462052
0.00451039
0.00440091
0.00429078
0.0041804
0.0040707
0.00396239
0.00385518
0.00374904
0.00364351
0.00353856
0.00343466
0.00333154
0.00322891
0.00312688
0.0030257
0.00292533
0.00282586
0.00272685
0.00262867
0.00253222
0.00243708
0.00234278
0.00224931
0.00215685
0.00206551
0.0019746
0.00188392
0.00179389
0.00170458
0.00161619
0.00152859
0.00144175
0.0013557
0.00127061
0.0011866
0.00110338
0.00102105
0.000939626
0.00085861
0.000777979
0.000698056
0.000619042
0.00054114
0.000464439
0.000388862
0.000314293
0.000240621
0.000167817
9.59169e-005
2.5013e-005
-4.46624e-005
-0.000112904
-0.00018018
-0.000247168
-0.00031337
-0.000378094
-0.000441152
-0.000502618
-0.000562955
-0.000622366
-0.00068082
-0.000738239
-0.000794336
-0.000849026
-0.000902235
-0.00095409
-0.00100473
-0.00105396
-0.00110176
-0.00114799
-0.00119271
-0.00123608
-0.00127812
-0.00131891
-0.00135843
-0.00139644
-0.00143287
-0.00146777
-0.00150086
-0.00153233
-0.00156246
-0.00159128
-0.00161867
-0.00164429
-0.00166825
-0.00169078
-0.00171188
-0.00173151
-0.00174959
-0.00176598
-0.00178062
-0.00179365
-0.0018053
-0.00181554
-0.00182415
-0.0018312
-0.00183661
-0.0018403
-0.00184232
-0.00184258
-0.00184115
-0.00183818
-0.00183371
-0.00182771
-0.00182015
-0.001811
-0.00180026
-0.00178793
-0.00177403
-0.00175855
-0.00174147
-0.00172283
-0.00170263
-0.00168085
-0.0016575
-0.0016326
-0.00160618
-0.00157826
-0.00154884
-0.00151792
-0.00148548
-0.00145151
-0.00141605
-0.00137912
-0.00134076
-0.00130096
-0.00125973
-0.00121706
-0.00117296
-0.00112749
-0.0010807
-0.00103261
-0.000983258
-0.000932628
-0.000880776
-0.000827777
-0.000773686
-0.000718581
-0.000662574
-0.00060582
-0.000548408
-0.00049067
-0.000432347
-0.000375096
-0.000316112
-0.000262715
-0.000200401
-0.000163154
-7.85869e-005
-0.000115476
0.00946718
0.00947805
0.00946629
0.00943769
0.00939416
0.00933753
0.00927036
0.00919513
0.00911372
0.00902724
0.00893634
0.00884215
0.00874539
0.00864695
0.00854711
0.00844563
0.00834183
0.0082356
0.00812741
0.00801826
0.00790876
0.00779884
0.00768842
0.00757724
0.00746563
0.00735403
0.00724175
0.00712853
0.00701462
0.00690024
0.00678578
0.00667129
0.0065569
0.00644243
0.00632809
0.00621394
0.0060997
0.00598544
0.00587117
0.00575677
0.00564211
0.00552712
0.00541264
0.005299
0.0051861
0.0050735
0.00496081
0.00484815
0.00473564
0.00462355
0.00451235
0.00440164
0.00429142
0.00418208
0.0040737
0.00396623
0.00385948
0.00375342
0.00364794
0.00354287
0.00343848
0.00333467
0.00323173
0.00312969
0.00302863
0.00292853
0.00282936
0.00273131
0.00263419
0.00253806
0.00244289
0.00234871
0.00225533
0.00216258
0.00207075
0.00197968
0.00188896
0.00179891
0.00170955
0.00162088
0.00153317
0.00144599
0.00135923
0.00127341
0.001189
0.00110552
0.00102271
0.000940782
0.000859659
0.000779038
0.000699072
0.000620043
0.000542083
0.000465382
0.000389762
0.000315013
0.000241231
0.000168364
9.65104e-005
2.56379e-005
-4.4211e-005
-0.000112699
-0.000180133
-0.000246959
-0.000312878
-0.000377397
-0.000440489
-0.000502076
-0.000562452
-0.000621869
-0.000680258
-0.000737553
-0.000793557
-0.000848163
-0.000901363
-0.000953412
-0.00100416
-0.00105346
-0.00110131
-0.00114748
-0.00119214
-0.00123543
-0.00127727
-0.00131786
-0.00135736
-0.00139539
-0.00143181
-0.0014667
-0.00149986
-0.00153146
-0.00156167
-0.00159054
-0.00161805
-0.00164385
-0.00166788
-0.00169032
-0.00171142
-0.00173111
-0.00174921
-0.0017657
-0.00178039
-0.00179344
-0.00180514
-0.00181538
-0.00182399
-0.001831
-0.00183646
-0.00184025
-0.00184231
-0.00184266
-0.00184131
-0.00183838
-0.00183395
-0.00182801
-0.0018205
-0.0018114
-0.00180071
-0.00178843
-0.00177458
-0.00175915
-0.00174214
-0.00172356
-0.00170342
-0.00168171
-0.00165842
-0.00163358
-0.00160721
-0.00157935
-0.00155
-0.00151915
-0.00148677
-0.00145288
-0.00141749
-0.00138063
-0.00134232
-0.00130258
-0.00126141
-0.00121881
-0.00117479
-0.00112938
-0.00108266
-0.00103466
-0.000985368
-0.000934799
-0.000883024
-0.000830113
-0.000776105
-0.000721076
-0.000665153
-0.000608491
-0.000551179
-0.000493548
-0.000435466
-0.000378264
-0.000320026
-0.000266253
-0.000206695
-0.00016638
-8.84275e-005
-0.000126201
0.00911382
0.00910005
0.00908171
0.00905658
0.00902509
0.00898762
0.0089448
0.00889701
0.00884439
0.00878678
0.00872404
0.00865655
0.00858462
0.00850889
0.00842939
0.00834593
0.00825801
0.0081659
0.00807034
0.00797221
0.00787215
0.00777037
0.00766673
0.0075614
0.00745477
0.0073473
0.00723865
0.00712854
0.0070172
0.00690489
0.0067921
0.00667901
0.00656581
0.00645238
0.00633879
0.00622503
0.00611097
0.00599671
0.00588222
0.00576751
0.00565262
0.0055376
0.00542301
0.0053092
0.00519598
0.00508308
0.00497017
0.00485732
0.00474469
0.00463255
0.00452112
0.00441033
0.0043002
0.00419076
0.0040822
0.00397429
0.00386705
0.0037605
0.00365434
0.00354856
0.00344353
0.00333934
0.00323625
0.00313423
0.00303317
0.00293295
0.00283343
0.00273471
0.00263708
0.00254063
0.00244525
0.00235097
0.00225745
0.00216474
0.00207282
0.00198139
0.00189054
0.00180047
0.00171109
0.00162235
0.00153451
0.00144764
0.00136162
0.00127635
0.00119186
0.00110805
0.00102508
0.000943115
0.000862029
0.000781535
0.000701569
0.000622355
0.000544193
0.000467249
0.000391446
0.000316516
0.000242439
0.000169469
9.75125e-005
2.64869e-005
-4.3515e-005
-0.00011244
-0.000180351
-0.000247316
-0.00031329
-0.000377972
-0.000441201
-0.000503018
-0.000563544
-0.000622984
-0.00068143
-0.000738699
-0.000794585
-0.000849154
-0.000902436
-0.000954486
-0.00100532
-0.00105474
-0.00110263
-0.00114892
-0.0011936
-0.00123682
-0.00127859
-0.00131905
-0.00135838
-0.00139626
-0.00143265
-0.00146749
-0.00150066
-0.00153233
-0.00156255
-0.0015914
-0.00161882
-0.0016446
-0.00166867
-0.00169107
-0.00171203
-0.00173163
-0.00174974
-0.00176617
-0.00178079
-0.00179382
-0.00180547
-0.00181562
-0.00182414
-0.00183109
-0.00183648
-0.00184022
-0.00184226
-0.00184257
-0.00184118
-0.0018382
-0.00183372
-0.00182771
-0.00182013
-0.00181096
-0.00180019
-0.00178785
-0.00177393
-0.00175843
-0.00174135
-0.00172271
-0.00170251
-0.00168074
-0.00165739
-0.00163247
-0.00160603
-0.0015781
-0.00154866
-0.00151773
-0.00148528
-0.00145132
-0.00141588
-0.00137895
-0.00134058
-0.00130076
-0.00125951
-0.00121681
-0.0011727
-0.00112722
-0.00108042
-0.00103233
-0.000982956
-0.000932291
-0.000880394
-0.000827353
-0.000773206
-0.00071801
-0.000661881
-0.000604985
-0.000547385
-0.000489451
-0.000430826
-0.000373375
-0.000313803
-0.000260577
-0.000197612
-0.000162095
-7.94232e-005
-0.000119246
0.00876427
0.00872097
0.00869384
0.00867222
0.00865442
0.00863912
0.00862388
0.00860654
0.00858539
0.00855896
0.00852612
0.00848651
0.00844017
0.00838735
0.00832804
0.0082623
0.00819012
0.00811196
0.0080286
0.007941
0.00784998
0.0077557
0.00765839
0.00755838
0.00745613
0.00735225
0.00724669
0.00713913
0.0070298
0.00691908
0.00680755
0.00669556
0.00658305
0.00647018
0.00635696
0.00624341
0.0061294
0.00601475
0.00589979
0.0057847
0.00566943
0.00555405
0.00543905
0.00532469
0.00521083
0.00509748
0.00498412
0.0048708
0.00475785
0.00464531
0.00453344
0.00442221
0.00431155
0.00420168
0.00409275
0.00398456
0.00387689
0.00376977
0.00366317
0.0035569
0.00345131
0.00334683
0.0032436
0.0031414
0.00304013
0.00293978
0.00284002
0.00274113
0.00264333
0.0025466
0.00245101
0.00235651
0.00226285
0.00216986
0.00207762
0.00198599
0.00189512
0.001805
0.00171538
0.00162621
0.00153795
0.00145077
0.00136457
0.0012791
0.00119427
0.00111007
0.00102664
0.000944245
0.000862967
0.000782472
0.000702415
0.000623008
0.000544585
0.000467423
0.000391384
0.00031614
0.000241953
0.000168885
9.68653e-005
2.58497e-005
-4.42894e-005
-0.000113372
-0.000181365
-0.000248378
-0.000314408
-0.000379154
-0.00044251
-0.000504595
-0.000565335
-0.000624921
-0.00068337
-0.000740592
-0.000796598
-0.000851299
-0.000904654
-0.000956829
-0.00100773
-0.00105719
-0.00110523
-0.00115166
-0.00119648
-0.00123984
-0.00128182
-0.00132257
-0.001362
-0.00139993
-0.00143635
-0.00147123
-0.00150452
-0.00153629
-0.00156661
-0.00159553
-0.001623
-0.00164885
-0.00167295
-0.00169541
-0.00171642
-0.00173604
-0.00175411
-0.00177047
-0.00178515
-0.0017983
-0.00181
-0.00182012
-0.00182861
-0.00183548
-0.00184078
-0.0018445
-0.00184658
-0.00184697
-0.00184569
-0.00184279
-0.00183833
-0.00183232
-0.00182474
-0.00181556
-0.00180479
-0.00179245
-0.00177853
-0.00176302
-0.00174593
-0.0017273
-0.0017071
-0.00168533
-0.00166198
-0.00163708
-0.00161064
-0.00158269
-0.00155323
-0.00152227
-0.00148982
-0.00145586
-0.00142041
-0.00138348
-0.00134509
-0.00130525
-0.00126395
-0.00122121
-0.00117706
-0.00113154
-0.0010847
-0.00103656
-0.000987128
-0.000936383
-0.000884375
-0.000831197
-0.000776891
-0.000721502
-0.000665109
-0.000607876
-0.00054986
-0.000491453
-0.000432154
-0.000374155
-0.000313447
-0.000260026
-0.00019505
-0.000160646
-7.3183e-005
-0.000117475
0.00840047
0.00831797
0.00827842
0.00826207
0.00826319
0.0082768
0.0082961
0.00831559
0.00833111
0.0083397
0.00833943
0.00832956
0.00830978
0.00828026
0.00824123
0.00819311
0.00813633
0.00807163
0.00799996
0.0079223
0.00783948
0.00775204
0.00766045
0.00756514
0.00746674
0.00736582
0.0072625
0.00715685
0.00704909
0.00693969
0.00682905
0.00671754
0.00660539
0.00649262
0.0063794
0.00626556
0.00615107
0.00603598
0.00592047
0.00580476
0.00568889
0.00557301
0.00545748
0.00534248
0.00522787
0.00511366
0.00499967
0.00488584
0.00477254
0.00465971
0.00454742
0.00443564
0.00432438
0.0042139
0.00410428
0.00399542
0.00388711
0.00377926
0.00367195
0.00356502
0.00345883
0.00335391
0.00325029
0.00314775
0.00304606
0.00294526
0.00284536
0.00274618
0.00264804
0.00255102
0.00245506
0.00236013
0.0022662
0.00217303
0.00208047
0.00198854
0.00189742
0.00180712
0.00171739
0.00162809
0.00153967
0.00145232
0.00136595
0.00128035
0.00119528
0.00111074
0.00102701
0.000944374
0.000862856
0.00078217
0.000701984
0.000622407
0.000543714
0.000466175
0.000389756
0.000314268
0.000239854
0.000166584
9.43034e-005
2.30062e-005
-4.72838e-005
-0.000116585
-0.000184818
-0.00025201
-0.000318125
-0.000383019
-0.000446619
-0.000508927
-0.000569925
-0.000629669
-0.000688219
-0.000745595
-0.000801734
-0.00085657
-0.000910101
-0.000962354
-0.00101329
-0.00106285
-0.00111096
-0.00115751
-0.00120249
-0.00124604
-0.00128824
-0.00132909
-0.00136857
-0.00140661
-0.00144317
-0.0014782
-0.00151163
-0.00154353
-0.00157397
-0.00160297
-0.00163045
-0.00165632
-0.00168054
-0.00170318
-0.00172431
-0.00174393
-0.00176198
-0.00177844
-0.00179329
-0.00180656
-0.00181828
-0.00182842
-0.00183693
-0.00184381
-0.00184911
-0.00185285
-0.00185497
-0.00185545
-0.00185428
-0.00185148
-0.00184709
-0.00184114
-0.00183362
-0.00182448
-0.00181375
-0.00180146
-0.00178759
-0.00177211
-0.00175505
-0.00173642
-0.00171625
-0.00169452
-0.00167121
-0.00164634
-0.00161994
-0.00159201
-0.00156256
-0.00153163
-0.00149919
-0.00146525
-0.00142982
-0.00139289
-0.00135451
-0.00131467
-0.00127337
-0.00123061
-0.00118643
-0.00114089
-0.00109401
-0.00104583
-0.000996325
-0.000945478
-0.000893344
-0.000839998
-0.000785469
-0.000729802
-0.000673052
-0.000615367
-0.000556745
-0.000497613
-0.00043728
-0.000378365
-0.000315874
-0.000261978
-0.000193995
-0.000161112
-6.8563e-005
-0.000119173
0.00800057
0.00786173
0.00780593
0.00780271
0.00783649
0.00789376
0.00796043
0.00802666
0.00808591
0.00813418
0.0081692
0.00819028
0.00819738
0.00819094
0.00817166
0.00814042
0.00809814
0.00804589
0.00798479
0.00791597
0.00784042
0.00775893
0.00767217
0.00758082
0.00748554
0.00738689
0.00728527
0.00718097
0.00707429
0.00696567
0.00685552
0.00674422
0.00663204
0.00651911
0.00640547
0.00629111
0.00617601
0.00606024
0.00594403
0.00582764
0.0057111
0.00559463
0.00547842
0.00536258
0.00524707
0.00513196
0.0050171
0.00490257
0.00478842
0.0046747
0.00456168
0.00444918
0.00433716
0.00422584
0.00411538
0.00400585
0.00389692
0.00378838
0.00368041
0.00357314
0.00346677
0.00336144
0.00325727
0.0031543
0.00305236
0.00295125
0.00285087
0.00275135
0.002653
0.0025558
0.00245967
0.00236453
0.00227028
0.00217677
0.00208389
0.00199181
0.00190054
0.00181004
0.00172012
0.00163068
0.00154198
0.00145424
0.00136749
0.00128153
0.00119619
0.00111143
0.00102745
0.000944445
0.000862497
0.000781453
0.000701058
0.00062132
0.000542443
0.000464626
0.000387911
0.000312214
0.00023754
0.000163907
9.12951e-005
1.97183e-005
-5.08377e-005
-0.000120362
-0.000188799
-0.00025615
-0.000322407
-0.000387489
-0.000451303
-0.000513842
-0.000575109
-0.000635127
-0.000693921
-0.000751482
-0.000807783
-0.000862799
-0.000916508
-0.000968909
-0.00101998
-0.00106968
-0.00111795
-0.00116473
-0.00121
-0.00125385
-0.00129629
-0.00133735
-0.00137701
-0.00141524
-0.00145197
-0.00148714
-0.00152076
-0.00155286
-0.00158346
-0.00161257
-0.00164016
-0.00166617
-0.00169058
-0.00171342
-0.00173472
-0.00175446
-0.00177261
-0.00178919
-0.00180416
-0.00181755
-0.00182936
-0.0018396
-0.00184823
-0.00185523
-0.00186064
-0.00186448
-0.00186672
-0.00186732
-0.00186629
-0.00186361
-0.00185933
-0.00185346
-0.00184601
-0.00183697
-0.00182634
-0.00181414
-0.00180036
-0.00178498
-0.00176799
-0.00174942
-0.0017293
-0.00170763
-0.00168438
-0.00165958
-0.00163325
-0.00160539
-0.001576
-0.00154511
-0.0015127
-0.0014788
-0.00144341
-0.00140651
-0.00136815
-0.00132833
-0.00128705
-0.0012443
-0.00120013
-0.00115459
-0.00110769
-0.00105947
-0.00100989
-0.000958942
-0.000906674
-0.000853137
-0.000798366
-0.000742388
-0.000685224
-0.000626999
-0.000567637
-0.000507601
-0.000445971
-0.000385894
-0.000321022
-0.000266539
-0.000194213
-0.000163546
-6.30339e-005
-0.000124424
0.00750874
0.00727274
0.00719964
0.00723164
0.0073254
0.00745115
0.00758479
0.00771196
0.00782471
0.00791904
0.00799324
0.00804753
0.00808262
0.00809967
0.00810007
0.00808534
0.00805698
0.00801647
0.00796522
0.00790454
0.00783565
0.00775954
0.00767718
0.00758936
0.00749681
0.00740019
0.00730005
0.00719687
0.00709104
0.00698299
0.00687314
0.00676166
0.00664906
0.00653554
0.00642122
0.00630621
0.00619064
0.00607438
0.00595764
0.00584063
0.00572351
0.00560642
0.00548949
0.00537288
0.00525663
0.00514072
0.0050251
0.0049099
0.00479527
0.00468114
0.00456739
0.00445399
0.00434117
0.00422918
0.00411805
0.00400767
0.00389779
0.00378842
0.0036798
0.00357202
0.00346524
0.00335956
0.00325499
0.0031515
0.00304902
0.00294752
0.00284687
0.00274729
0.00264885
0.0025515
0.00245516
0.00235979
0.00226521
0.00217122
0.00207793
0.00198555
0.00189408
0.00180347
0.00171353
0.00162415
0.00153543
0.00144752
0.00136046
0.00127418
0.00118858
0.00110365
0.0010195
0.000936217
0.000853873
0.000772428
0.00069177
0.000611894
0.000532883
0.000454853
0.00037787
0.000301898
0.000226914
0.000152953
8.00507e-005
8.2155e-006
-6.25474e-005
-0.000132238
-0.000200833
-0.000268317
-0.000334683
-0.000399884
-0.00046385
-0.00052657
-0.000588037
-0.000648246
-0.000707204
-0.000764902
-0.000821331
-0.000876471
-0.00093029
-0.00098277
-0.0010339
-0.00108368
-0.00113205
-0.00117896
-0.00122439
-0.00126838
-0.00131094
-0.00135208
-0.00139179
-0.00143006
-0.00146683
-0.00150207
-0.00153577
-0.00156795
-0.00159864
-0.00162781
-0.00165544
-0.00168149
-0.00170593
-0.00172881
-0.00175015
-0.0017699
-0.00178807
-0.00180464
-0.00181961
-0.001833
-0.00184482
-0.00185505
-0.00186368
-0.00187069
-0.00187609
-0.00187991
-0.00188214
-0.00188276
-0.00188174
-0.00187908
-0.00187479
-0.00186891
-0.00186146
-0.00185242
-0.00184177
-0.00182954
-0.00181574
-0.00180033
-0.00178332
-0.00176471
-0.00174456
-0.00172284
-0.00169957
-0.00167473
-0.00164837
-0.00162048
-0.00159108
-0.00156015
-0.0015277
-0.00149374
-0.00145828
-0.00142133
-0.00138289
-0.00134299
-0.00130165
-0.00125885
-0.00121461
-0.00116897
-0.00112196
-0.00107358
-0.00102381
-0.000972671
-0.000920182
-0.000866366
-0.000811234
-0.000754826
-0.000697146
-0.000638273
-0.000578045
-0.00051695
-0.00045378
-0.000392239
-0.000324282
-0.000269252
-0.000191034
-0.00016416
-5.27456e-005
-0.000132758
0.00686532
0.00646881
0.00643184
0.0065842
0.00680627
0.00703981
0.00725975
0.00745519
0.00762202
0.00775922
0.00786712
0.00794886
0.00800645
0.00804197
0.00805759
0.00805541
0.00803742
0.00800549
0.00796133
0.00790646
0.00784226
0.00776991
0.00769052
0.00760506
0.00751432
0.00741897
0.00731969
0.00721707
0.00711157
0.00700363
0.00689365
0.00678204
0.00666913
0.00655507
0.00644009
0.00632433
0.00620791
0.00609093
0.0059736
0.00585613
0.00573858
0.00562098
0.0055034
0.00538582
0.00526843
0.0051514
0.00503479
0.00491863
0.00480303
0.00468792
0.00457334
0.0044593
0.00434593
0.0042332
0.00412132
0.00401023
0.00389976
0.00379001
0.00368102
0.00357296
0.00346589
0.0033598
0.00325469
0.00315065
0.00304769
0.00294581
0.00284493
0.00274514
0.0026465
0.00254903
0.00245266
0.00235731
0.00226273
0.00216877
0.0020757
0.00198325
0.00189131
0.00180031
0.00171012
0.00162057
0.00153168
0.00144352
0.00135617
0.00126959
0.00118376
0.00109865
0.00101431
0.000930784
0.000848136
0.000766379
0.000685483
0.000605426
0.000526238
0.000447992
0.000370757
0.000294531
0.000219291
0.000145064
7.18815e-005
-2.37066e-007
-7.12688e-005
-0.000141211
-0.000210055
-0.000277779
-0.000344375
-0.000409809
-0.000474024
-0.000536998
-0.000598736
-0.000659222
-0.000718445
-0.000776411
-0.000833108
-0.000888498
-0.000942565
-0.000995295
-0.00104667
-0.00109667
-0.00114528
-0.00119245
-0.00123815
-0.00128241
-0.00132524
-0.00136664
-0.0014066
-0.00144511
-0.00148214
-0.00151764
-0.00155159
-0.00158402
-0.00161495
-0.00164436
-0.00167224
-0.00169852
-0.00172322
-0.00174636
-0.00176795
-0.00178794
-0.00180631
-0.00182307
-0.00183822
-0.00185179
-0.00186379
-0.00187423
-0.00188307
-0.00189028
-0.00189586
-0.00189983
-0.00190222
-0.00190301
-0.00190217
-0.0018997
-0.0018956
-0.00188988
-0.00188256
-0.00187366
-0.00186317
-0.00185108
-0.00183741
-0.00182215
-0.00180529
-0.00178682
-0.00176678
-0.00174517
-0.00172197
-0.00169721
-0.00167091
-0.00164312
-0.00161383
-0.00158301
-0.00155064
-0.00151674
-0.00148135
-0.00144446
-0.00140607
-0.00136624
-0.00132496
-0.00128222
-0.00123802
-0.00119239
-0.00114537
-0.00109695
-0.00104713
-0.000995912
-0.000943294
-0.000889295
-0.000833915
-0.000777177
-0.000719061
-0.000659596
-0.000598552
-0.000536428
-0.000471764
-0.000408501
-0.000337061
-0.000281123
-0.000194958
-0.000172343
-4.38387e-005
-0.000150149
0.00556282
0.00502809
0.00523982
0.00563787
0.00605374
0.00644441
0.00678271
0.00706851
0.00730512
0.00749673
0.007648
0.00776409
0.00784922
0.00790715
0.0079412
0.00795433
0.00794915
0.00792799
0.00789291
0.0078457
0.00778796
0.00772108
0.00764628
0.00756465
0.00747712
0.00738449
0.00728747
0.0071867
0.00708273
0.00697607
0.00686712
0.0067564
0.00664406
0.00653033
0.00641549
0.00629974
0.00618321
0.00606619
0.00594862
0.0058308
0.00571297
0.00559523
0.0054779
0.00536069
0.00524385
0.00512734
0.00501104
0.00489503
0.0047794
0.00466422
0.00454958
0.00443534
0.00432196
0.00420861
0.00409606
0.00398441
0.00387345
0.00376323
0.00365356
0.00354483
0.00343735
0.00333093
0.00322553
0.0031212
0.003018
0.00291597
0.00281508
0.00271541
0.002617
0.00251987
0.00242394
0.00232899
0.00223396
0.00213847
0.00204467
0.0019532
0.00186251
0.00177222
0.00168252
0.00159335
0.00150471
0.0014167
0.0013294
0.00124281
0.00115693
0.00107176
0.000987338
0.000903729
0.000820976
0.000739103
0.000658111
0.000577996
0.000498785
0.000420503
0.000343198
0.000266907
0.00019163
0.000117366
4.41362e-005
-2.8027e-005
-9.90884e-005
-0.000169037
-0.000237853
-0.000305527
-0.000372052
-0.00043742
-0.000501585
-0.000564526
-0.000626231
-0.000686683
-0.00074586
-0.000803762
-0.000860371
-0.000915687
-0.000969685
-0.00102233
-0.0010736
-0.0011235
-0.001172
-0.00121907
-0.0012647
-0.00130888
-0.00135163
-0.00139293
-0.00143279
-0.00147119
-0.00150811
-0.0015435
-0.00157735
-0.00160967
-0.00164047
-0.00166975
-0.00169747
-0.00172361
-0.0017482
-0.00177122
-0.00179269
-0.00181255
-0.00183079
-0.00184743
-0.00186247
-0.00187593
-0.0018878
-0.00189811
-0.00190683
-0.00191393
-0.0019194
-0.00192324
-0.0019255
-0.00192615
-0.00192518
-0.0019226
-0.00191839
-0.00191255
-0.00190511
-0.00189608
-0.00188546
-0.00187325
-0.00185945
-0.00184407
-0.00182709
-0.0018085
-0.00178833
-0.00176658
-0.00174326
-0.00171837
-0.00169194
-0.001664
-0.00163457
-0.00160362
-0.00157111
-0.00153708
-0.00150154
-0.00146447
-0.00142594
-0.00138595
-0.00134449
-0.00130158
-0.00125721
-0.00121141
-0.00116419
-0.00111556
-0.00106552
-0.00101404
-0.000961147
-0.000906841
-0.000851105
-0.00079394
-0.000735299
-0.000675198
-0.000613404
-0.00055034
-0.000484543
-0.000419414
-0.000344637
-0.000287249
-0.000193042
-0.00017409
-2.71053e-005
-0.000165948
0.0023309
0.00356427
0.00450962
0.00520382
0.00578878
0.00627803
0.00667231
0.00699025
0.00724663
0.00745098
0.00761118
0.00773318
0.00782237
0.00788325
0.00791955
0.00793444
0.00793066
0.00791063
0.00787644
0.00782994
0.00777274
0.00770627
0.00763176
0.00755031
0.00746287
0.00737025
0.00727318
0.00717232
0.00706823
0.00696141
0.00685229
0.00674128
0.00662867
0.0065147
0.00639961
0.00628359
0.00616677
0.00604937
0.00593165
0.00581374
0.00569566
0.00557733
0.00545831
0.0053389
0.00522018
0.00510233
0.00498507
0.00486831
0.00475207
0.00463635
0.00452117
0.00440657
0.00429256
0.00417926
0.00406676
0.00395499
0.00384398
0.00373372
0.00362427
0.0035157
0.00340804
0.00330134
0.00319565
0.00309102
0.00298752
0.00288521
0.00278412
0.00268433
0.00258594
0.00248905
0.00239371
0.00229983
0.0022066
0.00211311
0.00202042
0.00192944
0.00183938
0.00174963
0.00166024
0.00157128
0.00148281
0.00139493
0.00130772
0.00122117
0.0011353
0.00105014
0.000965722
0.000882098
0.000799295
0.000717347
0.000636272
0.000556082
0.000476782
0.000398396
0.000320961
0.00024452
0.00016907
9.4623e-005
2.11989e-005
-5.11687e-005
-0.000122456
-0.00019262
-0.000261652
-0.000329548
-0.000396305
-0.000461898
-0.000526308
-0.000589508
-0.000651484
-0.000712211
-0.000771683
-0.000829861
-0.000886745
-0.000942323
-0.000996589
-0.0010495
-0.00110104
-0.00115121
-0.00119998
-0.00124735
-0.00129328
-0.00133778
-0.00138082
-0.00142241
-0.00146255
-0.00150121
-0.00153839
-0.00157406
-0.00160819
-0.00164078
-0.00167185
-0.00170138
-0.00172932
-0.00175572
-0.00178055
-0.00180381
-0.00182548
-0.00184557
-0.00186405
-0.00188093
-0.00189621
-0.00190988
-0.00192196
-0.00193246
-0.00194138
-0.00194869
-0.00195436
-0.00195838
-0.0019608
-0.00196163
-0.00196087
-0.00195848
-0.00195445
-0.00194878
-0.0019415
-0.00193262
-0.00192215
-0.00191009
-0.00189645
-0.00188122
-0.00186438
-0.00184593
-0.0018259
-0.0018043
-0.00178114
-0.00175639
-0.00173009
-0.00170227
-0.00167296
-0.00164213
-0.00160973
-0.0015758
-0.00154034
-0.00150338
-0.00146495
-0.00142506
-0.00138368
-0.00134084
-0.00129654
-0.0012508
-0.00120363
-0.00115503
-0.001105
-0.00105351
-0.00100059
-0.000946212
-0.000890368
-0.000833029
-0.000774154
-0.000713731
-0.000651553
-0.000587862
-0.000521717
-0.000455171
-0.00038237
-0.000317494
-0.000222341
-0.000192194
-2.63363e-005
-0.000174623
-0.00169809
0.00108673
0.00312301
0.00423569
0.00504159
0.00568243
0.00618094
0.00657318
0.00688606
0.00713506
0.00733126
0.00748306
0.0075972
0.00767911
0.00773327
0.00776342
0.00777275
0.00776402
0.00773961
0.00770159
0.00765177
0.00759173
0.00752283
0.00744626
0.00736307
0.00727415
0.00718032
0.00708229
0.00698068
0.00687602
0.00676876
0.00665934
0.0065481
0.00643531
0.00632124
0.00620612
0.00609017
0.00597359
0.00585674
0.00573962
0.00562226
0.00550482
0.00538764
0.00527121
0.00515459
0.00503759
0.0049206
0.00480382
0.00468736
0.0045713
0.00445564
0.00434064
0.00422598
0.00411251
0.00399969
0.00388747
0.00377597
0.00366525
0.00355548
0.00344654
0.00333829
0.00323098
0.00312473
0.00301961
0.00291565
0.00281292
0.00271149
0.00261142
0.00251287
0.00241607
0.0023214
0.00222931
0.00214146
0.00205798
0.00197371
0.00188607
0.00179708
0.00170773
0.00161832
0.00152908
0.00144023
0.0013519
0.00126419
0.00117713
0.00109077
0.00100514
0.000920288
0.000836234
0.000753022
0.000670688
0.000589249
0.000508716
0.00042911
0.00035045
0.000272758
0.000196049
0.000120347
4.56705e-005
-2.79562e-005
-0.000100512
-0.000171966
-0.000242297
-0.000311492
-0.000379537
-0.000446412
-0.00051212
-0.000576642
-0.00063996
-0.000702042
-0.000762863
-0.000822399
-0.000880651
-0.000937606
-0.000993261
-0.00104758
-0.00110053
-0.00115212
-0.00120233
-0.00125114
-0.00129854
-0.0013445
-0.00138902
-0.00143208
-0.00147369
-0.00151382
-0.00155249
-0.00158966
-0.00162532
-0.00165945
-0.00169204
-0.00172309
-0.0017526
-0.00178055
-0.00180693
-0.00183173
-0.00185494
-0.00187655
-0.00189659
-0.00191503
-0.00193186
-0.00194708
-0.0019607
-0.00197272
-0.00198315
-0.001992
-0.00199924
-0.00200485
-0.0020088
-0.00201115
-0.0020119
-0.00201106
-0.00200858
-0.00200446
-0.0019987
-0.00199133
-0.00198236
-0.00197179
-0.00195963
-0.00194589
-0.00193055
-0.00191361
-0.00189507
-0.00187492
-0.00185319
-0.00182989
-0.00180503
-0.00177862
-0.00175069
-0.00172125
-0.00169029
-0.00165777
-0.00162371
-0.00158813
-0.00155105
-0.00151249
-0.00147245
-0.00143093
-0.00138793
-0.00134349
-0.00129758
-0.00125025
-0.00120147
-0.00115125
-0.00109958
-0.00104645
-0.000991853
-0.000935774
-0.000878174
-0.000819005
-0.000758244
-0.000695717
-0.000631543
-0.000565087
-0.000497584
-0.000425474
-0.000357048
-0.000271387
-0.000218387
-7.6709e-005
-0.000145068
)
;

boundaryField
{
    walls
    {
        type            zeroGradient;
    }
    inlet
    {
        type            zeroGradient;
    }
    outlet
    {
        type            fixedValue;
        value           uniform 0;
    }
    frontAndBack
    {
        type            empty;
    }
}


// ************************************************************************* //
