/*--------------------------------*- C++ -*----------------------------------*\
| =========                 |                                                 |
| \\      /  F ield         | OpenFOAM: The Open Source CFD Toolbox           |
|  \\    /   O peration     | Version:  5.x                                   |
|   \\  /    A nd           | Web:      www.OpenFOAM.org                      |
|    \\/     M anipulation  |                                                 |
\*---------------------------------------------------------------------------*/
/*   Windows 32 and 64 bit porting by blueCAPE: http://www.bluecape.com.pt   *\
|  Based on Windows porting (2.0.x v4) by Symscape: http://www.symscape.com   |
\*---------------------------------------------------------------------------*/
FoamFile
{
    version     2.0;
    format      ascii;
    class       volScalarField;
    location    "1000";
    object      k;
}
// * * * * * * * * * * * * * * * * * * * * * * * * * * * * * * * * * * * * * //

dimensions      [0 2 -2 0 0 0 0];

internalField   nonuniform List<scalar> 
4000
(
2.58435e+013
3.91802e+013
5.14293e+013
6.31394e+013
7.4776e+013
8.64943e+013
9.83459e+013
1.10322e+014
1.22374e+014
1.34431e+014
1.46401e+014
1.58183e+014
1.69671e+014
1.80764e+014
1.91367e+014
2.01401e+014
2.108e+014
2.19515e+014
2.27515e+014
2.34783e+014
2.41317e+014
2.47123e+014
2.52221e+014
2.56635e+014
2.60395e+014
2.6354e+014
2.6608e+014
2.68051e+014
2.69511e+014
2.70494e+014
2.71035e+014
2.71171e+014
2.70934e+014
2.70354e+014
2.69462e+014
2.68296e+014
2.669e+014
2.6533e+014
2.63653e+014
2.60745e+014
2.5659e+014
2.51289e+014
2.44986e+014
2.37842e+014
2.3006e+014
2.21859e+014
2.13682e+014
2.05654e+014
1.97882e+014
1.90474e+014
1.83514e+014
1.77073e+014
1.71202e+014
1.65928e+014
1.61259e+014
1.57187e+014
1.53693e+014
1.50752e+014
1.48336e+014
1.46424e+014
1.44998e+014
1.4405e+014
1.43579e+014
1.43592e+014
1.44104e+014
1.45128e+014
1.46698e+014
1.48861e+014
1.51631e+014
1.55019e+014
1.59036e+014
1.63698e+014
1.6902e+014
1.75024e+014
1.81736e+014
1.89185e+014
1.97405e+014
2.06422e+014
2.16251e+014
2.269e+014
2.38359e+014
2.50567e+014
2.63361e+014
2.76395e+014
2.89056e+014
3.00491e+014
3.11326e+014
3.23368e+014
3.39032e+014
3.62649e+014
3.7935e+014
3.95045e+014
4.09276e+014
4.23052e+014
4.37739e+014
4.54234e+014
4.73314e+014
4.9585e+014
5.22906e+014
5.55815e+014
5.96235e+014
6.46175e+014
7.07963e+014
7.84103e+014
8.76959e+014
9.88227e+014
1.11821e+015
1.2651e+015
1.42452e+015
1.58919e+015
1.75015e+015
1.89825e+015
2.02325e+015
2.11705e+015
2.17533e+015
2.1907e+015
2.16777e+015
2.11707e+015
2.0634e+015
2.00916e+015
1.95386e+015
1.89631e+015
1.83572e+015
1.77261e+015
1.70718e+015
1.63953e+015
1.56984e+015
1.49832e+015
1.42534e+015
1.35132e+015
1.2765e+015
1.20119e+015
1.12591e+015
1.05133e+015
9.78152e+014
9.0698e+014
8.38335e+014
7.72625e+014
7.10139e+014
6.5105e+014
5.95427e+014
5.43254e+014
4.94444e+014
4.4886e+014
4.06332e+014
3.6667e+014
3.29678e+014
2.95161e+014
2.62927e+014
2.32796e+014
2.04589e+014
1.78127e+014
1.53223e+014
1.29656e+014
1.0705e+014
8.47291e+013
6.18986e+013
4.14437e+013
3.81762e+013
4.55016e+013
5.00785e+013
5.3024e+013
5.50339e+013
5.64324e+013
5.73929e+013
5.80186e+013
5.83759e+013
5.85091e+013
5.84482e+013
5.8213e+013
5.78149e+013
5.72576e+013
5.65364e+013
5.56447e+013
5.45699e+013
5.32678e+013
5.18157e+013
5.02658e+013
4.86223e+013
4.69133e+013
4.45667e+013
4.14971e+013
3.78584e+013
3.3868e+013
2.95821e+013
2.51191e+013
2.06169e+013
1.6241e+013
1.21712e+013
8.57648e+012
5.59629e+012
3.316e+012
1.73756e+012
7.75613e+011
2.8375e+011
8.09544e+010
1.66631e+010
2.15812e+009
7.28439e+007
3408.62
4.87394e+013
6.08735e+013
7.79368e+013
9.54728e+013
1.13354e+014
1.3207e+014
1.51776e+014
1.7252e+014
1.94268e+014
2.1693e+014
2.40364e+014
2.64378e+014
2.88743e+014
3.13197e+014
3.37459e+014
3.61247e+014
3.84288e+014
4.06336e+014
4.27169e+014
4.46732e+014
4.6493e+014
4.81707e+014
4.97095e+014
5.11186e+014
5.24092e+014
5.36004e+014
5.46907e+014
5.56947e+014
5.66351e+014
5.75187e+014
5.83426e+014
5.91278e+014
5.98947e+014
6.06293e+014
6.13099e+014
6.19104e+014
6.24022e+014
6.27525e+014
6.2888e+014
6.26445e+014
6.19991e+014
6.09414e+014
5.94779e+014
5.76258e+014
5.54237e+014
5.29193e+014
5.02991e+014
4.76494e+014
4.50234e+014
4.24685e+014
4.00305e+014
3.77472e+014
3.56478e+014
3.37538e+014
3.2077e+014
3.06201e+014
2.9377e+014
2.83345e+014
2.74738e+014
2.67722e+014
2.62058e+014
2.57512e+014
2.53879e+014
2.50995e+014
2.48748e+014
2.47067e+014
2.46027e+014
2.45876e+014
2.46651e+014
2.48387e+014
2.51117e+014
2.54876e+014
2.59702e+014
2.65622e+014
2.72656e+014
2.80865e+014
2.90404e+014
3.0151e+014
3.14407e+014
3.29356e+014
3.46697e+014
3.66879e+014
3.90176e+014
4.16221e+014
4.43399e+014
4.67159e+014
4.87771e+014
5.06391e+014
5.31101e+014
5.5978e+014
5.83448e+014
6.09057e+014
6.3862e+014
6.72313e+014
7.10357e+014
7.53733e+014
8.04152e+014
8.6401e+014
9.36393e+014
1.02511e+015
1.13476e+015
1.2707e+015
1.43873e+015
1.64434e+015
1.89161e+015
2.18151e+015
2.51032e+015
2.86865e+015
3.24064e+015
3.60744e+015
3.94717e+015
4.23609e+015
4.461e+015
4.60491e+015
4.64354e+015
4.5791e+015
4.42161e+015
4.21372e+015
3.97737e+015
3.74803e+015
3.54937e+015
3.37638e+015
3.21527e+015
3.06344e+015
2.91804e+015
2.77643e+015
2.63548e+015
2.49276e+015
2.34779e+015
2.20086e+015
2.04843e+015
1.89067e+015
1.73316e+015
1.58004e+015
1.43427e+015
1.29785e+015
1.17177e+015
1.05633e+015
9.51297e+014
8.56159e+014
7.70229e+014
6.92744e+014
6.22921e+014
5.60008e+014
5.03271e+014
4.52006e+014
4.05584e+014
3.63364e+014
3.24758e+014
2.89318e+014
2.56497e+014
2.25827e+014
1.97117e+014
1.69256e+014
1.41422e+014
1.14375e+014
9.07148e+013
9.00294e+013
1.10272e+014
1.20168e+014
1.28979e+014
1.36832e+014
1.43463e+014
1.49196e+014
1.54229e+014
1.58701e+014
1.62699e+014
1.66283e+014
1.69499e+014
1.72375e+014
1.74932e+014
1.77175e+014
1.79087e+014
1.80601e+014
1.81597e+014
1.82162e+014
1.82692e+014
1.83123e+014
1.83214e+014
1.82384e+014
1.7929e+014
1.73412e+014
1.64558e+014
1.53067e+014
1.39519e+014
1.24226e+014
1.07576e+014
9.00757e+013
7.2376e+013
5.52415e+013
3.94965e+013
2.59699e+013
1.53154e+013
7.80513e+012
3.31564e+012
1.11187e+012
2.7162e+011
4.36395e+010
2.49319e+009
422680
6.2943e+013
7.58297e+013
9.76433e+013
1.20692e+014
1.45123e+014
1.71438e+014
1.99795e+014
2.30255e+014
2.62772e+014
2.97226e+014
3.33412e+014
3.71044e+014
4.09753e+014
4.49101e+014
4.88595e+014
5.27723e+014
5.65972e+014
6.02816e+014
6.37898e+014
6.72019e+014
7.05409e+014
7.38036e+014
7.69869e+014
8.00853e+014
8.30883e+014
8.59823e+014
8.87527e+014
9.13794e+014
9.38338e+014
9.60811e+014
9.80819e+014
9.98838e+014
1.01602e+015
1.0323e+015
1.04729e+015
1.06052e+015
1.07147e+015
1.07964e+015
1.08362e+015
1.08094e+015
1.0711e+015
1.05383e+015
1.02908e+015
9.97022e+014
9.58065e+014
9.12804e+014
8.62907e+014
8.10935e+014
7.58209e+014
7.05711e+014
6.5437e+014
6.05006e+014
5.58338e+014
5.14969e+014
4.75388e+014
4.39968e+014
4.0896e+014
3.82488e+014
3.60536e+014
3.42941e+014
3.29396e+014
3.19469e+014
3.12621e+014
3.08255e+014
3.05763e+014
3.0458e+014
3.04224e+014
3.04298e+014
3.04538e+014
3.0479e+014
3.05005e+014
3.05206e+014
3.05461e+014
3.05847e+014
3.06435e+014
3.073e+014
3.08618e+014
3.10712e+014
3.13887e+014
3.19454e+014
3.28188e+014
3.41272e+014
3.59915e+014
3.83985e+014
4.10922e+014
4.34226e+014
4.53205e+014
4.69417e+014
4.9081e+014
5.24016e+014
5.57341e+014
5.95497e+014
6.39815e+014
6.91029e+014
7.50249e+014
8.19515e+014
9.01787e+014
1.00095e+015
1.12184e+015
1.27017e+015
1.45263e+015
1.67658e+015
1.94915e+015
2.27565e+015
2.65771e+015
3.09108e+015
3.56437e+015
4.05933e+015
4.55208e+015
5.01798e+015
5.43615e+015
5.78738e+015
6.05789e+015
6.2378e+015
6.30746e+015
6.24887e+015
6.08708e+015
5.83864e+015
5.53534e+015
5.22135e+015
4.92105e+015
4.63777e+015
4.36595e+015
4.10895e+015
3.8677e+015
3.64143e+015
3.42751e+015
3.22143e+015
3.01941e+015
2.81951e+015
2.62004e+015
2.41868e+015
2.2108e+015
2.00474e+015
1.80692e+015
1.62145e+015
1.4506e+015
1.29519e+015
1.15509e+015
1.02952e+015
9.17408e+014
8.17534e+014
7.28664e+014
6.49656e+014
5.79414e+014
5.16924e+014
4.61279e+014
4.11523e+014
3.66772e+014
3.26296e+014
2.89196e+014
2.54772e+014
2.22686e+014
1.91491e+014
1.60219e+014
1.32095e+014
1.22128e+014
1.5249e+014
1.72836e+014
1.88491e+014
2.04773e+014
2.20092e+014
2.34441e+014
2.47893e+014
2.60506e+014
2.72327e+014
2.83396e+014
2.93762e+014
3.0347e+014
3.12547e+014
3.20999e+014
3.28804e+014
3.35904e+014
3.42209e+014
3.47848e+014
3.53606e+014
3.59479e+014
3.64926e+014
3.69432e+014
3.72372e+014
3.72104e+014
3.67699e+014
3.58454e+014
3.43614e+014
3.23619e+014
2.98941e+014
2.70348e+014
2.38509e+014
2.04114e+014
1.68099e+014
1.31682e+014
9.65364e+013
6.48111e+013
3.86739e+013
1.96524e+013
7.99879e+012
2.40922e+012
4.86155e+011
4.32031e+010
2.85196e+007
6.86266e+013
8.49927e+013
1.10669e+014
1.38271e+014
1.68465e+014
2.01617e+014
2.37931e+014
2.77471e+014
3.20209e+014
3.66017e+014
4.14674e+014
4.65846e+014
5.19092e+014
5.73875e+014
6.29584e+014
6.85589e+014
7.41243e+014
7.96017e+014
8.50997e+014
9.06603e+014
9.62778e+014
1.01933e+015
1.07601e+015
1.13247e+015
1.18834e+015
1.24315e+015
1.29641e+015
1.34757e+015
1.39606e+015
1.44128e+015
1.4827e+015
1.51942e+015
1.55236e+015
1.58195e+015
1.60797e+015
1.62986e+015
1.64705e+015
1.65907e+015
1.66474e+015
1.66018e+015
1.64491e+015
1.61873e+015
1.58163e+015
1.53389e+015
1.47609e+015
1.40913e+015
1.33375e+015
1.2534e+015
1.17076e+015
1.08747e+015
1.0049e+015
9.24283e+014
8.46629e+014
7.7275e+014
7.03304e+014
6.38812e+014
5.797e+014
5.26305e+014
4.78888e+014
4.37635e+014
4.02641e+014
3.73885e+014
3.51213e+014
3.34295e+014
3.22623e+014
3.15519e+014
3.1217e+014
3.11674e+014
3.13103e+014
3.15581e+014
3.18359e+014
3.20855e+014
3.22661e+014
3.23529e+014
3.23368e+014
3.22211e+014
3.20185e+014
3.17584e+014
3.15025e+014
3.13193e+014
3.12979e+014
3.15713e+014
3.24911e+014
3.44373e+014
3.72219e+014
4.00893e+014
4.21465e+014
4.36308e+014
4.54873e+014
4.89768e+014
5.30929e+014
5.79095e+014
6.35717e+014
7.0234e+014
7.81077e+014
8.75145e+014
9.88849e+014
1.1276e+015
1.29774e+015
1.50616e+015
1.76067e+015
2.06931e+015
2.4385e+015
2.87061e+015
3.36212e+015
3.90197e+015
4.47139e+015
5.04532e+015
5.59745e+015
6.10866e+015
6.56971e+015
6.97443e+015
7.31328e+015
7.57633e+015
7.7477e+015
7.80986e+015
7.74517e+015
7.55993e+015
7.26697e+015
6.89911e+015
6.48369e+015
6.04394e+015
5.60563e+015
5.18721e+015
4.80115e+015
4.4535e+015
4.14381e+015
3.86514e+015
3.60678e+015
3.35869e+015
3.11187e+015
2.85277e+015
2.58813e+015
2.32892e+015
2.08283e+015
1.8545e+015
1.64622e+015
1.45855e+015
1.2909e+015
1.14197e+015
1.01013e+015
8.93642e+014
7.90804e+014
7.0009e+014
6.20099e+014
5.49585e+014
4.87432e+014
4.32504e+014
3.83705e+014
3.40044e+014
3.00409e+014
2.63875e+014
2.30026e+014
1.97414e+014
1.66787e+014
1.52452e+014
1.79582e+014
2.13436e+014
2.34687e+014
2.59267e+014
2.85032e+014
3.10488e+014
3.35323e+014
3.59343e+014
3.82439e+014
4.04546e+014
4.25646e+014
4.45734e+014
4.64799e+014
4.82815e+014
4.99728e+014
5.15445e+014
5.29836e+014
5.43021e+014
5.5602e+014
5.69123e+014
5.81742e+014
5.93296e+014
6.03146e+014
6.10618e+014
6.13078e+014
6.09506e+014
5.99452e+014
5.82716e+014
5.58887e+014
5.27896e+014
4.90572e+014
4.47859e+014
4.00335e+014
3.48826e+014
2.9392e+014
2.364e+014
1.7809e+014
1.22332e+014
7.37037e+013
3.67992e+013
1.40716e+013
3.67712e+012
4.92823e+011
1.23799e+009
7.05039e+013
9.07096e+013
1.19464e+014
1.5081e+014
1.85981e+014
2.25194e+014
2.6876e+014
3.16748e+014
3.69192e+014
4.26003e+014
4.86991e+014
5.51826e+014
6.20048e+014
6.91079e+014
7.6421e+014
8.38722e+014
9.13766e+014
9.90879e+014
1.07087e+015
1.15386e+015
1.23967e+015
1.32796e+015
1.41825e+015
1.50995e+015
1.60237e+015
1.69467e+015
1.78583e+015
1.87475e+015
1.96021e+015
2.04093e+015
2.11569e+015
2.18341e+015
2.24209e+015
2.29187e+015
2.33245e+015
2.36309e+015
2.38334e+015
2.39373e+015
2.39482e+015
2.38118e+015
2.35269e+015
2.30962e+015
2.25236e+015
2.18142e+015
2.09757e+015
2.00199e+015
1.89606e+015
1.78305e+015
1.66637e+015
1.5484e+015
1.43117e+015
1.31643e+015
1.20553e+015
1.0995e+015
9.99048e+014
9.04648e+014
8.16605e+014
7.35114e+014
6.60314e+014
5.92297e+014
5.31121e+014
4.76804e+014
4.29319e+014
3.88576e+014
3.54425e+014
3.26634e+014
3.04861e+014
2.88651e+014
2.77425e+014
2.70494e+014
2.67096e+014
2.66437e+014
2.6772e+014
2.70182e+014
2.73174e+014
2.76194e+014
2.79089e+014
2.81533e+014
2.83316e+014
2.85041e+014
2.87783e+014
2.93396e+014
3.03858e+014
3.20011e+014
3.48134e+014
3.80647e+014
4.04503e+014
4.17017e+014
4.32149e+014
4.63794e+014
5.1002e+014
5.65474e+014
6.31823e+014
7.11151e+014
8.06385e+014
9.21985e+014
1.06349e+015
1.23761e+015
1.4517e+015
1.71264e+015
2.02863e+015
2.40723e+015
2.85259e+015
3.36238e+015
3.92773e+015
4.53197e+015
5.15133e+015
5.75735e+015
6.32927e+015
6.86609e+015
7.37316e+015
7.85419e+015
8.3066e+015
8.71854e+015
9.06479e+015
9.30973e+015
9.41868e+015
9.3609e+015
9.11459e+015
8.69413e+015
8.14522e+015
7.52796e+015
6.89555e+015
6.28992e+015
5.74006e+015
5.26137e+015
4.85483e+015
4.50812e+015
4.19863e+015
3.89842e+015
3.57758e+015
3.24668e+015
2.9184e+015
2.60346e+015
2.30923e+015
2.03986e+015
1.79695e+015
1.58025e+015
1.38841e+015
1.21939e+015
1.07093e+015
9.40729e+014
8.26626e+014
7.26714e+014
6.39295e+014
5.62898e+014
4.96213e+014
4.37907e+014
3.8667e+014
3.4134e+014
3.00531e+014
2.63248e+014
2.29176e+014
1.9725e+014
1.77013e+014
2.00043e+014
2.44889e+014
2.72185e+014
3.01824e+014
3.37385e+014
3.74713e+014
4.12416e+014
4.49883e+014
4.86735e+014
5.2275e+014
5.57793e+014
5.91763e+014
6.24553e+014
6.56062e+014
6.86169e+014
7.14713e+014
7.41496e+014
7.66523e+014
7.90983e+014
8.15554e+014
8.39532e+014
8.62182e+014
8.82646e+014
8.99968e+014
9.13189e+014
9.18722e+014
9.15001e+014
9.01536e+014
8.7833e+014
8.45875e+014
8.05086e+014
7.5677e+014
7.01936e+014
6.41524e+014
5.76952e+014
5.08625e+014
4.36341e+014
3.5967e+014
2.78622e+014
1.96149e+014
1.19074e+014
5.77731e+013
2.0157e+013
3.98952e+012
3.6804e+010
6.99721e+013
9.32626e+013
1.23984e+014
1.58002e+014
1.96952e+014
2.40977e+014
2.90534e+014
3.45735e+014
4.06727e+014
4.73504e+014
5.45981e+014
6.23905e+014
7.06887e+014
7.94388e+014
8.85678e+014
9.7998e+014
1.07654e+015
1.17867e+015
1.28699e+015
1.40174e+015
1.52281e+015
1.64985e+015
1.78236e+015
1.91959e+015
2.06053e+015
2.20384e+015
2.34779e+015
2.4903e+015
2.62898e+015
2.76114e+015
2.88404e+015
2.99503e+015
3.0918e+015
3.17163e+015
3.23241e+015
3.27314e+015
3.29355e+015
3.29567e+015
3.28314e+015
3.2496e+015
3.19573e+015
3.12302e+015
3.03297e+015
2.92702e+015
2.8066e+015
2.67345e+015
2.52899e+015
2.37727e+015
2.22125e+015
2.06391e+015
1.90796e+015
1.75567e+015
1.6088e+015
1.46862e+015
1.33596e+015
1.21124e+015
1.09462e+015
9.86104e+014
8.85653e+014
7.93182e+014
7.08589e+014
6.31724e+014
5.62381e+014
5.00326e+014
4.45295e+014
3.97e+014
3.55117e+014
3.19273e+014
2.89036e+014
2.63928e+014
2.43441e+014
2.27046e+014
2.14188e+014
2.04304e+014
1.96888e+014
1.91592e+014
1.88228e+014
1.86855e+014
1.87982e+014
1.92434e+014
2.01708e+014
2.19707e+014
2.50393e+014
2.92646e+014
3.3925e+014
3.81992e+014
4.05059e+014
4.09224e+014
4.16898e+014
4.43013e+014
4.90065e+014
5.50026e+014
6.23245e+014
7.11888e+014
8.19547e+014
9.52041e+014
1.11579e+015
1.31845e+015
1.56774e+015
1.86903e+015
2.23105e+015
2.66027e+015
3.15753e+015
3.71501e+015
4.32039e+015
4.95371e+015
5.58833e+015
6.19652e+015
6.76917e+015
7.32795e+015
7.88693e+015
8.45987e+015
9.05863e+015
9.67484e+015
1.02705e+016
1.07824e+016
1.11344e+016
1.12495e+016
1.1062e+016
1.05717e+016
9.85163e+015
9.01204e+015
8.15253e+015
7.34576e+015
6.63504e+015
6.03971e+015
5.55515e+015
5.15077e+015
4.76713e+015
4.37379e+015
3.9699e+015
3.56643e+015
3.17622e+015
2.80925e+015
2.47184e+015
2.16696e+015
1.89503e+015
1.65474e+015
1.44377e+015
1.2593e+015
1.09839e+015
9.58218e+014
8.36217e+014
7.30135e+014
6.38016e+014
5.58194e+014
4.89136e+014
4.29322e+014
3.77345e+014
3.31778e+014
2.91043e+014
2.54458e+014
2.21588e+014
1.96932e+014
2.08375e+014
2.66567e+014
3.02476e+014
3.33286e+014
3.74971e+014
4.22882e+014
4.73218e+014
5.24707e+014
5.7661e+014
6.28488e+014
6.80032e+014
7.30948e+014
7.80987e+014
8.29921e+014
8.77529e+014
9.2355e+014
9.67672e+014
1.00956e+015
1.0503e+015
1.09118e+015
1.13159e+015
1.17071e+015
1.2075e+015
1.24074e+015
1.26905e+015
1.29095e+015
1.30177e+015
1.29908e+015
1.28214e+015
1.25095e+015
1.20622e+015
1.14936e+015
1.08243e+015
1.00785e+015
9.28079e+014
8.45036e+014
7.60242e+014
6.74046e+014
5.85985e+014
4.93471e+014
3.93142e+014
2.83946e+014
1.73345e+014
8.14466e+013
2.36303e+013
7.59321e+011
6.79049e+013
9.31453e+013
1.2474e+014
1.60276e+014
2.01631e+014
2.48987e+014
3.02974e+014
3.63796e+014
4.31759e+014
5.07e+014
5.8959e+014
6.79437e+014
7.76301e+014
8.79746e+014
9.89062e+014
1.10333e+015
1.22171e+015
1.3489e+015
1.4861e+015
1.63391e+015
1.79255e+015
1.96203e+015
2.1421e+015
2.3321e+015
2.53096e+015
2.73703e+015
2.94795e+015
3.16057e+015
3.37092e+015
3.57428e+015
3.76528e+015
3.93821e+015
4.08749e+015
4.20821e+015
4.29685e+015
4.3518e+015
4.37353e+015
4.36352e+015
4.32518e+015
4.2586e+015
4.16421e+015
4.04572e+015
3.90673e+015
3.7504e+015
3.57951e+015
3.39681e+015
3.20523e+015
3.00703e+015
2.80545e+015
2.60384e+015
2.40535e+015
2.21263e+015
2.02766e+015
1.85192e+015
1.68635e+015
1.53126e+015
1.38657e+015
1.25196e+015
1.12708e+015
1.01164e+015
9.05405e+014
8.08176e+014
7.19688e+014
6.396e+014
5.67514e+014
5.03013e+014
4.45651e+014
3.9495e+014
3.50397e+014
3.11479e+014
2.77699e+014
2.4858e+014
2.23651e+014
2.02419e+014
1.84331e+014
1.68909e+014
1.55777e+014
1.44763e+014
1.35912e+014
1.29358e+014
1.26244e+014
1.2921e+014
1.48684e+014
2.07018e+014
3.04083e+014
3.94417e+014
4.32234e+014
4.24882e+014
4.15606e+014
4.32616e+014
4.73374e+014
5.3308e+014
6.08027e+014
6.99847e+014
8.14909e+014
9.58317e+014
1.13668e+015
1.35833e+015
1.6312e+015
1.95714e+015
2.34668e+015
2.80469e+015
3.3281e+015
3.90362e+015
4.51914e+015
5.15368e+015
5.77936e+015
6.37232e+015
6.93322e+015
7.50913e+015
8.11645e+015
8.78274e+015
9.5417e+015
1.03929e+016
1.12896e+016
1.21433e+016
1.28293e+016
1.31855e+016
1.30508e+016
1.24161e+016
1.14413e+016
1.03289e+016
9.23453e+015
8.25439e+015
7.42884e+015
6.75416e+015
6.18856e+015
5.68515e+015
5.20847e+015
4.73375e+015
4.25691e+015
3.7896e+015
3.34641e+015
2.93664e+015
2.56513e+015
2.23329e+015
1.94014e+015
1.68321e+015
1.4592e+015
1.26455e+015
1.09576e+015
9.49584e+014
8.2313e+014
7.13917e+014
6.19783e+014
5.38838e+014
4.69406e+014
4.09903e+014
3.58657e+014
3.13999e+014
2.74775e+014
2.40135e+014
2.12156e+014
2.09792e+014
2.67384e+014
3.22369e+014
3.53482e+014
3.96354e+014
4.51986e+014
5.13706e+014
5.78382e+014
6.45302e+014
7.13666e+014
7.82845e+014
8.52631e+014
9.22679e+014
9.92603e+014
1.06206e+015
1.13067e+015
1.19799e+015
1.26344e+015
1.32646e+015
1.38905e+015
1.45096e+015
1.51149e+015
1.56954e+015
1.6238e+015
1.6728e+015
1.71485e+015
1.74801e+015
1.76626e+015
1.76597e+015
1.7462e+015
1.70693e+015
1.649e+015
1.57414e+015
1.48494e+015
1.38468e+015
1.27707e+015
1.16584e+015
1.05448e+015
9.45634e+014
8.40417e+014
7.37866e+014
6.33211e+014
5.18599e+014
3.84265e+014
2.38528e+014
1.03491e+014
1.07969e+013
6.48465e+013
9.08641e+013
1.22276e+014
1.58138e+014
2.00444e+014
2.49516e+014
3.06159e+014
3.70715e+014
4.43672e+014
5.25353e+014
6.16042e+014
7.15875e+014
8.24835e+014
9.42667e+014
1.06877e+015
1.20205e+015
1.34116e+015
1.49091e+015
1.65428e+015
1.83243e+015
2.02613e+015
2.23592e+015
2.46209e+015
2.70462e+015
2.96274e+015
3.23473e+015
3.51804e+015
3.809e+015
4.10266e+015
4.39265e+015
4.67124e+015
4.92948e+015
5.15775e+015
5.34659e+015
5.48769e+015
5.57476e+015
5.6045e+015
5.57732e+015
5.49716e+015
5.37999e+015
5.22726e+015
5.04565e+015
4.8416e+015
4.62045e+015
4.38634e+015
4.14261e+015
3.89232e+015
3.63865e+015
3.38485e+015
3.13421e+015
2.88997e+015
2.65508e+015
2.43129e+015
2.21993e+015
2.02199e+015
1.83771e+015
1.66663e+015
1.50799e+015
1.36089e+015
1.22459e+015
1.09863e+015
9.82786e+014
8.76907e+014
7.80682e+014
6.93633e+014
6.1524e+014
5.44954e+014
4.82199e+014
4.26372e+014
3.76846e+014
3.33047e+014
2.94451e+014
2.60577e+014
2.31048e+014
2.05234e+014
1.82576e+014
1.62494e+014
1.44527e+014
1.29022e+014
1.15679e+014
1.04708e+014
9.90211e+013
1.03323e+014
1.30992e+014
2.10306e+014
3.62526e+014
4.65429e+014
4.62736e+014
4.32835e+014
4.35668e+014
4.70116e+014
5.2531e+014
5.99789e+014
6.91418e+014
8.07319e+014
9.52688e+014
1.13274e+015
1.35577e+015
1.62989e+015
1.96244e+015
2.35965e+015
2.82394e+015
3.34821e+015
3.91432e+015
4.51507e+015
5.1295e+015
5.72996e+015
6.29353e+015
6.83385e+015
7.41613e+015
8.05529e+015
8.78727e+015
9.6736e+015
1.07241e+016
1.18983e+016
1.31079e+016
1.41937e+016
1.48566e+016
1.47113e+016
1.38137e+016
1.25417e+016
1.12031e+016
9.97123e+015
8.91871e+015
8.0384e+015
7.30114e+015
6.61092e+015
6.04681e+015
5.50129e+015
4.95947e+015
4.42231e+015
3.90423e+015
3.42108e+015
2.98119e+015
2.58728e+015
2.23889e+015
1.93359e+015
1.66777e+015
1.43731e+015
1.23807e+015
1.06614e+015
9.17997e+014
7.90594e+014
6.81259e+014
5.8766e+014
5.07857e+014
4.40133e+014
3.82595e+014
3.33307e+014
2.90957e+014
2.54376e+014
2.23677e+014
2.10355e+014
2.49587e+014
3.18862e+014
3.59337e+014
3.99612e+014
4.57438e+014
5.26903e+014
6.03082e+014
6.84207e+014
7.69211e+014
8.56946e+014
9.46266e+014
1.03738e+015
1.13038e+015
1.22505e+015
1.32102e+015
1.41783e+015
1.51481e+015
1.61108e+015
1.70562e+015
1.79855e+015
1.88874e+015
1.97513e+015
2.05593e+015
2.12937e+015
2.19403e+015
2.24856e+015
2.29104e+015
2.31503e+015
2.31516e+015
2.29055e+015
2.24136e+015
2.16863e+015
2.07429e+015
1.96124e+015
1.83326e+015
1.69481e+015
1.5506e+015
1.40538e+015
1.26371e+015
1.12924e+015
1.00404e+015
8.8817e+014
7.76574e+014
6.52721e+014
5.03404e+014
3.20599e+014
9.26154e+013
6.11727e+013
8.6959e+013
1.17258e+014
1.52287e+014
1.94106e+014
2.43241e+014
3.00654e+014
3.66854e+014
4.42514e+014
5.28157e+014
6.24315e+014
7.3139e+014
8.49661e+014
9.79145e+014
1.11948e+015
1.26956e+015
1.42766e+015
1.59554e+015
1.77936e+015
1.98115e+015
2.20232e+015
2.44412e+015
2.70764e+015
2.99341e+015
3.3005e+015
3.62774e+015
3.9728e+015
4.3318e+015
4.69933e+015
5.06833e+015
5.42989e+015
5.77332e+015
6.08657e+015
6.35695e+015
6.57188e+015
6.71961e+015
6.79003e+015
6.77588e+015
6.67463e+015
6.51353e+015
6.30312e+015
6.05423e+015
5.77716e+015
5.48102e+015
5.17292e+015
4.8583e+015
4.54154e+015
4.22637e+015
3.91624e+015
3.61419e+015
3.32311e+015
3.04634e+015
2.78542e+015
2.5406e+015
2.3128e+015
2.10224e+015
1.90821e+015
1.72944e+015
1.56434e+015
1.41133e+015
1.26925e+015
1.1378e+015
1.01697e+015
9.06799e+014
8.06825e+014
7.16516e+014
6.35289e+014
5.62507e+014
4.97488e+014
4.3946e+014
3.87669e+014
3.4152e+014
3.00334e+014
2.64204e+014
2.32368e+014
2.04235e+014
1.79264e+014
1.56382e+014
1.36684e+014
1.19637e+014
1.053e+014
9.45922e+013
9.02346e+013
1.00525e+014
1.4771e+014
2.70803e+014
4.52926e+014
5.0919e+014
4.65861e+014
4.48525e+014
4.74685e+014
5.26888e+014
5.97334e+014
6.86399e+014
7.99476e+014
9.42851e+014
1.1187e+015
1.33519e+015
1.59892e+015
1.91563e+015
2.28931e+015
2.72082e+015
3.20693e+015
3.73941e+015
4.30496e+015
4.88277e+015
5.44412e+015
5.96915e+015
6.48595e+015
7.04326e+015
7.675e+015
8.4202e+015
9.34219e+015
1.04603e+016
1.17561e+016
1.31531e+016
1.44913e+016
1.54021e+016
1.51908e+016
1.41063e+016
1.27588e+016
1.14315e+016
1.02164e+016
9.17451e+015
8.31808e+015
7.53051e+015
6.78298e+015
6.22427e+015
5.63736e+015
5.04425e+015
4.46182e+015
3.90921e+015
3.40213e+015
2.9463e+015
2.54238e+015
2.18809e+015
1.87965e+015
1.61254e+015
1.38204e+015
1.1836e+015
1.01309e+015
8.66867e+014
7.4183e+014
6.35239e+014
5.44748e+014
4.68347e+014
4.04061e+014
3.49798e+014
3.03901e+014
2.64975e+014
2.32295e+014
2.11919e+014
2.3012e+014
2.94648e+014
3.50337e+014
3.91313e+014
4.46111e+014
5.17486e+014
5.99894e+014
6.90547e+014
7.88291e+014
8.92044e+014
1.00054e+015
1.11269e+015
1.22773e+015
1.3471e+015
1.47115e+015
1.59971e+015
1.73242e+015
1.86854e+015
2.00686e+015
2.14571e+015
2.28224e+015
2.41344e+015
2.53716e+015
2.6494e+015
2.74632e+015
2.82598e+015
2.88796e+015
2.93113e+015
2.95208e+015
2.94381e+015
2.90608e+015
2.83979e+015
2.74651e+015
2.62859e+015
2.48913e+015
2.33202e+015
2.16212e+015
1.98451e+015
1.80408e+015
1.62623e+015
1.45663e+015
1.29951e+015
1.15801e+015
1.03273e+015
9.1653e+014
7.99374e+014
6.59523e+014
3.52307e+014
5.72557e+013
8.2024e+013
1.10444e+014
1.43639e+014
1.83688e+014
2.31325e+014
2.87657e+014
3.53358e+014
4.29275e+014
5.16126e+014
6.14684e+014
7.25622e+014
8.49533e+014
9.86734e+014
1.13722e+015
1.30014e+015
1.47365e+015
1.65584e+015
1.85257e+015
2.06874e+015
2.30648e+015
2.56723e+015
2.8519e+015
3.16507e+015
3.50201e+015
3.86294e+015
4.2455e+015
4.64587e+015
5.05857e+015
5.47636e+015
5.89024e+015
6.28943e+015
6.66184e+015
6.99459e+015
7.27457e+015
7.48855e+015
7.62271e+015
7.66203e+015
7.59099e+015
7.42519e+015
7.18892e+015
6.89795e+015
6.56651e+015
6.20804e+015
5.83388e+015
5.4533e+015
5.07354e+015
4.69998e+015
4.33724e+015
3.98862e+015
3.65582e+015
3.34182e+015
3.05012e+015
2.7782e+015
2.52654e+015
2.29535e+015
2.08374e+015
1.89021e+015
1.71273e+015
1.54896e+015
1.39662e+015
1.25479e+015
1.1232e+015
1.00272e+015
8.93013e+014
7.93643e+014
7.04074e+014
6.23678e+014
5.51752e+014
4.87549e+014
4.30294e+014
3.79098e+014
3.32439e+014
2.91555e+014
2.55402e+014
2.23341e+014
1.94949e+014
1.69886e+014
1.47927e+014
1.28759e+014
1.12297e+014
9.87732e+013
8.93509e+013
8.85331e+013
1.1098e+014
1.91952e+014
3.68884e+014
5.29077e+014
5.09431e+014
4.69599e+014
4.82598e+014
5.29825e+014
5.9762e+014
6.84408e+014
7.93254e+014
9.28748e+014
1.09598e+015
1.30014e+015
1.54598e+015
1.83734e+015
2.17632e+015
2.56211e+015
2.9903e+015
3.45285e+015
3.93793e+015
4.43056e+015
4.91765e+015
5.39271e+015
5.86919e+015
6.37918e+015
6.95573e+015
7.63851e+015
8.46396e+015
9.45666e+015
1.05943e+016
1.17589e+016
1.27423e+016
1.32683e+016
1.30758e+016
1.23825e+016
1.14635e+016
1.05135e+016
9.61471e+015
8.80376e+015
8.08255e+015
7.37099e+015
6.73486e+015
6.16853e+015
5.5644e+015
4.95426e+015
4.35911e+015
3.80089e+015
3.29272e+015
2.83391e+015
2.43345e+015
2.08468e+015
1.78246e+015
1.5217e+015
1.2974e+015
1.10495e+015
9.40223e+014
7.99633e+014
6.80179e+014
5.79236e+014
4.94327e+014
4.23018e+014
3.63303e+014
3.1348e+014
2.72119e+014
2.38313e+014
2.15042e+014
2.17469e+014
2.6397e+014
3.25704e+014
3.73775e+014
4.24782e+014
4.92176e+014
5.75685e+014
6.706e+014
7.75318e+014
8.89129e+014
1.01097e+015
1.13927e+015
1.27265e+015
1.41128e+015
1.55757e+015
1.71233e+015
1.8757e+015
2.04751e+015
2.227e+015
2.41261e+015
2.60189e+015
2.79152e+015
2.9772e+015
3.15279e+015
3.31125e+015
3.44486e+015
3.54854e+015
3.62007e+015
3.65739e+015
3.66378e+015
3.63427e+015
3.57085e+015
3.47586e+015
3.35205e+015
3.20278e+015
3.03183e+015
2.84308e+015
2.64104e+015
2.4314e+015
2.21867e+015
2.00652e+015
1.80228e+015
1.61138e+015
1.43872e+015
1.2876e+015
1.15806e+015
1.05455e+015
9.80049e+014
7.65109e+014
5.36515e+013
7.69141e+013
1.03023e+014
1.33758e+014
1.71119e+014
2.16052e+014
2.69762e+014
3.33059e+014
4.06942e+014
4.92295e+014
5.90077e+014
7.01146e+014
8.26354e+014
9.663e+014
1.12119e+015
1.29027e+015
1.47129e+015
1.65939e+015
1.86159e+015
2.0824e+015
2.3247e+015
2.58985e+015
2.87748e+015
3.20124e+015
3.54381e+015
3.91175e+015
4.30299e+015
4.71312e+015
5.13666e+015
5.56681e+015
5.99532e+015
6.41259e+015
6.80787e+015
7.16978e+015
7.48677e+015
7.74703e+015
7.93789e+015
8.04347e+015
8.04079e+015
7.91384e+015
7.69301e+015
7.39773e+015
7.04495e+015
6.65189e+015
6.23403e+015
5.80651e+015
5.38095e+015
4.96481e+015
4.56451e+015
4.18478e+015
3.82601e+015
3.48542e+015
3.17674e+015
2.89022e+015
2.62616e+015
2.38455e+015
2.16428e+015
1.96373e+015
1.78092e+015
1.61355e+015
1.45836e+015
1.31319e+015
1.17845e+015
1.05443e+015
9.40938e+014
8.37674e+014
7.44237e+014
6.60097e+014
5.84602e+014
5.17025e+014
4.56631e+014
4.02694e+014
3.54495e+014
3.11578e+014
2.73377e+014
2.39401e+014
2.09252e+014
1.82638e+014
1.59202e+014
1.38615e+014
1.20684e+014
1.05372e+014
9.3072e+013
8.58196e+013
9.16441e+013
1.35632e+014
2.66634e+014
4.79753e+014
5.47519e+014
4.9771e+014
4.92472e+014
5.31579e+014
5.9424e+014
6.75607e+014
7.77708e+014
9.04358e+014
1.05964e+015
1.24721e+015
1.46989e+015
1.72948e+015
2.0262e+015
2.35771e+015
2.71867e+015
3.10157e+015
3.49745e+015
3.89626e+015
4.28914e+015
4.67145e+015
5.04878e+015
5.43994e+015
5.86722e+015
6.35183e+015
6.91403e+015
7.56195e+015
8.27003e+015
8.96313e+015
9.53871e+015
9.91094e+015
1.00362e+016
9.88426e+015
9.51858e+015
9.04561e+015
8.52577e+015
7.99067e+015
7.44921e+015
6.88953e+015
6.35386e+015
5.80345e+015
5.21701e+015
4.62634e+015
4.05566e+015
3.52512e+015
3.04395e+015
2.61397e+015
2.23792e+015
1.91049e+015
1.62698e+015
1.38259e+015
1.17272e+015
9.93204e+014
8.40277e+014
7.10654e+014
6.01489e+014
5.10154e+014
4.3406e+014
3.70905e+014
3.18729e+014
2.75971e+014
2.42067e+014
2.18353e+014
2.12586e+014
2.39326e+014
2.93493e+014
3.47879e+014
3.99607e+014
4.61914e+014
5.40401e+014
6.34035e+014
7.39623e+014
8.56016e+014
9.82971e+014
1.1187e+015
1.26163e+015
1.41047e+015
1.56855e+015
1.73767e+015
1.91876e+015
2.11233e+015
2.31853e+015
2.53673e+015
2.76536e+015
3.00184e+015
3.24219e+015
3.48071e+015
3.71046e+015
3.92365e+015
4.11091e+015
4.2605e+015
4.3599e+015
4.39955e+015
4.38757e+015
4.32903e+015
4.23028e+015
4.09654e+015
3.93277e+015
3.74422e+015
3.53668e+015
3.31486e+015
3.08109e+015
2.84056e+015
2.6018e+015
2.36147e+015
2.12805e+015
1.90787e+015
1.7067e+015
1.52803e+015
1.37378e+015
1.25194e+015
1.18791e+015
1.09298e+015
5.063e+013
7.21761e+013
9.58688e+013
1.23812e+014
1.5793e+014
1.99309e+014
2.49203e+014
3.08544e+014
3.78397e+014
4.59753e+014
5.53669e+014
6.61142e+014
7.83172e+014
9.20508e+014
1.07303e+015
1.23828e+015
1.41603e+015
1.60366e+015
1.80434e+015
2.02162e+015
2.25828e+015
2.51582e+015
2.79495e+015
3.10301e+015
3.43398e+015
3.78685e+015
4.16069e+015
4.55208e+015
4.95607e+015
5.36664e+015
5.77683e+015
6.1787e+015
6.56329e+015
6.92104e+015
7.24193e+015
7.51531e+015
7.72968e+015
7.87122e+015
7.92081e+015
7.84781e+015
7.66726e+015
7.39691e+015
7.05539e+015
6.66275e+015
6.23906e+015
5.80179e+015
5.36492e+015
4.93874e+015
4.53066e+015
4.1459e+015
3.78443e+015
3.44773e+015
3.14015e+015
2.85635e+015
2.59593e+015
2.35802e+015
2.14126e+015
1.94406e+015
1.76469e+015
1.60121e+015
1.45131e+015
1.31285e+015
1.18293e+015
1.06211e+015
9.50808e+014
8.49017e+014
7.56521e+014
6.72915e+014
5.97657e+014
5.30116e+014
4.69625e+014
4.15517e+014
3.67153e+014
3.23944e+014
2.85352e+014
2.5091e+014
2.20199e+014
1.92935e+014
1.68773e+014
1.47384e+014
1.2855e+014
1.12147e+014
9.82387e+013
8.76037e+013
8.39016e+013
1.01387e+014
1.79879e+014
3.7052e+014
5.47829e+014
5.28425e+014
5.04086e+014
5.31295e+014
5.86624e+014
6.59883e+014
7.51429e+014
8.64244e+014
1.00151e+015
1.1657e+015
1.35829e+015
1.57972e+015
1.82904e+015
2.10337e+015
2.39775e+015
2.70615e+015
3.02209e+015
3.33814e+015
3.6477e+015
3.94696e+015
4.23697e+015
4.52338e+015
4.81536e+015
5.12531e+015
5.4662e+015
5.84392e+015
6.25163e+015
6.66869e+015
7.06693e+015
7.41871e+015
7.69777e+015
7.81396e+015
7.7674e+015
7.59752e+015
7.33541e+015
7.00284e+015
6.61378e+015
6.17783e+015
5.70972e+015
5.19837e+015
4.65942e+015
4.12093e+015
3.60543e+015
3.12829e+015
2.69606e+015
2.31103e+015
1.97318e+015
1.6788e+015
1.42397e+015
1.20462e+015
1.01683e+015
8.56978e+014
7.2179e+014
6.08285e+014
5.13694e+014
4.35433e+014
3.71183e+014
3.18938e+014
2.76813e+014
2.43957e+014
2.21135e+014
2.12203e+014
2.25711e+014
2.65702e+014
3.19138e+014
3.73984e+014
4.3311e+014
5.05092e+014
5.91604e+014
6.92005e+014
8.04894e+014
9.29366e+014
1.06372e+015
1.20543e+015
1.35593e+015
1.51614e+015
1.6875e+015
1.87141e+015
2.07078e+015
2.28485e+015
2.51436e+015
2.75894e+015
3.01725e+015
3.28699e+015
3.56443e+015
3.84408e+015
4.11915e+015
4.38206e+015
4.62114e+015
4.81997e+015
4.95732e+015
5.01194e+015
4.9882e+015
4.90566e+015
4.77377e+015
4.60161e+015
4.39767e+015
4.17003e+015
3.92688e+015
3.6755e+015
3.41727e+015
3.14787e+015
2.89346e+015
2.63679e+015
2.3851e+015
2.14503e+015
1.92269e+015
1.7218e+015
1.54592e+015
1.39676e+015
1.29317e+015
1.20088e+015
4.8361e+013
6.80974e+013
8.94436e+013
1.14391e+014
1.44919e+014
1.82136e+014
2.27287e+014
2.81378e+014
3.45475e+014
4.20624e+014
5.07914e+014
6.08313e+014
7.22388e+014
8.50365e+014
9.93051e+014
1.14912e+015
1.31794e+015
1.49808e+015
1.69062e+015
1.8975e+015
2.12062e+015
2.36111e+015
2.61973e+015
2.90038e+015
3.20143e+015
3.52105e+015
3.85743e+015
4.20778e+015
4.56821e+015
4.93395e+015
5.29953e+015
5.65881e+015
6.0048e+015
6.32972e+015
6.62512e+015
6.88163e+015
7.08897e+015
7.2356e+015
7.3067e+015
7.27451e+015
7.13939e+015
6.91293e+015
6.61161e+015
6.2552e+015
5.86455e+015
5.45826e+015
5.05099e+015
4.65346e+015
4.27293e+015
3.91376e+015
3.57782e+015
3.26599e+015
2.97819e+015
2.71333e+015
2.47025e+015
2.24779e+015
2.04465e+015
1.85947e+015
1.69075e+015
1.53689e+015
1.39614e+015
1.26665e+015
1.146e+015
1.03299e+015
9.28271e+014
8.32018e+014
7.44164e+014
6.64432e+014
5.9239e+014
5.2751e+014
4.69218e+014
4.16919e+014
3.70036e+014
3.28015e+014
2.90346e+014
2.56588e+014
2.26362e+014
1.99353e+014
1.75234e+014
1.53715e+014
1.34594e+014
1.1772e+014
1.03043e+014
9.08131e+013
8.2467e+013
8.45431e+013
1.21407e+014
2.49291e+014
4.75851e+014
5.48067e+014
5.16608e+014
5.28845e+014
5.7489e+014
6.38517e+014
7.17254e+014
8.1296e+014
9.28126e+014
1.06456e+015
1.22305e+015
1.40339e+015
1.60424e+015
1.82296e+015
2.05582e+015
2.29859e+015
2.54712e+015
2.7963e+015
3.04269e+015
3.28361e+015
3.51788e+015
3.74593e+015
3.97045e+015
4.19837e+015
4.43994e+015
4.70152e+015
4.98341e+015
5.28077e+015
5.58383e+015
5.87686e+015
6.13736e+015
6.30716e+015
6.36849e+015
6.32556e+015
6.18741e+015
5.96453e+015
5.66772e+015
5.30781e+015
4.89622e+015
4.44426e+015
3.97454e+015
3.5097e+015
3.06725e+015
2.65807e+015
2.28723e+015
1.95671e+015
1.66598e+015
1.41253e+015
1.19338e+015
1.00533e+015
8.4528e+014
7.10236e+014
5.97338e+014
5.03847e+014
4.27161e+014
3.64921e+014
3.15059e+014
2.75743e+014
2.45594e+014
2.24826e+014
2.15731e+014
2.22762e+014
2.50504e+014
2.96397e+014
3.51206e+014
4.10021e+014
4.76467e+014
5.54716e+014
6.4561e+014
7.48857e+014
8.66182e+014
9.96373e+014
1.13495e+015
1.28233e+015
1.43963e+015
1.60799e+015
1.78866e+015
1.98353e+015
2.19421e+015
2.42109e+015
2.66472e+015
2.92476e+015
3.19989e+015
3.48764e+015
3.78412e+015
4.08371e+015
4.37894e+015
4.66049e+015
4.91645e+015
5.13155e+015
5.28548e+015
5.35597e+015
5.32848e+015
5.22725e+015
5.07018e+015
4.8704e+015
4.63902e+015
4.38601e+015
4.11971e+015
3.847e+015
3.5766e+015
3.29755e+015
3.03383e+015
2.77346e+015
2.51977e+015
2.27584e+015
2.04557e+015
1.83163e+015
1.63971e+015
1.47006e+015
1.32941e+015
1.18315e+015
4.70176e+013
6.4914e+013
8.41284e+013
1.0602e+014
1.32778e+014
1.65443e+014
2.05208e+014
2.53079e+014
3.10029e+014
3.76819e+014
4.54286e+014
5.43679e+014
6.45738e+014
7.60864e+014
8.89685e+014
1.03176e+015
1.18646e+015
1.35286e+015
1.53099e+015
1.7215e+015
1.9252e+015
2.14254e+015
2.37353e+015
2.61958e+015
2.88052e+015
3.1549e+015
3.44076e+015
3.73553e+015
4.03603e+015
4.33858e+015
4.63911e+015
4.93308e+015
5.21536e+015
5.47998e+015
5.72025e+015
5.92853e+015
6.09636e+015
6.21456e+015
6.27295e+015
6.25534e+015
6.15704e+015
5.98359e+015
5.74625e+015
5.46029e+015
5.14252e+015
4.80845e+015
4.47061e+015
4.13826e+015
3.81774e+015
3.51295e+015
3.22599e+015
2.95773e+015
2.70824e+015
2.47706e+015
2.26353e+015
2.0669e+015
1.88627e+015
1.72068e+015
1.56902e+015
1.43003e+015
1.30238e+015
1.1847e+015
1.07497e+015
9.72257e+014
8.76897e+014
7.8901e+014
7.08537e+014
6.35256e+014
5.68811e+014
5.08765e+014
4.54629e+014
4.05892e+014
3.6205e+014
3.22611e+014
2.87121e+014
2.55184e+014
2.26442e+014
2.00584e+014
1.77331e+014
1.56429e+014
1.3769e+014
1.20978e+014
1.06217e+014
9.34634e+013
8.3229e+013
7.80371e+013
8.92672e+013
1.55734e+014
3.39572e+014
5.25818e+014
5.25506e+014
5.23813e+014
5.59357e+014
6.12809e+014
6.7816e+014
7.55816e+014
8.47422e+014
9.54436e+014
1.07754e+015
1.21643e+015
1.3698e+015
1.53567e+015
1.71169e+015
1.89526e+015
2.08439e+015
2.27451e+015
2.46696e+015
2.66291e+015
2.86092e+015
3.05927e+015
3.25607e+015
3.44981e+015
3.64837e+015
3.85903e+015
4.0821e+015
4.3142e+015
4.54859e+015
4.77387e+015
4.97345e+015
5.11612e+015
5.18475e+015
5.17229e+015
5.07784e+015
4.90533e+015
4.6625e+015
4.36018e+015
4.01135e+015
3.63281e+015
3.24384e+015
2.86135e+015
2.49795e+015
2.16155e+015
1.85632e+015
1.58385e+015
1.34371e+015
1.13526e+015
9.56374e+014
8.04452e+014
6.7668e+014
5.70248e+014
4.82866e+014
4.11995e+014
3.55254e+014
3.10512e+014
2.75944e+014
2.50259e+014
2.33156e+014
2.25862e+014
2.31011e+014
2.51545e+014
2.88702e+014
3.38772e+014
3.95953e+014
4.57199e+014
5.25438e+014
6.04865e+014
6.9876e+014
8.08035e+014
9.2856e+014
1.06008e+015
1.20082e+015
1.35115e+015
1.51204e+015
1.68448e+015
1.86943e+015
2.0685e+015
2.28289e+015
2.51319e+015
2.75965e+015
3.02177e+015
3.29799e+015
3.58547e+015
3.87982e+015
4.175e+015
4.46312e+015
4.73442e+015
4.97744e+015
5.17886e+015
5.32219e+015
5.38863e+015
5.36266e+015
5.25973e+015
5.09848e+015
4.89423e+015
4.6592e+015
4.40401e+015
4.1372e+015
3.86478e+015
3.59204e+015
3.32252e+015
3.05956e+015
2.80272e+015
2.55331e+015
2.31269e+015
2.08394e+015
1.86825e+015
1.6696e+015
1.4862e+015
1.32921e+015
1.18645e+015
4.68546e+013
6.28157e+013
8.01882e+013
9.90947e+013
1.22024e+014
1.49866e+014
1.83447e+014
2.23856e+014
2.72032e+014
3.28782e+014
3.94902e+014
4.71421e+014
5.59158e+014
6.58673e+014
7.70501e+014
8.9466e+014
1.03079e+015
1.17823e+015
1.33657e+015
1.50565e+015
1.68541e+015
1.87558e+015
2.07553e+015
2.28488e+015
2.50299e+015
2.72854e+015
2.9597e+015
3.19412e+015
3.42906e+015
3.66148e+015
3.88822e+015
4.10593e+015
4.31096e+015
4.49911e+015
4.66572e+015
4.80547e+015
4.91248e+015
4.98062e+015
5.00439e+015
4.98096e+015
4.90679e+015
4.78372e+015
4.61749e+015
4.41675e+015
4.19154e+015
3.95158e+015
3.70521e+015
3.45899e+015
3.21769e+015
2.98456e+015
2.76162e+015
2.55008e+015
2.3506e+015
2.16343e+015
1.98855e+015
1.82574e+015
1.67464e+015
1.53475e+015
1.40538e+015
1.28572e+015
1.17482e+015
1.07142e+015
9.7435e+014
8.8379e+014
7.99809e+014
7.22376e+014
6.51361e+014
5.86536e+014
5.27587e+014
4.74144e+014
4.25795e+014
3.82114e+014
3.42673e+014
3.07056e+014
2.74876e+014
2.45785e+014
2.19466e+014
1.95644e+014
1.74071e+014
1.54532e+014
1.36871e+014
1.20973e+014
1.06773e+014
9.42696e+013
8.36092e+013
7.5687e+013
7.46388e+013
9.91003e+013
2.03562e+014
4.22502e+014
5.15947e+014
5.13555e+014
5.39256e+014
5.8333e+014
6.36124e+014
6.9673e+014
7.65974e+014
8.44822e+014
9.33951e+014
1.03327e+015
1.14185e+015
1.25824e+015
1.38117e+015
1.50785e+015
1.64144e+015
1.78227e+015
1.93007e+015
2.08431e+015
2.24396e+015
2.40758e+015
2.57344e+015
2.73984e+015
2.90571e+015
3.07459e+015
3.25128e+015
3.43208e+015
3.61096e+015
3.77924e+015
3.92521e+015
4.02874e+015
4.07705e+015
4.06234e+015
3.98159e+015
3.83655e+015
3.63195e+015
3.3756e+015
3.08648e+015
2.78039e+015
2.47131e+015
2.17085e+015
1.88758e+015
1.62706e+015
1.39237e+015
1.1847e+015
1.00383e+015
8.48821e+014
7.17883e+014
6.08764e+014
5.19009e+014
4.46172e+014
3.87935e+014
3.4211e+014
3.06805e+014
2.80499e+014
2.62142e+014
2.51313e+014
2.48351e+014
2.5424e+014
2.7155e+014
3.01853e+014
3.44474e+014
3.94837e+014
4.50111e+014
5.09968e+014
5.77858e+014
6.60664e+014
7.60207e+014
8.6984e+014
9.90262e+014
1.12077e+015
1.26069e+015
1.41033e+015
1.5705e+015
1.74192e+015
1.92516e+015
2.12124e+015
2.33096e+015
2.55469e+015
2.79225e+015
3.04276e+015
3.30432e+015
3.57376e+015
3.84649e+015
4.11642e+015
4.37583e+015
4.61573e+015
4.82622e+015
4.99641e+015
5.11368e+015
5.16352e+015
5.1346e+015
5.03673e+015
4.88516e+015
4.69422e+015
4.47522e+015
4.23743e+015
3.98823e+015
3.73338e+015
3.47777e+015
3.22478e+015
2.97633e+015
2.73305e+015
2.4964e+015
2.26715e+015
2.04795e+015
1.8393e+015
1.64474e+015
1.46272e+015
1.30376e+015
1.16251e+015
4.825e+013
6.17695e+013
7.69103e+013
9.2901e+013
1.11799e+014
1.34474e+014
1.617e+014
1.94367e+014
2.33335e+014
2.79383e+014
3.3326e+014
3.95809e+014
4.67803e+014
5.49855e+014
6.42476e+014
7.45905e+014
8.60057e+014
9.84534e+014
1.11883e+015
1.26243e+015
1.41476e+015
1.57508e+015
1.74232e+015
1.91533e+015
2.09269e+015
2.27268e+015
2.45336e+015
2.63252e+015
2.80769e+015
2.97628e+015
3.13574e+015
3.28382e+015
3.41844e+015
3.53677e+015
3.63592e+015
3.71284e+015
3.76433e+015
3.78735e+015
3.77986e+015
3.74567e+015
3.68413e+015
3.59616e+015
3.48496e+015
3.35434e+015
3.20864e+015
3.05246e+015
2.89e+015
2.72485e+015
2.55989e+015
2.39737e+015
2.23894e+015
2.08582e+015
1.93888e+015
1.79875e+015
1.66581e+015
1.54026e+015
1.42212e+015
1.31122e+015
1.20723e+015
1.1097e+015
1.01728e+015
9.29981e+014
8.48049e+014
7.71655e+014
7.00817e+014
6.3546e+014
5.75433e+014
5.20519e+014
4.70449e+014
4.24914e+014
3.83581e+014
3.46102e+014
3.12132e+014
2.81331e+014
2.53384e+014
2.27999e+014
2.0491e+014
1.83883e+014
1.6472e+014
1.47248e+014
1.31336e+014
1.16899e+014
1.03885e+014
9.22907e+013
8.21285e+013
7.36569e+013
6.82572e+013
7.21457e+013
1.13272e+014
2.54211e+014
4.5443e+014
4.90923e+014
5.11776e+014
5.49082e+014
5.91864e+014
6.37901e+014
6.87844e+014
7.42227e+014
8.0156e+014
8.6615e+014
9.35442e+014
1.00792e+015
1.08565e+015
1.16932e+015
1.25923e+015
1.35541e+015
1.45778e+015
1.5661e+015
1.67984e+015
1.79813e+015
1.91992e+015
2.04398e+015
2.16877e+015
2.2929e+015
2.42018e+015
2.55035e+015
2.67841e+015
2.79767e+015
2.89986e+015
2.96843e+015
2.99396e+015
2.97047e+015
2.89526e+015
2.76777e+015
2.59872e+015
2.39891e+015
2.18067e+015
1.95458e+015
1.73002e+015
1.51465e+015
1.31407e+015
1.13197e+015
9.70321e+014
8.29728e+014
7.09753e+014
6.0926e+014
5.26577e+014
4.59735e+014
4.06679e+014
3.65434e+014
3.3421e+014
3.11475e+014
2.9602e+014
2.86999e+014
2.83984e+014
2.86988e+014
2.9648e+014
3.13356e+014
3.38693e+014
3.72969e+014
4.15118e+014
4.62703e+014
5.1441e+014
5.71334e+014
6.39963e+014
7.29708e+014
8.27928e+014
9.35246e+014
1.05226e+015
1.17854e+015
1.31379e+015
1.45829e+015
1.61259e+015
1.77708e+015
1.95194e+015
2.13753e+015
2.33408e+015
2.54143e+015
2.75898e+015
2.98542e+015
3.21857e+015
3.45516e+015
3.69085e+015
3.91998e+015
4.13543e+015
4.32934e+015
4.49376e+015
4.62025e+015
4.69972e+015
4.72151e+015
4.68191e+015
4.58814e+015
4.45185e+015
4.28411e+015
4.09361e+015
3.88726e+015
3.67054e+015
3.44781e+015
3.22275e+015
2.99811e+015
2.77588e+015
2.55659e+015
2.34175e+015
2.13227e+015
1.93041e+015
1.73619e+015
1.55531e+015
1.38575e+015
1.23638e+015
1.10363e+015
5.16746e+013
6.12916e+013
7.4039e+013
8.71699e+013
1.02189e+014
1.19844e+014
1.40819e+014
1.65847e+014
1.95654e+014
2.30937e+014
2.7236e+014
3.20609e+014
3.76341e+014
4.40127e+014
5.12442e+014
5.93604e+014
6.83707e+014
7.82592e+014
8.89887e+014
1.00504e+015
1.12735e+015
1.2559e+015
1.38952e+015
1.52682e+015
1.6662e+015
1.80578e+015
1.94349e+015
2.07723e+015
2.20471e+015
2.32374e+015
2.43204e+015
2.5277e+015
2.60873e+015
2.67448e+015
2.72412e+015
2.7567e+015
2.77123e+015
2.76702e+015
2.7439e+015
2.70672e+015
2.65662e+015
2.5946e+015
2.52061e+015
2.43586e+015
2.34259e+015
2.24359e+015
2.14063e+015
2.03519e+015
1.92865e+015
1.82219e+015
1.71684e+015
1.61346e+015
1.51272e+015
1.41516e+015
1.32119e+015
1.23108e+015
1.14497e+015
1.06279e+015
9.83384e+014
9.07134e+014
8.34362e+014
7.65434e+014
7.00616e+014
6.4005e+014
5.83765e+014
5.3171e+014
4.83768e+014
4.39775e+014
3.99525e+014
3.62786e+014
3.29307e+014
2.98826e+014
2.7108e+014
2.45813e+014
2.22781e+014
2.01759e+014
1.82539e+014
1.6494e+014
1.48806e+014
1.34011e+014
1.20457e+014
1.0808e+014
9.68396e+013
8.67247e+013
7.77189e+013
6.98147e+013
6.35128e+013
6.04437e+013
7.01687e+013
1.30701e+014
3.06257e+014
4.35858e+014
4.69476e+014
5.03807e+014
5.40378e+014
5.75781e+014
6.10894e+014
6.46409e+014
6.82542e+014
7.2001e+014
7.59949e+014
8.02585e+014
8.4826e+014
8.97197e+014
9.49553e+014
1.00545e+015
1.06499e+015
1.12817e+015
1.19481e+015
1.26463e+015
1.33718e+015
1.4118e+015
1.48769e+015
1.56381e+015
1.63936e+015
1.71806e+015
1.79678e+015
1.87117e+015
1.93599e+015
1.97659e+015
1.98598e+015
1.96013e+015
1.89695e+015
1.80185e+015
1.68336e+015
1.54858e+015
1.40492e+015
1.25911e+015
1.117e+015
9.8326e+014
8.61222e+014
7.52941e+014
6.59335e+014
5.80404e+014
5.15461e+014
4.63356e+014
4.22669e+014
3.91875e+014
3.69489e+014
3.54164e+014
3.4475e+014
3.40346e+014
3.40317e+014
3.44311e+014
3.5227e+014
3.64425e+014
3.8126e+014
4.03421e+014
4.31476e+014
4.65404e+014
5.04282e+014
5.46886e+014
5.93264e+014
6.46867e+014
7.22682e+014
8.10229e+014
9.03675e+014
1.00498e+015
1.11461e+015
1.23232e+015
1.358e+015
1.49178e+015
1.63392e+015
1.78452e+015
1.9434e+015
2.11028e+015
2.28473e+015
2.46605e+015
2.65319e+015
2.84446e+015
3.03745e+015
3.22902e+015
3.41498e+015
3.59027e+015
3.74891e+015
3.88439e+015
3.99098e+015
4.06339e+015
4.09639e+015
4.0853e+015
4.03281e+015
3.94387e+015
3.82601e+015
3.68645e+015
3.53058e+015
3.36268e+015
3.18626e+015
3.00425e+015
2.81923e+015
2.63287e+015
2.44665e+015
2.26097e+015
2.07694e+015
1.89405e+015
1.71732e+015
1.54839e+015
1.39136e+015
1.24425e+015
1.11394e+015
9.96779e+014
5.58537e+013
6.13587e+013
7.14322e+013
8.18037e+013
9.33088e+013
1.06417e+014
1.21641e+014
1.39554e+014
1.60748e+014
1.85799e+014
2.15257e+014
2.49659e+014
2.89515e+014
3.35286e+014
3.87364e+014
4.46046e+014
5.11494e+014
5.83701e+014
6.62477e+014
7.47439e+014
8.3801e+014
9.33404e+014
1.03262e+015
1.1344e+015
1.23738e+015
1.33992e+015
1.44025e+015
1.53653e+015
1.62691e+015
1.70961e+015
1.78273e+015
1.843e+015
1.88982e+015
1.92328e+015
1.94362e+015
1.95112e+015
1.94602e+015
1.92885e+015
1.90038e+015
1.86446e+015
1.82301e+015
1.77693e+015
1.72687e+015
1.67327e+015
1.61688e+015
1.55699e+015
1.49424e+015
1.42965e+015
1.36405e+015
1.29812e+015
1.23239e+015
1.16729e+015
1.10317e+015
1.04027e+015
9.7881e+014
9.18675e+014
8.59318e+014
8.01252e+014
7.44704e+014
6.90078e+014
6.37723e+014
5.87925e+014
5.40889e+014
4.9673e+014
4.55496e+014
4.17174e+014
3.81703e+014
3.48987e+014
3.18897e+014
2.91285e+014
2.65989e+014
2.42834e+014
2.21647e+014
2.02253e+014
1.84488e+014
1.68196e+014
1.53233e+014
1.39474e+014
1.2681e+014
1.15149e+014
1.04422e+014
9.45829e+013
8.55905e+013
7.7416e+013
7.00298e+013
6.33597e+013
5.75249e+013
5.30312e+013
5.2218e+013
7.00567e+013
1.50962e+014
3.23591e+014
4.02663e+014
4.41157e+014
4.75302e+014
5.05187e+014
5.31565e+014
5.56058e+014
5.79531e+014
6.02526e+014
6.25418e+014
6.48455e+014
6.71825e+014
6.95669e+014
7.20117e+014
7.45308e+014
7.7138e+014
7.98454e+014
8.26631e+014
8.55956e+014
8.86428e+014
9.1801e+014
9.50565e+014
9.8379e+014
1.01719e+015
1.05308e+015
1.09138e+015
1.12983e+015
1.16569e+015
1.18765e+015
1.19077e+015
1.17271e+015
1.13412e+015
1.08047e+015
1.0157e+015
9.43783e+014
8.68817e+014
7.94546e+014
7.24075e+014
6.59751e+014
6.03122e+014
5.54978e+014
5.15463e+014
4.84225e+014
4.60571e+014
4.43613e+014
4.32395e+014
4.25992e+014
4.23581e+014
4.24477e+014
4.28157e+014
4.34282e+014
4.42716e+014
4.53507e+014
4.66834e+014
4.82946e+014
5.02144e+014
5.24774e+014
5.51159e+014
5.81378e+014
6.1499e+014
6.51387e+014
6.92033e+014
7.45247e+014
8.23522e+014
9.02221e+014
9.8592e+014
1.07623e+015
1.17314e+015
1.2763e+015
1.38554e+015
1.50084e+015
1.62227e+015
1.74977e+015
1.883e+015
2.02128e+015
2.16363e+015
2.30886e+015
2.45537e+015
2.60107e+015
2.74344e+015
2.87928e+015
3.00525e+015
3.11778e+015
3.21271e+015
3.28581e+015
3.33369e+015
3.3545e+015
3.34651e+015
3.30854e+015
3.24488e+015
3.16076e+015
3.0605e+015
2.94707e+015
2.82381e+015
2.69334e+015
2.55767e+015
2.41835e+015
2.27676e+015
2.13343e+015
1.98757e+015
1.83949e+015
1.69205e+015
1.54707e+015
1.40762e+015
1.27479e+015
1.1513e+015
1.0356e+015
9.32877e+014
8.39319e+014
6.02708e+013
6.10425e+013
6.74308e+013
7.45368e+013
8.25552e+013
9.15561e+013
1.01764e+014
1.1352e+014
1.27209e+014
1.43223e+014
1.61949e+014
1.83759e+014
2.09002e+014
2.37996e+014
2.71012e+014
3.08264e+014
3.49893e+014
3.95942e+014
4.46341e+014
5.00892e+014
5.59247e+014
6.20905e+014
6.85199e+014
7.51285e+014
8.18211e+014
8.84853e+014
9.50023e+014
1.01248e+015
1.071e+015
1.1244e+015
1.17102e+015
1.20758e+015
1.23386e+015
1.25009e+015
1.2566e+015
1.25397e+015
1.24284e+015
1.22396e+015
1.19801e+015
1.16753e+015
1.13466e+015
1.10012e+015
1.06556e+015
1.03123e+015
9.96913e+014
9.62125e+014
9.26953e+014
8.91524e+014
8.55864e+014
8.19956e+014
7.838e+014
7.47439e+014
7.10934e+014
6.74385e+014
6.37969e+014
6.01832e+014
5.66049e+014
5.30871e+014
4.9653e+014
4.63242e+014
4.31193e+014
4.00536e+014
3.71379e+014
3.43793e+014
3.17815e+014
2.93455e+014
2.70697e+014
2.49507e+014
2.2983e+014
2.11603e+014
1.94748e+014
1.79185e+014
1.64825e+014
1.5158e+014
1.39362e+014
1.28088e+014
1.17677e+014
1.08057e+014
9.91603e+013
9.09267e+013
8.33049e+013
7.62517e+013
6.97275e+013
6.36941e+013
5.81137e+013
5.2933e+013
4.81317e+013
4.38291e+013
4.05391e+013
4.23483e+013
6.64748e+013
1.62662e+014
2.95904e+014
3.48692e+014
3.83508e+014
4.13505e+014
4.37979e+014
4.5878e+014
4.77052e+014
4.93467e+014
5.08433e+014
5.22216e+014
5.34997e+014
5.46914e+014
5.58092e+014
5.68657e+014
5.78742e+014
5.88506e+014
5.98107e+014
6.07708e+014
6.17507e+014
6.27704e+014
6.38451e+014
6.49836e+014
6.61939e+014
6.75647e+014
6.92204e+014
7.10291e+014
7.28301e+014
7.41115e+014
7.45881e+014
7.40939e+014
7.28313e+014
7.10002e+014
6.87567e+014
6.62706e+014
6.37093e+014
6.12258e+014
5.89398e+014
5.69327e+014
5.52512e+014
5.39109e+014
5.29029e+014
5.22022e+014
5.17753e+014
5.15848e+014
5.15974e+014
5.17865e+014
5.21334e+014
5.26271e+014
5.32635e+014
5.40465e+014
5.49889e+014
5.61098e+014
5.74285e+014
5.89531e+014
6.06849e+014
6.26457e+014
6.48905e+014
6.74643e+014
7.03205e+014
7.33651e+014
7.68331e+014
8.21539e+014
8.88243e+014
9.50456e+014
1.01609e+015
1.08693e+015
1.16251e+015
1.24214e+015
1.32541e+015
1.41222e+015
1.50253e+015
1.5962e+015
1.69285e+015
1.79171e+015
1.8917e+015
1.99139e+015
2.08894e+015
2.18242e+015
2.26938e+015
2.34652e+015
2.40902e+015
2.45367e+015
2.48024e+015
2.48832e+015
2.47769e+015
2.44959e+015
2.40497e+015
2.34539e+015
2.27611e+015
2.19962e+015
2.11776e+015
2.03244e+015
1.94472e+015
1.85497e+015
1.76322e+015
1.66949e+015
1.57412e+015
1.47733e+015
1.37945e+015
1.28131e+015
1.18428e+015
1.08952e+015
9.98315e+014
9.11475e+014
8.3001e+014
7.53526e+014
6.84292e+014
6.20762e+014
3.5476e+013
3.75633e+013
3.99623e+013
4.2914e+013
4.60943e+013
4.96494e+013
5.37122e+013
5.8399e+013
6.38374e+013
7.01639e+013
7.75167e+013
8.60316e+013
9.58384e+013
1.07056e+014
1.19789e+014
1.34122e+014
1.50118e+014
1.67808e+014
1.87185e+014
2.08199e+014
2.30749e+014
2.54675e+014
2.79756e+014
3.05715e+014
3.32201e+014
3.5885e+014
3.85266e+014
4.11041e+014
4.35799e+014
4.59206e+014
4.80778e+014
4.99193e+014
5.14041e+014
5.2509e+014
5.32207e+014
5.3541e+014
5.34746e+014
5.3027e+014
5.22386e+014
5.13578e+014
5.04324e+014
4.94552e+014
4.84249e+014
4.73425e+014
4.62102e+014
4.50299e+014
4.38048e+014
4.25388e+014
4.1236e+014
3.99009e+014
3.85381e+014
3.71524e+014
3.57488e+014
3.43323e+014
3.2908e+014
3.14814e+014
3.00574e+014
2.86416e+014
2.72392e+014
2.58557e+014
2.44961e+014
2.31654e+014
2.18682e+014
2.06087e+014
1.93906e+014
1.82169e+014
1.70901e+014
1.60123e+014
1.49846e+014
1.40077e+014
1.30816e+014
1.22056e+014
1.13786e+014
1.0599e+014
9.86478e+013
9.17359e+013
8.52281e+013
7.90964e+013
7.33121e+013
6.78457e+013
6.26676e+013
5.77487e+013
5.30604e+013
4.85755e+013
4.42676e+013
4.01112e+013
3.60826e+013
3.21654e+013
2.83857e+013
2.50902e+013
2.46845e+013
4.0163e+013
1.18333e+014
1.87129e+014
2.28608e+014
2.59538e+014
2.84476e+014
3.05429e+014
3.23462e+014
3.39217e+014
3.53115e+014
3.65454e+014
3.76448e+014
3.86264e+014
3.95034e+014
4.02866e+014
4.09853e+014
4.16075e+014
4.21606e+014
4.26511e+014
4.30849e+014
4.34673e+014
4.38026e+014
4.4094e+014
4.4343e+014
4.45553e+014
4.47453e+014
4.49195e+014
4.50839e+014
4.51379e+014
4.50018e+014
4.46823e+014
4.42104e+014
4.36144e+014
4.29261e+014
4.21823e+014
4.14194e+014
4.06676e+014
3.99512e+014
3.9288e+014
3.86889e+014
3.81595e+014
3.77017e+014
3.73152e+014
3.69988e+014
3.67528e+014
3.65781e+014
3.6476e+014
3.64487e+014
3.64988e+014
3.66295e+014
3.68441e+014
3.71454e+014
3.75352e+014
3.80133e+014
3.85811e+014
3.92432e+014
4.00028e+014
4.08512e+014
4.17583e+014
4.26994e+014
4.37875e+014
4.52929e+014
4.79324e+014
5.17418e+014
5.52595e+014
5.86899e+014
6.19439e+014
6.52079e+014
6.86129e+014
7.22047e+014
7.59908e+014
7.99607e+014
8.40935e+014
8.83578e+014
9.27129e+014
9.71054e+014
1.0147e+015
1.05733e+015
1.09806e+015
1.13604e+015
1.17036e+015
1.1986e+015
1.2184e+015
1.22909e+015
1.23014e+015
1.22121e+015
1.20231e+015
1.17447e+015
1.14287e+015
1.11127e+015
1.07903e+015
1.04571e+015
1.01115e+015
9.75271e+014
9.38112e+014
8.9975e+014
8.6031e+014
8.1996e+014
7.78902e+014
7.37365e+014
6.95611e+014
6.53934e+014
6.12641e+014
5.72044e+014
5.32441e+014
4.94111e+014
4.57283e+014
4.22213e+014
3.89333e+014
)
;

boundaryField
{
    walls
    {
        type            kqRWallFunction;
        value           nonuniform List<scalar> 
400
(
2.58435e+013
3.91802e+013
5.14293e+013
6.31394e+013
7.4776e+013
8.64943e+013
9.83459e+013
1.10322e+014
1.22374e+014
1.34431e+014
1.46401e+014
1.58183e+014
1.69671e+014
1.80764e+014
1.91367e+014
2.01401e+014
2.108e+014
2.19515e+014
2.27515e+014
2.34783e+014
2.41317e+014
2.47123e+014
2.52221e+014
2.56635e+014
2.60395e+014
2.6354e+014
2.6608e+014
2.68051e+014
2.69511e+014
2.70494e+014
2.71035e+014
2.71171e+014
2.70934e+014
2.70354e+014
2.69462e+014
2.68296e+014
2.669e+014
2.6533e+014
2.63653e+014
2.60745e+014
2.5659e+014
2.51289e+014
2.44986e+014
2.37842e+014
2.3006e+014
2.21859e+014
2.13682e+014
2.05654e+014
1.97882e+014
1.90474e+014
1.83514e+014
1.77073e+014
1.71202e+014
1.65928e+014
1.61259e+014
1.57187e+014
1.53693e+014
1.50752e+014
1.48336e+014
1.46424e+014
1.44998e+014
1.4405e+014
1.43579e+014
1.43592e+014
1.44104e+014
1.45128e+014
1.46698e+014
1.48861e+014
1.51631e+014
1.55019e+014
1.59036e+014
1.63698e+014
1.6902e+014
1.75024e+014
1.81736e+014
1.89185e+014
1.97405e+014
2.06422e+014
2.16251e+014
2.269e+014
2.38359e+014
2.50567e+014
2.63361e+014
2.76395e+014
2.89056e+014
3.00491e+014
3.11326e+014
3.23368e+014
3.39032e+014
3.62649e+014
3.7935e+014
3.95045e+014
4.09276e+014
4.23052e+014
4.37739e+014
4.54234e+014
4.73314e+014
4.9585e+014
5.22906e+014
5.55815e+014
5.96235e+014
6.46175e+014
7.07963e+014
7.84103e+014
8.76959e+014
9.88227e+014
1.11821e+015
1.2651e+015
1.42452e+015
1.58919e+015
1.75015e+015
1.89825e+015
2.02325e+015
2.11705e+015
2.17533e+015
2.1907e+015
2.16777e+015
2.11707e+015
2.0634e+015
2.00916e+015
1.95386e+015
1.89631e+015
1.83572e+015
1.77261e+015
1.70718e+015
1.63953e+015
1.56984e+015
1.49832e+015
1.42534e+015
1.35132e+015
1.2765e+015
1.20119e+015
1.12591e+015
1.05133e+015
9.78152e+014
9.0698e+014
8.38335e+014
7.72625e+014
7.10139e+014
6.5105e+014
5.95427e+014
5.43254e+014
4.94444e+014
4.4886e+014
4.06332e+014
3.6667e+014
3.29678e+014
2.95161e+014
2.62927e+014
2.32796e+014
2.04589e+014
1.78127e+014
1.53223e+014
1.29656e+014
1.0705e+014
8.47291e+013
6.18986e+013
4.14437e+013
3.81762e+013
4.55016e+013
5.00785e+013
5.3024e+013
5.50339e+013
5.64324e+013
5.73929e+013
5.80186e+013
5.83759e+013
5.85091e+013
5.84482e+013
5.8213e+013
5.78149e+013
5.72576e+013
5.65364e+013
5.56447e+013
5.45699e+013
5.32678e+013
5.18157e+013
5.02658e+013
4.86223e+013
4.69133e+013
4.45667e+013
4.14971e+013
3.78584e+013
3.3868e+013
2.95821e+013
2.51191e+013
2.06169e+013
1.6241e+013
1.21712e+013
8.57648e+012
5.59629e+012
3.316e+012
1.73756e+012
7.75613e+011
2.8375e+011
8.09544e+010
1.66631e+010
2.15812e+009
7.28439e+007
3408.62
3.5476e+013
3.75633e+013
3.99623e+013
4.2914e+013
4.60943e+013
4.96494e+013
5.37122e+013
5.8399e+013
6.38374e+013
7.01639e+013
7.75167e+013
8.60316e+013
9.58384e+013
1.07056e+014
1.19789e+014
1.34122e+014
1.50118e+014
1.67808e+014
1.87185e+014
2.08199e+014
2.30749e+014
2.54675e+014
2.79756e+014
3.05715e+014
3.32201e+014
3.5885e+014
3.85266e+014
4.11041e+014
4.35799e+014
4.59206e+014
4.80778e+014
4.99193e+014
5.14041e+014
5.2509e+014
5.32207e+014
5.3541e+014
5.34746e+014
5.3027e+014
5.22386e+014
5.13578e+014
5.04324e+014
4.94552e+014
4.84249e+014
4.73425e+014
4.62102e+014
4.50299e+014
4.38048e+014
4.25388e+014
4.1236e+014
3.99009e+014
3.85381e+014
3.71524e+014
3.57488e+014
3.43323e+014
3.2908e+014
3.14814e+014
3.00574e+014
2.86416e+014
2.72392e+014
2.58557e+014
2.44961e+014
2.31654e+014
2.18682e+014
2.06087e+014
1.93906e+014
1.82169e+014
1.70901e+014
1.60123e+014
1.49846e+014
1.40077e+014
1.30816e+014
1.22056e+014
1.13786e+014
1.0599e+014
9.86478e+013
9.17359e+013
8.52281e+013
7.90964e+013
7.33121e+013
6.78457e+013
6.26676e+013
5.77487e+013
5.30604e+013
4.85755e+013
4.42676e+013
4.01112e+013
3.60826e+013
3.21654e+013
2.83857e+013
2.50902e+013
2.46845e+013
4.0163e+013
1.18333e+014
1.87129e+014
2.28608e+014
2.59538e+014
2.84476e+014
3.05429e+014
3.23462e+014
3.39217e+014
3.53115e+014
3.65454e+014
3.76448e+014
3.86264e+014
3.95034e+014
4.02866e+014
4.09853e+014
4.16075e+014
4.21606e+014
4.26511e+014
4.30849e+014
4.34673e+014
4.38026e+014
4.4094e+014
4.4343e+014
4.45553e+014
4.47453e+014
4.49195e+014
4.50839e+014
4.51379e+014
4.50018e+014
4.46823e+014
4.42104e+014
4.36144e+014
4.29261e+014
4.21823e+014
4.14194e+014
4.06676e+014
3.99512e+014
3.9288e+014
3.86889e+014
3.81595e+014
3.77017e+014
3.73152e+014
3.69988e+014
3.67528e+014
3.65781e+014
3.6476e+014
3.64487e+014
3.64988e+014
3.66295e+014
3.68441e+014
3.71454e+014
3.75352e+014
3.80133e+014
3.85811e+014
3.92432e+014
4.00028e+014
4.08512e+014
4.17583e+014
4.26994e+014
4.37875e+014
4.52929e+014
4.79324e+014
5.17418e+014
5.52595e+014
5.86899e+014
6.19439e+014
6.52079e+014
6.86129e+014
7.22047e+014
7.59908e+014
7.99607e+014
8.40935e+014
8.83578e+014
9.27129e+014
9.71054e+014
1.0147e+015
1.05733e+015
1.09806e+015
1.13604e+015
1.17036e+015
1.1986e+015
1.2184e+015
1.22909e+015
1.23014e+015
1.22121e+015
1.20231e+015
1.17447e+015
1.14287e+015
1.11127e+015
1.07903e+015
1.04571e+015
1.01115e+015
9.75271e+014
9.38112e+014
8.9975e+014
8.6031e+014
8.1996e+014
7.78902e+014
7.37365e+014
6.95611e+014
6.53934e+014
6.12641e+014
5.72044e+014
5.32441e+014
4.94111e+014
4.57283e+014
4.22213e+014
3.89333e+014
)
;
    }
    inlet
    {
        type            fixedValue;
        value           uniform 0.01;
    }
    outlet
    {
        type            freestream;
        freestreamValue uniform 0.01;
        value           nonuniform List<scalar> 
20
(
0.01
0.01
0.01
0.01
0.01
0.01
0.01
0.01
0.01
0.01
0.01
0.01
1.18315e+015
1.18645e+015
1.16251e+015
1.10363e+015
9.96779e+014
8.39319e+014
6.20762e+014
3.89333e+014
)
;
    }
    frontAndBack
    {
        type            empty;
    }
}


// ************************************************************************* //
