/*--------------------------------*- C++ -*----------------------------------*\
| =========                 |                                                 |
| \\      /  F ield         | OpenFOAM: The Open Source CFD Toolbox           |
|  \\    /   O peration     | Version:  5.x                                   |
|   \\  /    A nd           | Web:      www.OpenFOAM.org                      |
|    \\/     M anipulation  |                                                 |
\*---------------------------------------------------------------------------*/
/*   Windows 32 and 64 bit porting by blueCAPE: http://www.bluecape.com.pt   *\
|  Based on Windows porting (2.0.x v4) by Symscape: http://www.symscape.com   |
\*---------------------------------------------------------------------------*/
FoamFile
{
    version     2.0;
    format      ascii;
    class       volScalarField;
    location    "10";
    object      k;
}
// * * * * * * * * * * * * * * * * * * * * * * * * * * * * * * * * * * * * * //

dimensions      [0 2 -2 0 0 0 0];

internalField   nonuniform List<scalar> 
4000
(
0.00964132
0.00902676
0.008545
0.00819744
0.0079678
0.00782795
0.00774864
0.0077063
0.00768474
0.0076741
0.00766889
0.00766613
0.00766422
0.00766246
0.00766062
0.00765879
0.00765702
0.0076553
0.00765362
0.00765199
0.00765041
0.00764891
0.0076475
0.00764618
0.00764494
0.00764377
0.00764267
0.00764163
0.00764062
0.00763945
0.00763771
0.00763552
0.00763276
0.00762964
0.00762634
0.00762272
0.00761881
0.00761496
0.00761127
0.00760771
0.00760427
0.00760093
0.00759767
0.00759449
0.00759136
0.00758824
0.00758509
0.00758188
0.00757862
0.00757534
0.00757206
0.0075688
0.00756557
0.00756238
0.00755923
0.00755611
0.00755304
0.00755001
0.00754702
0.00754405
0.00754111
0.00753819
0.0075353
0.00753242
0.00752957
0.00752674
0.00752393
0.00752115
0.00751838
0.00751564
0.00751291
0.00751021
0.00750753
0.00750487
0.00750223
0.00749961
0.00749701
0.00749443
0.00749186
0.00748931
0.00748677
0.00748425
0.00748174
0.00747924
0.00747674
0.00747426
0.00747176
0.00746922
0.00746663
0.00746398
0.00746129
0.00745858
0.00745585
0.00745311
0.00745038
0.00744765
0.00744492
0.00744221
0.0074395
0.00743679
0.00743408
0.00743139
0.00742869
0.007426
0.00742332
0.00742066
0.00741802
0.00741541
0.00741285
0.00741033
0.00740785
0.0074054
0.00740296
0.00740053
0.0073981
0.00739568
0.00739326
0.00739084
0.00738841
0.00738599
0.00738356
0.00738113
0.0073787
0.00737626
0.00737382
0.00737139
0.00736894
0.0073665
0.00736405
0.00736161
0.00735915
0.0073567
0.00735424
0.00735177
0.00734929
0.0073468
0.00734429
0.00734177
0.00733924
0.0073367
0.00733416
0.00733163
0.00732911
0.0073266
0.00732408
0.00732155
0.00731899
0.00731639
0.00731376
0.00731112
0.00730847
0.00730581
0.00730316
0.0073005
0.00729784
0.00729515
0.00729245
0.00728975
0.00728704
0.00728432
0.0072816
0.00727889
0.00727619
0.00727351
0.00727085
0.0072682
0.00726558
0.00726299
0.00726042
0.00725789
0.00725539
0.00725293
0.00725052
0.00724817
0.00724588
0.00724368
0.00724157
0.00723954
0.00723758
0.0072357
0.00723389
0.00723214
0.00723047
0.00722886
0.0072273
0.0072258
0.00722434
0.00722289
0.00722142
0.00721988
0.00721819
0.00721628
0.00721407
0.00721158
0.00720891
0.00720633
0.00720445
0.00720451
0.00720781
0.00721448
0.00997615
0.00991053
0.00984454
0.00979125
0.00975438
0.00973234
0.00972135
0.00971755
0.00971801
0.0097208
0.00972488
0.00972944
0.00973378
0.00973749
0.00974034
0.00974336
0.00974595
0.00974852
0.00975167
0.00975554
0.00975962
0.00976387
0.00976857
0.00977379
0.00977951
0.00978574
0.00979245
0.00979963
0.00980723
0.00981513
0.00982321
0.00983148
0.00983982
0.00984818
0.00985652
0.00986464
0.00987237
0.00987976
0.00988686
0.00989377
0.00990059
0.0099074
0.00991422
0.00992111
0.00992807
0.0099351
0.00994216
0.00994925
0.00995637
0.00996353
0.00997072
0.00997796
0.00998524
0.00999255
0.0099999
0.0100073
0.0100146
0.010022
0.0100294
0.0100368
0.0100442
0.0100516
0.010059
0.0100664
0.0100739
0.0100814
0.010089
0.0100966
0.0101043
0.0101121
0.0101198
0.0101276
0.0101354
0.0101433
0.0101513
0.0101592
0.0101673
0.0101753
0.0101834
0.0101915
0.0101997
0.010208
0.0102162
0.0102246
0.010233
0.0102414
0.0102499
0.0102584
0.0102669
0.0102752
0.0102836
0.010292
0.0103005
0.010309
0.0103175
0.0103261
0.0103348
0.0103435
0.0103523
0.0103611
0.01037
0.0103788
0.0103878
0.0103967
0.0104056
0.0104145
0.0104234
0.0104322
0.010441
0.0104495
0.0104579
0.0104661
0.0104743
0.0104825
0.0104906
0.0104988
0.010507
0.0105152
0.0105235
0.0105318
0.0105402
0.0105487
0.0105572
0.0105658
0.0105744
0.0105831
0.0105919
0.0106007
0.0106096
0.0106185
0.0106274
0.0106364
0.0106455
0.0106546
0.0106638
0.010673
0.0106822
0.0106914
0.0107007
0.0107101
0.0107196
0.0107291
0.0107387
0.0107483
0.010758
0.0107678
0.0107776
0.0107875
0.0107974
0.0108074
0.0108174
0.0108275
0.0108377
0.0108479
0.0108581
0.0108685
0.0108788
0.0108892
0.0108997
0.0109103
0.0109209
0.0109315
0.0109422
0.0109529
0.0109637
0.0109745
0.0109853
0.0109961
0.011007
0.0110178
0.0110287
0.0110396
0.0110505
0.0110614
0.0110723
0.0110832
0.0110941
0.0111049
0.0111157
0.0111264
0.011137
0.0111474
0.0111577
0.0111677
0.0111776
0.0111872
0.0111966
0.0112056
0.0112141
0.0112221
0.0112295
0.0112362
0.0112422
0.0112477
0.0112522
0.0112549
0.0112535
0.0112426
0.0112397
0.0112387
0.00999599
0.00998421
0.00997256
0.00996378
0.00995831
0.00995554
0.00995468
0.00995504
0.00995617
0.00995773
0.00995966
0.00996186
0.0099643
0.00996682
0.00996935
0.0099719
0.00997464
0.00997745
0.00998044
0.00998364
0.00998705
0.00999066
0.00999449
0.00999848
0.0100026
0.0100069
0.0100114
0.010016
0.0100209
0.0100259
0.0100311
0.0100365
0.010042
0.0100478
0.0100537
0.0100598
0.010066
0.0100722
0.0100784
0.0100846
0.0100909
0.0100971
0.0101035
0.0101098
0.0101162
0.0101226
0.0101291
0.0101356
0.010142
0.0101485
0.010155
0.0101615
0.0101679
0.0101744
0.0101809
0.0101873
0.0101934
0.0101993
0.010205
0.0102105
0.0102158
0.0102209
0.010226
0.0102309
0.0102359
0.0102408
0.0102457
0.0102507
0.0102555
0.0102602
0.0102647
0.0102691
0.0102735
0.0102779
0.0102822
0.0102865
0.0102908
0.010295
0.0102989
0.0103027
0.0103064
0.01031
0.0103137
0.0103173
0.0103209
0.0103246
0.0103282
0.0103315
0.0103347
0.0103376
0.0103405
0.0103433
0.0103461
0.0103489
0.0103518
0.0103546
0.0103574
0.0103603
0.010363
0.0103654
0.0103676
0.0103697
0.0103718
0.0103738
0.0103759
0.0103778
0.0103797
0.0103817
0.0103836
0.0103856
0.0103875
0.0103895
0.0103915
0.0103934
0.0103954
0.0103973
0.0103992
0.0104008
0.0104022
0.0104037
0.0104051
0.0104065
0.0104079
0.0104093
0.0104107
0.0104121
0.0104135
0.0104148
0.0104162
0.0104176
0.010419
0.0104204
0.0104218
0.0104231
0.0104245
0.0104259
0.0104274
0.0104288
0.0104301
0.0104315
0.0104327
0.0104339
0.0104351
0.0104363
0.0104374
0.0104386
0.0104397
0.0104409
0.010442
0.0104432
0.0104444
0.0104455
0.0104467
0.0104479
0.010449
0.0104502
0.0104514
0.0104525
0.0104537
0.0104548
0.010456
0.0104571
0.0104582
0.0104593
0.0104605
0.0104616
0.0104626
0.0104637
0.0104648
0.0104658
0.0104668
0.0104678
0.0104688
0.0104697
0.0104705
0.0104713
0.010472
0.0104726
0.0104733
0.0104739
0.0104745
0.0104752
0.0104758
0.0104765
0.0104771
0.0104777
0.0104783
0.010479
0.0104798
0.0104808
0.010482
0.0104835
0.0104853
0.0104873
0.0104891
0.0104903
0.01049
0.0104871
0.0104821
0.0104856
0.0100002
0.00999613
0.00999289
0.00999089
0.00998987
0.00998948
0.00998949
0.00998972
0.00999012
0.00999062
0.00999121
0.00999188
0.00999264
0.00999345
0.0099943
0.00999514
0.009996
0.00999686
0.00999772
0.00999863
0.00999958
0.0100006
0.0100016
0.0100027
0.0100038
0.010005
0.0100062
0.0100075
0.0100089
0.0100104
0.010012
0.0100136
0.0100153
0.0100171
0.0100191
0.0100213
0.0100237
0.0100264
0.0100291
0.0100319
0.0100347
0.0100375
0.0100403
0.0100431
0.010046
0.0100488
0.0100515
0.010054
0.0100564
0.0100588
0.010061
0.0100631
0.0100651
0.0100671
0.0100691
0.0100713
0.0100736
0.0100761
0.0100786
0.0100808
0.010083
0.0100851
0.0100873
0.0100895
0.0100918
0.010094
0.0100963
0.0100986
0.0101005
0.0101021
0.0101037
0.0101053
0.0101068
0.0101083
0.0101095
0.0101106
0.0101116
0.0101125
0.0101134
0.0101143
0.0101151
0.0101159
0.0101167
0.0101174
0.0101182
0.0101189
0.0101197
0.0101204
0.0101211
0.0101217
0.0101224
0.0101231
0.0101238
0.0101244
0.010125
0.0101257
0.0101263
0.0101268
0.0101274
0.0101279
0.0101285
0.010129
0.0101295
0.01013
0.0101305
0.0101309
0.0101314
0.0101319
0.0101324
0.010133
0.0101335
0.0101341
0.0101346
0.0101352
0.0101357
0.0101362
0.0101367
0.0101372
0.0101376
0.0101381
0.0101385
0.010139
0.0101394
0.0101399
0.0101403
0.0101407
0.0101411
0.0101415
0.0101419
0.0101423
0.0101427
0.0101431
0.0101434
0.0101438
0.0101442
0.0101446
0.010145
0.0101453
0.0101458
0.0101462
0.0101467
0.0101472
0.0101477
0.0101482
0.0101487
0.0101491
0.0101496
0.0101501
0.0101505
0.010151
0.0101515
0.0101519
0.0101523
0.0101528
0.0101532
0.0101536
0.010154
0.0101544
0.0101548
0.0101552
0.0101555
0.0101559
0.0101562
0.0101566
0.0101569
0.0101573
0.0101576
0.0101579
0.0101582
0.0101585
0.0101588
0.0101591
0.0101593
0.0101595
0.0101597
0.0101599
0.01016
0.0101601
0.0101602
0.0101603
0.0101605
0.0101606
0.0101607
0.0101608
0.0101609
0.0101609
0.010161
0.0101611
0.0101612
0.0101613
0.0101616
0.010162
0.0101625
0.0101631
0.0101638
0.0101645
0.0101651
0.0101652
0.0101645
0.0101671
0.0100013
0.0099987
0.00999711
0.00999637
0.00999608
0.00999601
0.00999605
0.00999613
0.00999624
0.00999637
0.00999653
0.0099967
0.00999689
0.00999709
0.0099973
0.0099975
0.00999771
0.0099979
0.00999811
0.00999834
0.00999858
0.00999884
0.00999911
0.0099994
0.00999968
0.00999996
0.0100003
0.0100006
0.0100009
0.0100012
0.0100015
0.0100018
0.0100022
0.0100025
0.0100029
0.0100033
0.0100038
0.0100043
0.0100048
0.0100053
0.0100059
0.0100064
0.0100069
0.0100074
0.0100079
0.0100084
0.0100089
0.0100094
0.0100098
0.0100103
0.0100108
0.0100112
0.0100117
0.0100121
0.0100127
0.0100132
0.0100139
0.0100145
0.0100151
0.0100157
0.0100164
0.0100171
0.0100179
0.0100186
0.0100194
0.0100201
0.0100208
0.0100216
0.0100223
0.0100229
0.0100236
0.0100243
0.0100249
0.0100256
0.0100262
0.0100268
0.0100275
0.0100281
0.0100288
0.0100293
0.0100298
0.0100302
0.0100305
0.0100309
0.0100313
0.0100317
0.010032
0.0100324
0.0100328
0.0100333
0.0100338
0.0100344
0.0100349
0.0100355
0.0100361
0.0100367
0.0100373
0.0100379
0.0100385
0.0100391
0.0100398
0.0100404
0.0100411
0.0100417
0.0100424
0.0100432
0.010044
0.0100448
0.0100456
0.0100464
0.0100472
0.0100481
0.0100489
0.0100494
0.0100499
0.0100502
0.0100506
0.0100509
0.0100513
0.0100516
0.0100519
0.0100522
0.0100525
0.0100528
0.0100531
0.0100534
0.0100537
0.010054
0.0100543
0.0100546
0.0100548
0.0100551
0.0100553
0.0100556
0.0100558
0.010056
0.0100563
0.0100567
0.0100571
0.0100577
0.0100584
0.0100592
0.01006
0.0100608
0.0100615
0.0100623
0.010063
0.0100637
0.0100644
0.0100651
0.0100658
0.0100664
0.010067
0.0100677
0.0100683
0.0100689
0.0100694
0.01007
0.0100705
0.010071
0.0100715
0.0100719
0.0100723
0.0100727
0.0100731
0.0100734
0.0100736
0.0100739
0.0100741
0.0100744
0.0100746
0.0100749
0.0100751
0.0100753
0.0100754
0.0100754
0.0100752
0.0100749
0.0100744
0.0100739
0.0100732
0.0100726
0.010072
0.0100714
0.0100709
0.0100704
0.01007
0.0100695
0.010069
0.0100686
0.0100685
0.0100689
0.01007
0.0100726
0.0100789
0.0100833
0.0100859
0.0100902
0.0100942
0.0100987
0.0100015
0.00999924
0.00999809
0.00999766
0.00999752
0.0099975
0.00999752
0.00999755
0.00999758
0.00999762
0.00999766
0.0099977
0.00999774
0.00999779
0.00999783
0.00999787
0.00999791
0.00999795
0.00999799
0.00999803
0.00999807
0.00999812
0.00999818
0.00999824
0.0099983
0.00999836
0.00999842
0.00999849
0.00999855
0.00999862
0.00999868
0.00999875
0.00999882
0.00999889
0.00999896
0.00999904
0.00999913
0.00999921
0.0099993
0.0099994
0.0099995
0.0099996
0.00999971
0.00999982
0.00999993
0.01
0.0100002
0.0100003
0.0100004
0.0100005
0.0100006
0.0100007
0.0100008
0.0100009
0.010001
0.0100012
0.0100013
0.0100015
0.0100016
0.0100017
0.0100019
0.0100021
0.0100022
0.0100024
0.0100025
0.0100027
0.0100029
0.010003
0.0100032
0.0100033
0.0100035
0.0100036
0.0100037
0.0100039
0.010004
0.0100042
0.0100043
0.0100045
0.0100046
0.0100048
0.0100049
0.010005
0.0100051
0.0100053
0.0100054
0.0100055
0.0100056
0.0100058
0.0100059
0.0100061
0.0100063
0.0100065
0.0100067
0.0100069
0.0100071
0.0100073
0.0100075
0.0100078
0.010008
0.0100082
0.0100084
0.0100087
0.0100089
0.0100091
0.0100093
0.0100095
0.0100098
0.01001
0.0100101
0.0100103
0.0100105
0.0100106
0.0100108
0.0100109
0.0100111
0.0100112
0.0100113
0.0100115
0.0100116
0.0100117
0.0100118
0.010012
0.0100121
0.0100122
0.0100123
0.0100124
0.0100125
0.0100126
0.0100127
0.0100129
0.010013
0.0100131
0.0100132
0.0100133
0.0100133
0.0100135
0.0100136
0.0100138
0.0100141
0.0100144
0.0100149
0.0100154
0.0100158
0.0100162
0.0100166
0.0100169
0.0100173
0.0100176
0.010018
0.0100183
0.0100186
0.010019
0.0100193
0.0100196
0.0100199
0.0100201
0.0100204
0.0100207
0.010021
0.0100212
0.0100214
0.0100217
0.0100219
0.0100221
0.0100222
0.0100224
0.0100225
0.0100226
0.0100227
0.0100228
0.0100229
0.0100231
0.0100233
0.0100235
0.0100237
0.0100239
0.0100239
0.0100238
0.0100237
0.0100234
0.010023
0.0100225
0.0100221
0.0100218
0.0100215
0.0100213
0.010021
0.0100208
0.0100205
0.0100203
0.0100203
0.0100215
0.0100223
0.0100237
0.0100263
0.0100286
0.0100306
0.0100348
0.010052
0.0100562
0.0100017
0.00999937
0.00999834
0.00999799
0.00999789
0.00999787
0.00999788
0.0099979
0.00999792
0.00999793
0.00999794
0.00999795
0.00999796
0.00999798
0.00999799
0.00999799
0.009998
0.009998
0.00999801
0.00999801
0.00999802
0.00999802
0.00999803
0.00999804
0.00999805
0.00999806
0.00999806
0.00999807
0.00999808
0.00999809
0.0099981
0.00999811
0.00999812
0.00999813
0.00999814
0.00999815
0.00999816
0.00999817
0.00999818
0.00999819
0.00999821
0.00999823
0.00999825
0.00999827
0.00999829
0.00999831
0.00999834
0.00999836
0.00999838
0.0099984
0.00999842
0.00999844
0.00999846
0.00999848
0.0099985
0.00999853
0.00999855
0.00999858
0.00999861
0.00999863
0.00999866
0.00999869
0.00999871
0.00999874
0.00999876
0.00999879
0.00999881
0.00999883
0.00999885
0.00999887
0.00999889
0.00999891
0.00999893
0.00999895
0.00999897
0.009999
0.00999903
0.00999906
0.00999909
0.00999911
0.00999913
0.00999915
0.00999918
0.0099992
0.00999922
0.00999925
0.00999927
0.0099993
0.00999933
0.00999937
0.00999941
0.00999946
0.00999951
0.00999957
0.00999962
0.00999968
0.00999974
0.0099998
0.00999986
0.00999991
0.00999997
0.01
0.0100001
0.0100002
0.0100002
0.0100003
0.0100003
0.0100004
0.0100004
0.0100004
0.0100005
0.0100005
0.0100006
0.0100006
0.0100006
0.0100007
0.0100007
0.0100008
0.0100008
0.0100008
0.0100009
0.0100009
0.010001
0.010001
0.010001
0.0100011
0.0100011
0.0100012
0.0100012
0.0100012
0.0100013
0.0100013
0.0100014
0.0100014
0.0100014
0.0100015
0.0100016
0.0100017
0.0100019
0.0100021
0.0100024
0.0100028
0.0100031
0.0100035
0.0100036
0.0100037
0.0100038
0.0100039
0.010004
0.0100041
0.0100042
0.0100043
0.0100044
0.0100045
0.0100045
0.0100046
0.0100047
0.0100048
0.0100048
0.0100049
0.0100049
0.010005
0.010005
0.0100051
0.0100051
0.0100051
0.0100051
0.0100052
0.0100052
0.0100052
0.0100052
0.0100052
0.0100053
0.0100053
0.0100052
0.0100051
0.010005
0.0100049
0.0100048
0.0100046
0.0100044
0.0100041
0.0100038
0.0100036
0.0100034
0.0100033
0.0100032
0.0100031
0.010003
0.0100029
0.0100029
0.0100029
0.0100032
0.0100047
0.0100066
0.0100087
0.0100115
0.010017
0.0100239
0.0100297
0.0100018
0.00999942
0.00999841
0.00999808
0.00999799
0.00999797
0.00999798
0.00999799
0.009998
0.00999801
0.00999801
0.00999802
0.00999802
0.00999803
0.00999803
0.00999803
0.00999803
0.00999803
0.00999803
0.00999803
0.00999803
0.00999802
0.00999802
0.00999802
0.00999802
0.00999802
0.00999802
0.00999802
0.00999802
0.00999802
0.00999802
0.00999802
0.00999802
0.00999802
0.00999801
0.00999801
0.00999801
0.00999801
0.00999801
0.009998
0.009998
0.009998
0.009998
0.009998
0.009998
0.009998
0.009998
0.009998
0.00999801
0.00999801
0.00999801
0.00999801
0.00999801
0.00999801
0.00999801
0.00999802
0.00999802
0.00999802
0.00999802
0.00999802
0.00999802
0.00999803
0.00999803
0.00999803
0.00999803
0.00999803
0.00999803
0.00999803
0.00999803
0.00999803
0.00999803
0.00999803
0.00999803
0.00999803
0.00999803
0.00999803
0.00999804
0.00999804
0.00999804
0.00999805
0.00999805
0.00999805
0.00999805
0.00999806
0.00999806
0.00999806
0.00999807
0.00999807
0.00999807
0.00999808
0.00999809
0.0099981
0.0099981
0.00999811
0.00999812
0.00999813
0.00999814
0.00999815
0.00999816
0.00999817
0.00999818
0.00999819
0.0099982
0.00999821
0.00999822
0.00999823
0.00999824
0.00999824
0.00999825
0.00999825
0.00999826
0.00999826
0.00999827
0.00999828
0.00999828
0.00999829
0.00999829
0.0099983
0.0099983
0.00999831
0.00999831
0.00999832
0.00999833
0.00999833
0.00999834
0.00999835
0.00999835
0.00999836
0.00999836
0.00999837
0.00999837
0.00999838
0.00999838
0.00999839
0.00999839
0.00999839
0.0099984
0.00999842
0.00999844
0.00999847
0.00999849
0.00999851
0.00999854
0.00999856
0.00999858
0.00999859
0.00999861
0.00999862
0.00999863
0.00999865
0.00999866
0.00999867
0.00999869
0.0099987
0.00999871
0.00999872
0.00999874
0.00999875
0.00999876
0.00999877
0.00999878
0.00999879
0.0099988
0.0099988
0.00999881
0.00999881
0.00999882
0.00999882
0.00999882
0.00999882
0.00999883
0.00999883
0.00999884
0.00999885
0.00999885
0.00999885
0.00999884
0.00999883
0.00999881
0.0099988
0.00999878
0.00999875
0.00999872
0.00999868
0.00999864
0.00999861
0.00999858
0.00999854
0.00999852
0.0099985
0.0099985
0.00999852
0.00999859
0.00999881
0.00999921
0.00999982
0.0100026
0.010007
0.0100118
0.0100159
0.010002
0.00999947
0.00999844
0.00999811
0.00999802
0.009998
0.00999801
0.00999802
0.00999802
0.00999803
0.00999803
0.00999804
0.00999804
0.00999804
0.00999804
0.00999804
0.00999804
0.00999804
0.00999804
0.00999804
0.00999803
0.00999803
0.00999803
0.00999802
0.00999802
0.00999802
0.00999802
0.00999801
0.00999801
0.00999801
0.00999801
0.00999801
0.009998
0.009998
0.009998
0.00999799
0.00999799
0.00999799
0.00999798
0.00999798
0.00999798
0.00999797
0.00999797
0.00999797
0.00999796
0.00999796
0.00999796
0.00999795
0.00999795
0.00999795
0.00999795
0.00999795
0.00999794
0.00999794
0.00999794
0.00999794
0.00999794
0.00999794
0.00999794
0.00999793
0.00999793
0.00999793
0.00999793
0.00999793
0.00999793
0.00999793
0.00999793
0.00999793
0.00999792
0.00999792
0.00999792
0.00999792
0.00999791
0.00999791
0.00999791
0.00999791
0.00999791
0.0099979
0.0099979
0.0099979
0.0099979
0.0099979
0.00999789
0.00999789
0.00999789
0.00999789
0.00999788
0.00999788
0.00999788
0.00999788
0.00999788
0.00999788
0.00999788
0.00999788
0.00999787
0.00999787
0.00999787
0.00999787
0.00999787
0.00999787
0.00999787
0.00999787
0.00999787
0.00999787
0.00999787
0.00999787
0.00999786
0.00999786
0.00999786
0.00999786
0.00999786
0.00999785
0.00999785
0.00999785
0.00999785
0.00999785
0.00999785
0.00999784
0.00999784
0.00999784
0.00999784
0.00999784
0.00999784
0.00999784
0.00999784
0.00999784
0.00999784
0.00999783
0.00999783
0.00999783
0.00999783
0.00999783
0.00999783
0.00999782
0.00999782
0.00999782
0.00999782
0.00999782
0.00999782
0.00999783
0.00999783
0.00999783
0.00999783
0.00999783
0.00999783
0.00999783
0.00999783
0.00999783
0.00999783
0.00999783
0.00999783
0.00999783
0.00999783
0.00999783
0.00999783
0.00999783
0.00999783
0.00999783
0.00999783
0.00999783
0.00999783
0.00999783
0.00999783
0.00999783
0.00999784
0.00999784
0.00999784
0.00999784
0.00999783
0.00999783
0.00999783
0.00999783
0.00999783
0.00999783
0.00999783
0.00999783
0.00999782
0.00999781
0.00999781
0.0099978
0.00999779
0.00999779
0.00999778
0.00999777
0.00999776
0.00999775
0.00999774
0.00999772
0.00999771
0.00999771
0.00999771
0.00999774
0.0099978
0.00999786
0.0099979
0.00999811
0.00999912
0.0100017
0.0100063
0.0100083
0.0100023
0.00999954
0.00999846
0.00999813
0.00999804
0.00999802
0.00999802
0.00999803
0.00999803
0.00999804
0.00999804
0.00999804
0.00999804
0.00999804
0.00999804
0.00999804
0.00999804
0.00999804
0.00999804
0.00999804
0.00999803
0.00999803
0.00999803
0.00999802
0.00999802
0.00999802
0.00999802
0.00999801
0.00999801
0.00999801
0.00999801
0.009998
0.009998
0.009998
0.009998
0.00999799
0.00999799
0.00999798
0.00999798
0.00999798
0.00999797
0.00999797
0.00999797
0.00999796
0.00999796
0.00999796
0.00999795
0.00999795
0.00999795
0.00999794
0.00999794
0.00999794
0.00999794
0.00999794
0.00999794
0.00999793
0.00999793
0.00999793
0.00999793
0.00999793
0.00999792
0.00999792
0.00999792
0.00999792
0.00999792
0.00999792
0.00999792
0.00999792
0.00999791
0.00999791
0.00999791
0.00999791
0.0099979
0.0099979
0.0099979
0.0099979
0.00999789
0.00999789
0.00999789
0.00999789
0.00999788
0.00999788
0.00999788
0.00999787
0.00999787
0.00999787
0.00999787
0.00999786
0.00999786
0.00999786
0.00999786
0.00999785
0.00999785
0.00999785
0.00999784
0.00999784
0.00999784
0.00999784
0.00999783
0.00999783
0.00999783
0.00999783
0.00999783
0.00999782
0.00999782
0.00999782
0.00999782
0.00999781
0.00999781
0.00999781
0.00999781
0.0099978
0.0099978
0.0099978
0.0099978
0.0099978
0.00999779
0.00999779
0.00999779
0.00999779
0.00999779
0.00999778
0.00999778
0.00999778
0.00999778
0.00999778
0.00999778
0.00999777
0.00999777
0.00999777
0.00999777
0.00999777
0.00999776
0.00999776
0.00999776
0.00999776
0.00999776
0.00999776
0.00999776
0.00999776
0.00999776
0.00999776
0.00999775
0.00999775
0.00999775
0.00999774
0.00999774
0.00999774
0.00999774
0.00999774
0.00999774
0.00999774
0.00999774
0.00999774
0.00999774
0.00999774
0.00999773
0.00999773
0.00999773
0.00999773
0.00999773
0.00999773
0.00999773
0.00999773
0.00999774
0.00999774
0.00999774
0.00999773
0.00999773
0.00999773
0.00999773
0.00999773
0.00999773
0.00999773
0.00999773
0.00999773
0.00999773
0.00999773
0.00999773
0.00999773
0.00999773
0.00999773
0.00999773
0.00999773
0.00999773
0.00999773
0.00999772
0.00999772
0.00999771
0.00999772
0.00999773
0.00999777
0.00999786
0.009998
0.0099982
0.00999857
0.0100001
0.0100033
0.0100096
0.0100129
0.0100025
0.00999963
0.00999849
0.00999815
0.00999806
0.00999804
0.00999804
0.00999804
0.00999804
0.00999804
0.00999804
0.00999805
0.00999805
0.00999805
0.00999804
0.00999804
0.00999804
0.00999804
0.00999804
0.00999804
0.00999804
0.00999803
0.00999803
0.00999803
0.00999802
0.00999802
0.00999802
0.00999802
0.00999801
0.00999801
0.00999801
0.00999801
0.009998
0.009998
0.009998
0.00999799
0.00999799
0.00999799
0.00999798
0.00999798
0.00999798
0.00999798
0.00999797
0.00999797
0.00999797
0.00999797
0.00999796
0.00999796
0.00999796
0.00999795
0.00999795
0.00999795
0.00999795
0.00999795
0.00999795
0.00999794
0.00999794
0.00999794
0.00999794
0.00999794
0.00999794
0.00999793
0.00999793
0.00999793
0.00999793
0.00999793
0.00999793
0.00999793
0.00999793
0.00999793
0.00999793
0.00999792
0.00999792
0.00999792
0.00999792
0.00999792
0.00999791
0.00999791
0.00999791
0.00999791
0.00999791
0.0099979
0.0099979
0.0099979
0.0099979
0.00999789
0.00999789
0.00999789
0.00999789
0.00999788
0.00999788
0.00999788
0.00999788
0.00999787
0.00999787
0.00999787
0.00999786
0.00999786
0.00999786
0.00999786
0.00999785
0.00999785
0.00999785
0.00999785
0.00999785
0.00999785
0.00999785
0.00999784
0.00999784
0.00999784
0.00999784
0.00999784
0.00999783
0.00999783
0.00999783
0.00999783
0.00999783
0.00999783
0.00999783
0.00999782
0.00999782
0.00999782
0.00999782
0.00999782
0.00999782
0.00999782
0.00999781
0.00999781
0.00999781
0.00999781
0.00999781
0.00999781
0.00999781
0.00999781
0.00999781
0.00999781
0.00999781
0.00999781
0.00999781
0.00999781
0.00999781
0.00999781
0.0099978
0.0099978
0.0099978
0.0099978
0.0099978
0.0099978
0.0099978
0.00999781
0.00999781
0.00999781
0.00999781
0.00999781
0.00999781
0.00999781
0.00999781
0.00999781
0.00999781
0.00999781
0.00999781
0.00999782
0.00999783
0.00999784
0.00999785
0.00999785
0.00999786
0.00999786
0.00999786
0.00999786
0.00999787
0.00999787
0.00999787
0.00999788
0.00999789
0.0099979
0.00999791
0.00999791
0.00999792
0.00999792
0.00999793
0.00999795
0.00999796
0.00999797
0.00999798
0.00999799
0.00999799
0.009998
0.00999801
0.00999804
0.00999809
0.00999818
0.00999848
0.0099993
0.0100008
0.0100028
0.0100058
0.0100109
0.0100186
0.0100212
0.0100027
0.00999975
0.00999854
0.00999818
0.00999808
0.00999806
0.00999806
0.00999806
0.00999806
0.00999805
0.00999805
0.00999805
0.00999805
0.00999805
0.00999805
0.00999805
0.00999805
0.00999805
0.00999805
0.00999805
0.00999805
0.00999804
0.00999804
0.00999804
0.00999804
0.00999804
0.00999803
0.00999803
0.00999803
0.00999803
0.00999803
0.00999803
0.00999803
0.00999803
0.00999802
0.00999802
0.00999802
0.00999802
0.00999802
0.00999802
0.00999802
0.00999802
0.00999802
0.00999802
0.00999802
0.00999802
0.00999801
0.00999801
0.00999801
0.00999801
0.00999801
0.00999801
0.00999801
0.00999801
0.00999801
0.00999801
0.00999801
0.00999801
0.00999801
0.00999801
0.00999801
0.00999801
0.00999801
0.00999802
0.00999802
0.00999802
0.00999802
0.00999803
0.00999803
0.00999803
0.00999803
0.00999803
0.00999803
0.00999804
0.00999804
0.00999804
0.00999804
0.00999804
0.00999804
0.00999804
0.00999804
0.00999804
0.00999804
0.00999805
0.00999804
0.00999804
0.00999804
0.00999804
0.00999804
0.00999804
0.00999804
0.00999804
0.00999804
0.00999804
0.00999804
0.00999804
0.00999804
0.00999803
0.00999803
0.00999803
0.00999803
0.00999804
0.00999804
0.00999804
0.00999804
0.00999805
0.00999805
0.00999805
0.00999805
0.00999806
0.00999806
0.00999806
0.00999806
0.00999807
0.00999807
0.00999807
0.00999807
0.00999807
0.00999807
0.00999808
0.00999808
0.00999808
0.00999808
0.00999808
0.00999808
0.00999808
0.00999809
0.00999809
0.0099981
0.0099981
0.00999811
0.00999811
0.00999812
0.00999812
0.00999813
0.00999814
0.00999814
0.00999815
0.00999816
0.00999817
0.00999817
0.00999817
0.00999818
0.00999818
0.00999818
0.00999818
0.00999819
0.0099982
0.00999821
0.00999823
0.00999824
0.00999826
0.00999827
0.00999829
0.00999831
0.00999832
0.00999835
0.00999838
0.0099984
0.00999842
0.00999844
0.00999846
0.00999848
0.00999851
0.00999853
0.00999854
0.00999856
0.00999859
0.00999862
0.00999865
0.00999868
0.00999871
0.00999874
0.00999877
0.00999879
0.00999881
0.00999882
0.00999883
0.00999884
0.00999886
0.00999889
0.00999892
0.00999895
0.00999899
0.00999902
0.00999905
0.00999908
0.00999911
0.00999918
0.00999925
0.00999932
0.00999961
0.0100009
0.0100031
0.0100057
0.0100095
0.0100138
0.0100213
0.0100289
0.0100288
0.010003
0.00999993
0.00999862
0.00999823
0.00999813
0.00999811
0.0099981
0.00999809
0.00999809
0.00999809
0.00999808
0.00999808
0.00999808
0.00999809
0.00999809
0.00999809
0.00999809
0.0099981
0.0099981
0.0099981
0.0099981
0.00999811
0.00999811
0.00999811
0.00999811
0.00999812
0.00999812
0.00999813
0.00999813
0.00999814
0.00999815
0.00999815
0.00999816
0.00999817
0.00999817
0.00999818
0.00999818
0.00999819
0.00999819
0.0099982
0.00999821
0.00999822
0.00999824
0.00999825
0.00999826
0.00999827
0.00999828
0.00999829
0.00999829
0.0099983
0.00999831
0.00999832
0.00999833
0.00999834
0.00999835
0.00999836
0.00999837
0.00999839
0.0099984
0.00999841
0.00999842
0.00999843
0.00999844
0.00999845
0.00999847
0.00999848
0.0099985
0.00999852
0.00999853
0.00999855
0.00999856
0.00999857
0.00999858
0.0099986
0.00999861
0.00999863
0.00999864
0.00999866
0.00999867
0.00999869
0.0099987
0.00999872
0.00999873
0.00999874
0.00999875
0.00999876
0.00999877
0.00999878
0.00999879
0.0099988
0.00999881
0.00999882
0.00999883
0.00999884
0.00999884
0.00999885
0.00999886
0.00999887
0.00999888
0.00999889
0.0099989
0.00999892
0.00999893
0.00999895
0.00999897
0.00999899
0.00999901
0.00999903
0.00999905
0.00999908
0.0099991
0.00999912
0.00999914
0.00999916
0.00999917
0.00999919
0.0099992
0.00999922
0.00999923
0.00999925
0.00999927
0.00999929
0.0099993
0.00999932
0.00999934
0.00999936
0.00999939
0.00999941
0.00999944
0.00999946
0.00999949
0.00999953
0.00999957
0.00999963
0.00999968
0.00999974
0.00999979
0.00999985
0.00999992
0.00999998
0.01
0.0100001
0.0100002
0.0100002
0.0100002
0.0100003
0.0100003
0.0100004
0.0100005
0.0100006
0.0100007
0.0100009
0.010001
0.0100012
0.0100015
0.0100018
0.0100021
0.0100025
0.0100028
0.010003
0.0100031
0.0100032
0.0100033
0.0100033
0.0100033
0.0100033
0.0100034
0.0100036
0.0100038
0.010004
0.0100041
0.0100043
0.0100045
0.0100046
0.0100047
0.0100047
0.0100047
0.0100047
0.0100048
0.0100048
0.0100048
0.0100049
0.0100049
0.010005
0.010005
0.010005
0.010005
0.010005
0.0100049
0.0100048
0.0100048
0.0100052
0.0100075
0.0100102
0.0100151
0.0100203
0.0100244
0.0100383
0.0100443
0.0100386
0.0100034
0.0100003
0.0099988
0.00999837
0.00999825
0.00999822
0.0099982
0.00999819
0.00999819
0.00999819
0.0099982
0.00999821
0.00999822
0.00999824
0.00999826
0.00999827
0.00999829
0.0099983
0.00999832
0.00999833
0.00999835
0.00999837
0.0099984
0.00999842
0.00999844
0.00999847
0.0099985
0.00999853
0.00999857
0.00999861
0.00999864
0.00999868
0.00999871
0.00999875
0.00999878
0.00999882
0.00999885
0.00999889
0.00999892
0.00999897
0.00999901
0.00999907
0.00999914
0.0099992
0.00999924
0.00999929
0.00999934
0.00999939
0.00999944
0.00999949
0.00999955
0.00999962
0.00999968
0.00999975
0.00999981
0.00999987
0.00999994
0.01
0.0100001
0.0100001
0.0100002
0.0100003
0.0100003
0.0100004
0.0100005
0.0100005
0.0100006
0.0100007
0.0100008
0.0100009
0.0100009
0.010001
0.0100011
0.0100012
0.0100013
0.0100014
0.0100015
0.0100016
0.0100017
0.0100018
0.0100019
0.010002
0.0100021
0.0100022
0.0100023
0.0100024
0.0100025
0.0100026
0.0100026
0.0100027
0.0100028
0.0100028
0.0100029
0.010003
0.010003
0.0100031
0.0100032
0.0100032
0.0100033
0.0100033
0.0100034
0.0100035
0.0100036
0.0100036
0.0100037
0.0100038
0.0100039
0.010004
0.0100041
0.0100042
0.0100043
0.0100044
0.0100045
0.0100046
0.0100047
0.0100048
0.0100049
0.010005
0.0100051
0.0100051
0.0100052
0.0100053
0.0100054
0.0100055
0.0100056
0.0100057
0.0100057
0.0100058
0.0100059
0.010006
0.0100061
0.0100062
0.0100063
0.0100065
0.0100066
0.0100068
0.0100069
0.010007
0.0100072
0.0100073
0.0100074
0.0100076
0.0100077
0.0100078
0.0100079
0.010008
0.0100081
0.0100082
0.0100083
0.0100084
0.0100085
0.0100086
0.0100088
0.0100091
0.0100094
0.0100096
0.0100098
0.01001
0.0100103
0.0100104
0.0100106
0.0100108
0.010011
0.0100111
0.0100113
0.0100115
0.0100118
0.0100121
0.0100124
0.0100127
0.010013
0.0100133
0.0100135
0.0100138
0.010014
0.0100143
0.0100146
0.0100149
0.0100151
0.0100154
0.0100157
0.010016
0.0100164
0.0100168
0.0100171
0.0100174
0.0100178
0.0100183
0.0100189
0.0100194
0.0100202
0.0100219
0.0100251
0.010029
0.0100334
0.0100346
0.0100428
0.010058
0.0100619
0.0100543
0.0100042
0.0100009
0.00999918
0.00999866
0.00999851
0.00999846
0.00999843
0.00999842
0.00999843
0.00999846
0.00999851
0.00999857
0.00999863
0.0099987
0.00999877
0.00999884
0.00999891
0.00999898
0.00999905
0.00999913
0.00999921
0.0099993
0.00999939
0.00999949
0.00999959
0.0099997
0.00999983
0.00999997
0.0100001
0.0100003
0.0100004
0.0100006
0.0100007
0.0100008
0.010001
0.0100011
0.0100013
0.0100014
0.0100016
0.0100017
0.0100019
0.010002
0.0100022
0.0100024
0.0100027
0.0100029
0.0100032
0.0100034
0.0100036
0.0100039
0.0100041
0.0100043
0.0100045
0.0100047
0.0100049
0.0100051
0.0100053
0.0100055
0.0100057
0.0100059
0.010006
0.0100062
0.0100064
0.0100065
0.0100067
0.0100069
0.0100072
0.0100074
0.0100077
0.0100079
0.0100082
0.0100085
0.0100088
0.0100091
0.0100093
0.0100096
0.0100099
0.0100102
0.0100105
0.0100108
0.0100111
0.0100114
0.0100117
0.010012
0.0100122
0.0100125
0.0100127
0.0100129
0.0100131
0.0100133
0.0100135
0.0100136
0.0100138
0.0100139
0.010014
0.0100141
0.0100142
0.0100143
0.0100144
0.0100145
0.0100146
0.0100147
0.0100149
0.0100151
0.0100152
0.0100154
0.0100156
0.0100158
0.010016
0.0100162
0.0100164
0.0100166
0.0100168
0.010017
0.0100172
0.0100173
0.0100175
0.0100177
0.0100179
0.0100181
0.0100182
0.0100184
0.0100186
0.0100187
0.0100189
0.010019
0.0100192
0.0100194
0.0100196
0.0100199
0.0100203
0.0100206
0.010021
0.0100214
0.0100218
0.0100222
0.0100226
0.0100229
0.0100233
0.0100236
0.010024
0.0100243
0.0100247
0.010025
0.0100253
0.0100256
0.0100259
0.0100261
0.0100264
0.0100268
0.0100271
0.0100275
0.0100279
0.0100283
0.0100287
0.0100291
0.0100295
0.0100299
0.0100303
0.0100306
0.010031
0.0100313
0.0100316
0.0100319
0.0100324
0.0100331
0.010034
0.010035
0.0100361
0.0100372
0.0100383
0.0100395
0.0100407
0.0100419
0.0100431
0.0100444
0.0100457
0.0100464
0.0100469
0.0100474
0.0100478
0.0100483
0.0100488
0.0100492
0.0100497
0.0100502
0.0100507
0.0100512
0.0100518
0.0100523
0.0100529
0.0100545
0.0100565
0.0100628
0.0100711
0.0100758
0.0100796
0.0100826
0.0100844
0.0100851
0.0100055
0.0100019
0.00999955
0.00999883
0.00999858
0.00999847
0.00999842
0.00999844
0.00999851
0.00999863
0.00999879
0.00999898
0.0099992
0.00999942
0.00999965
0.00999989
0.0100001
0.0100004
0.0100007
0.010001
0.0100013
0.0100016
0.010002
0.0100024
0.0100027
0.0100032
0.0100036
0.0100041
0.0100047
0.0100053
0.0100059
0.0100065
0.0100071
0.0100078
0.0100084
0.010009
0.0100097
0.0100103
0.010011
0.0100117
0.0100123
0.0100131
0.0100139
0.0100148
0.0100159
0.0100169
0.0100178
0.0100188
0.0100197
0.0100205
0.0100214
0.0100223
0.0100231
0.0100239
0.0100246
0.0100253
0.010026
0.0100268
0.0100275
0.0100281
0.0100288
0.0100294
0.01003
0.0100306
0.0100313
0.0100321
0.0100328
0.0100335
0.0100341
0.0100348
0.0100355
0.0100361
0.0100368
0.0100375
0.0100382
0.0100389
0.0100396
0.0100402
0.0100409
0.0100417
0.0100424
0.0100431
0.0100438
0.0100444
0.0100451
0.0100458
0.0100465
0.0100471
0.0100478
0.0100484
0.0100489
0.0100493
0.0100496
0.0100499
0.0100502
0.0100505
0.0100508
0.0100511
0.0100514
0.0100517
0.010052
0.0100524
0.0100528
0.0100532
0.0100536
0.010054
0.0100544
0.0100549
0.0100553
0.0100558
0.0100562
0.0100566
0.0100571
0.0100575
0.010058
0.0100584
0.0100588
0.0100592
0.0100597
0.0100601
0.0100605
0.0100609
0.0100613
0.0100617
0.010062
0.0100623
0.0100627
0.0100631
0.0100637
0.0100644
0.0100653
0.0100663
0.0100673
0.0100683
0.0100693
0.0100703
0.0100712
0.0100722
0.0100732
0.0100741
0.010075
0.0100759
0.0100768
0.0100777
0.0100785
0.0100793
0.0100801
0.0100806
0.010081
0.0100814
0.0100818
0.0100824
0.010083
0.0100837
0.0100843
0.0100849
0.0100855
0.0100861
0.0100867
0.0100872
0.0100877
0.0100882
0.0100887
0.0100892
0.0100898
0.0100903
0.0100909
0.0100915
0.0100921
0.0100927
0.0100932
0.0100937
0.0100942
0.0100947
0.0100952
0.0100957
0.0100962
0.0100967
0.0100971
0.0100976
0.0100981
0.0100986
0.0100991
0.0100996
0.0101001
0.0101006
0.0101012
0.0101018
0.0101024
0.0101031
0.0101039
0.0101048
0.0101059
0.0101073
0.0101088
0.0101103
0.0101118
0.0101129
0.0101137
0.0101163
0.0100062
0.0100011
0.00999736
0.00999579
0.00999499
0.00999458
0.00999446
0.00999457
0.00999484
0.00999523
0.00999574
0.00999633
0.00999702
0.00999779
0.00999864
0.00999957
0.0100006
0.0100016
0.0100028
0.010004
0.0100053
0.0100067
0.0100081
0.0100097
0.0100113
0.010013
0.0100148
0.0100168
0.010019
0.0100213
0.0100237
0.0100262
0.0100288
0.0100314
0.0100341
0.0100368
0.0100396
0.0100424
0.0100453
0.0100482
0.0100511
0.010054
0.010057
0.01006
0.0100631
0.010066
0.0100687
0.0100714
0.0100741
0.0100767
0.0100794
0.0100818
0.0100841
0.0100863
0.0100885
0.0100906
0.0100927
0.0100945
0.0100961
0.0100977
0.0100993
0.0101008
0.0101023
0.0101038
0.0101052
0.0101067
0.0101081
0.0101095
0.0101107
0.0101117
0.0101127
0.0101136
0.0101145
0.0101153
0.0101162
0.010117
0.0101178
0.0101185
0.0101193
0.0101201
0.0101208
0.0101215
0.0101221
0.0101228
0.0101235
0.0101241
0.0101247
0.0101253
0.0101259
0.0101265
0.010127
0.0101276
0.0101281
0.0101285
0.010129
0.0101295
0.0101299
0.0101304
0.0101308
0.0101313
0.0101318
0.0101323
0.0101328
0.0101333
0.0101338
0.0101343
0.0101348
0.0101352
0.0101357
0.0101362
0.0101366
0.0101371
0.0101375
0.010138
0.0101384
0.0101388
0.0101392
0.0101396
0.01014
0.0101404
0.0101408
0.0101412
0.0101416
0.010142
0.0101424
0.0101427
0.0101431
0.0101435
0.0101439
0.0101444
0.0101449
0.0101454
0.0101459
0.0101464
0.010147
0.0101475
0.010148
0.0101485
0.010149
0.0101494
0.0101499
0.0101504
0.0101508
0.0101513
0.0101517
0.0101522
0.0101526
0.0101531
0.0101535
0.010154
0.0101544
0.0101548
0.0101552
0.0101556
0.010156
0.0101564
0.0101567
0.0101571
0.0101575
0.0101578
0.0101582
0.0101586
0.010159
0.0101594
0.0101598
0.0101602
0.0101607
0.0101611
0.0101615
0.0101619
0.0101623
0.0101627
0.0101631
0.0101635
0.0101639
0.0101643
0.0101648
0.0101652
0.0101657
0.0101662
0.0101667
0.0101672
0.0101678
0.0101684
0.010169
0.0101697
0.0101704
0.0101712
0.0101722
0.0101733
0.0101746
0.0101762
0.0101779
0.0101797
0.0101814
0.0101828
0.0101836
0.0101835
0.0101828
0.0101857
0.0100012
0.00998867
0.0099776
0.0099707
0.00996638
0.00996389
0.00996283
0.00996282
0.00996346
0.00996448
0.00996579
0.00996734
0.00996912
0.00997115
0.00997352
0.00997612
0.00997893
0.00998195
0.00998519
0.00998864
0.00999227
0.00999607
0.01
0.0100042
0.0100085
0.010013
0.0100176
0.0100222
0.010027
0.0100319
0.0100368
0.010042
0.0100472
0.0100526
0.0100581
0.0100636
0.0100693
0.0100752
0.0100811
0.0100871
0.0100931
0.0100992
0.0101051
0.0101108
0.0101166
0.0101223
0.0101281
0.0101339
0.0101398
0.0101456
0.0101515
0.0101574
0.0101634
0.0101693
0.0101752
0.0101811
0.0101869
0.0101926
0.0101982
0.0102038
0.0102093
0.0102147
0.0102199
0.0102251
0.0102302
0.0102352
0.0102401
0.010245
0.0102499
0.0102548
0.0102597
0.0102645
0.0102691
0.0102736
0.010278
0.0102823
0.0102867
0.010291
0.0102953
0.0102995
0.0103035
0.0103073
0.010311
0.0103147
0.0103183
0.010322
0.0103256
0.0103292
0.0103328
0.010336
0.0103391
0.010342
0.0103449
0.0103478
0.0103507
0.0103536
0.0103564
0.0103592
0.0103621
0.0103649
0.0103675
0.0103697
0.0103719
0.010374
0.010376
0.010378
0.01038
0.010382
0.010384
0.010386
0.010388
0.01039
0.010392
0.0103939
0.0103959
0.0103979
0.0103998
0.0104018
0.0104038
0.0104055
0.010407
0.0104084
0.0104099
0.0104113
0.0104127
0.0104141
0.0104155
0.0104169
0.0104182
0.0104194
0.0104206
0.0104218
0.010423
0.0104242
0.0104254
0.0104266
0.0104278
0.010429
0.0104302
0.0104314
0.0104326
0.0104338
0.0104351
0.0104363
0.0104376
0.0104389
0.0104401
0.0104415
0.0104428
0.0104441
0.0104455
0.0104469
0.0104482
0.0104496
0.0104509
0.0104523
0.0104537
0.010455
0.0104564
0.0104578
0.0104592
0.0104607
0.0104622
0.0104637
0.0104653
0.010467
0.0104686
0.0104703
0.0104719
0.0104736
0.0104752
0.0104769
0.0104786
0.0104803
0.0104821
0.0104839
0.0104858
0.0104877
0.0104897
0.0104918
0.0104939
0.0104961
0.0104984
0.0105008
0.0105033
0.010506
0.0105089
0.0105121
0.0105156
0.0105196
0.0105242
0.0105292
0.0105346
0.01054
0.0105449
0.0105484
0.0105494
0.0105467
0.0105424
0.0105481
0.00995575
0.00989
0.0098286
0.00978041
0.00974687
0.00972627
0.0097152
0.00971038
0.00970912
0.00970959
0.00971111
0.00971322
0.00971581
0.00971889
0.00972153
0.00972415
0.00972722
0.00973087
0.00973514
0.00973939
0.00974401
0.00974909
0.00975463
0.0097606
0.00976697
0.0097737
0.00978067
0.00978776
0.00979494
0.0098022
0.00980952
0.00981685
0.00982417
0.00983151
0.00983886
0.00984615
0.00985347
0.00986084
0.0098682
0.00987549
0.00988279
0.00989014
0.00989754
0.00990497
0.00991243
0.00991992
0.0099274
0.00993488
0.00994234
0.0099498
0.00995727
0.00996477
0.00997229
0.00997984
0.00998741
0.00999501
0.0100026
0.0100102
0.0100178
0.0100255
0.0100331
0.0100408
0.0100485
0.0100562
0.0100639
0.0100716
0.0100794
0.0100872
0.010095
0.0101029
0.0101108
0.0101188
0.0101267
0.0101348
0.0101428
0.010151
0.0101591
0.0101673
0.0101756
0.0101839
0.0101922
0.0102006
0.010209
0.0102175
0.010226
0.0102346
0.0102432
0.0102519
0.0102605
0.010269
0.0102776
0.0102862
0.0102948
0.0103034
0.0103121
0.0103208
0.0103295
0.0103382
0.010347
0.0103557
0.0103643
0.0103727
0.0103809
0.010389
0.010397
0.0104049
0.0104129
0.0104209
0.0104289
0.010437
0.0104451
0.0104533
0.0104615
0.0104698
0.0104782
0.0104866
0.010495
0.0105035
0.0105121
0.0105207
0.0105294
0.0105381
0.0105469
0.0105557
0.0105645
0.0105734
0.0105824
0.0105914
0.0106004
0.0106095
0.0106187
0.0106279
0.0106371
0.0106464
0.0106556
0.010665
0.0106743
0.0106838
0.0106932
0.0107028
0.0107124
0.0107221
0.0107318
0.0107417
0.0107516
0.0107616
0.0107717
0.0107819
0.0107921
0.0108023
0.0108126
0.010823
0.0108335
0.0108441
0.0108549
0.0108659
0.0108769
0.0108882
0.0108995
0.010911
0.0109226
0.0109343
0.0109461
0.0109579
0.0109697
0.0109816
0.0109937
0.011006
0.0110185
0.0110312
0.0110442
0.0110574
0.0110708
0.0110843
0.0110981
0.011112
0.0111261
0.0111404
0.011155
0.0111699
0.011185
0.0112004
0.0112162
0.0112322
0.0112485
0.0112652
0.011282
0.011299
0.0113162
0.0113335
0.0113509
0.0113686
0.0113866
0.0114049
0.0114234
0.0114427
0.0114612
0.0114818
0.011509
0.0115336
0.00944919
0.00887909
0.00844124
0.00812946
0.0079248
0.00780043
0.00772988
0.00769211
0.00767272
0.00766295
0.00765792
0.00765511
0.00765329
0.0076519
0.00765068
0.00764953
0.0076484
0.0076473
0.00764623
0.00764517
0.00764413
0.00764312
0.00764213
0.00764117
0.00764024
0.00763932
0.0076384
0.00763749
0.00763657
0.00763567
0.00763476
0.00763367
0.00763212
0.00763019
0.00762797
0.0076253
0.00762235
0.00761926
0.00761594
0.00761226
0.00760854
0.00760488
0.00760129
0.00759779
0.00759437
0.00759103
0.00758768
0.0075843
0.00758087
0.00757742
0.00757397
0.00757055
0.00756716
0.00756382
0.00756054
0.0075573
0.00755412
0.00755097
0.00754788
0.00754482
0.0075418
0.00753882
0.00753587
0.00753295
0.00753005
0.00752718
0.00752434
0.00752151
0.0075187
0.0075159
0.00751313
0.00751037
0.00750763
0.00750491
0.0075022
0.00749951
0.00749684
0.00749419
0.00749155
0.00748893
0.00748632
0.00748373
0.00748115
0.00747858
0.00747603
0.00747348
0.00747092
0.00746833
0.00746568
0.00746299
0.00746026
0.0074575
0.00745474
0.00745197
0.00744921
0.00744645
0.0074437
0.00744097
0.00743826
0.00743558
0.00743295
0.00743037
0.00742781
0.00742528
0.00742276
0.00742025
0.00741774
0.00741523
0.00741272
0.00741022
0.00740771
0.0074052
0.00740269
0.00740018
0.00739767
0.00739515
0.00739264
0.00739012
0.0073876
0.00738508
0.00738256
0.00738003
0.0073775
0.00737497
0.00737244
0.00736991
0.00736737
0.00736484
0.00736231
0.00735979
0.00735727
0.00735476
0.00735225
0.00734975
0.00734725
0.00734474
0.00734222
0.00733971
0.00733719
0.00733466
0.00733213
0.00732959
0.00732705
0.00732449
0.0073219
0.00731928
0.00731659
0.00731385
0.00731106
0.00730822
0.00730534
0.00730242
0.00729945
0.00729644
0.00729335
0.00729021
0.00728703
0.00728382
0.00728056
0.00727728
0.00727397
0.00727063
0.00726726
0.00726385
0.00726038
0.00725685
0.00725325
0.00724959
0.00724587
0.0072421
0.00723829
0.00723444
0.00723056
0.00722664
0.00722266
0.00721862
0.00721449
0.00721028
0.00720598
0.00720159
0.0071971
0.00719251
0.00718781
0.00718298
0.00717801
0.00717287
0.00716753
0.00716193
0.00715601
0.00714976
0.00714308
0.00713589
0.0071282
0.00712003
0.00711151
0.00710289
0.00709473
0.00708764
0.00708681
0.00710158
)
;

boundaryField
{
    walls
    {
        type            kqRWallFunction;
        value           nonuniform List<scalar> 
400
(
0.00964132
0.00902676
0.008545
0.00819744
0.0079678
0.00782795
0.00774864
0.0077063
0.00768474
0.0076741
0.00766889
0.00766613
0.00766422
0.00766246
0.00766062
0.00765879
0.00765702
0.0076553
0.00765362
0.00765199
0.00765041
0.00764891
0.0076475
0.00764618
0.00764494
0.00764377
0.00764267
0.00764163
0.00764062
0.00763945
0.00763771
0.00763552
0.00763276
0.00762964
0.00762634
0.00762272
0.00761881
0.00761496
0.00761127
0.00760771
0.00760427
0.00760093
0.00759767
0.00759449
0.00759136
0.00758824
0.00758509
0.00758188
0.00757862
0.00757534
0.00757206
0.0075688
0.00756557
0.00756238
0.00755923
0.00755611
0.00755304
0.00755001
0.00754702
0.00754405
0.00754111
0.00753819
0.0075353
0.00753242
0.00752957
0.00752674
0.00752393
0.00752115
0.00751838
0.00751564
0.00751291
0.00751021
0.00750753
0.00750487
0.00750223
0.00749961
0.00749701
0.00749443
0.00749186
0.00748931
0.00748677
0.00748425
0.00748174
0.00747924
0.00747674
0.00747426
0.00747176
0.00746922
0.00746663
0.00746398
0.00746129
0.00745858
0.00745585
0.00745311
0.00745038
0.00744765
0.00744492
0.00744221
0.0074395
0.00743679
0.00743408
0.00743139
0.00742869
0.007426
0.00742332
0.00742066
0.00741802
0.00741541
0.00741285
0.00741033
0.00740785
0.0074054
0.00740296
0.00740053
0.0073981
0.00739568
0.00739326
0.00739084
0.00738841
0.00738599
0.00738356
0.00738113
0.0073787
0.00737626
0.00737382
0.00737139
0.00736894
0.0073665
0.00736405
0.00736161
0.00735915
0.0073567
0.00735424
0.00735177
0.00734929
0.0073468
0.00734429
0.00734177
0.00733924
0.0073367
0.00733416
0.00733163
0.00732911
0.0073266
0.00732408
0.00732155
0.00731899
0.00731639
0.00731376
0.00731112
0.00730847
0.00730581
0.00730316
0.0073005
0.00729784
0.00729515
0.00729245
0.00728975
0.00728704
0.00728432
0.0072816
0.00727889
0.00727619
0.00727351
0.00727085
0.0072682
0.00726558
0.00726299
0.00726042
0.00725789
0.00725539
0.00725293
0.00725052
0.00724817
0.00724588
0.00724368
0.00724157
0.00723954
0.00723758
0.0072357
0.00723389
0.00723214
0.00723047
0.00722886
0.0072273
0.0072258
0.00722434
0.00722289
0.00722142
0.00721988
0.00721819
0.00721628
0.00721407
0.00721158
0.00720891
0.00720633
0.00720445
0.00720451
0.00720781
0.00721448
0.00944919
0.00887909
0.00844124
0.00812946
0.0079248
0.00780043
0.00772988
0.00769211
0.00767272
0.00766295
0.00765792
0.00765511
0.00765329
0.0076519
0.00765068
0.00764953
0.0076484
0.0076473
0.00764623
0.00764517
0.00764413
0.00764312
0.00764213
0.00764117
0.00764024
0.00763932
0.0076384
0.00763749
0.00763657
0.00763567
0.00763476
0.00763367
0.00763212
0.00763019
0.00762797
0.0076253
0.00762235
0.00761926
0.00761594
0.00761226
0.00760854
0.00760488
0.00760129
0.00759779
0.00759437
0.00759103
0.00758768
0.0075843
0.00758087
0.00757742
0.00757397
0.00757055
0.00756716
0.00756382
0.00756054
0.0075573
0.00755412
0.00755097
0.00754788
0.00754482
0.0075418
0.00753882
0.00753587
0.00753295
0.00753005
0.00752718
0.00752434
0.00752151
0.0075187
0.0075159
0.00751313
0.00751037
0.00750763
0.00750491
0.0075022
0.00749951
0.00749684
0.00749419
0.00749155
0.00748893
0.00748632
0.00748373
0.00748115
0.00747858
0.00747603
0.00747348
0.00747092
0.00746833
0.00746568
0.00746299
0.00746026
0.0074575
0.00745474
0.00745197
0.00744921
0.00744645
0.0074437
0.00744097
0.00743826
0.00743558
0.00743295
0.00743037
0.00742781
0.00742528
0.00742276
0.00742025
0.00741774
0.00741523
0.00741272
0.00741022
0.00740771
0.0074052
0.00740269
0.00740018
0.00739767
0.00739515
0.00739264
0.00739012
0.0073876
0.00738508
0.00738256
0.00738003
0.0073775
0.00737497
0.00737244
0.00736991
0.00736737
0.00736484
0.00736231
0.00735979
0.00735727
0.00735476
0.00735225
0.00734975
0.00734725
0.00734474
0.00734222
0.00733971
0.00733719
0.00733466
0.00733213
0.00732959
0.00732705
0.00732449
0.0073219
0.00731928
0.00731659
0.00731385
0.00731106
0.00730822
0.00730534
0.00730242
0.00729945
0.00729644
0.00729335
0.00729021
0.00728703
0.00728382
0.00728056
0.00727728
0.00727397
0.00727063
0.00726726
0.00726385
0.00726038
0.00725685
0.00725325
0.00724959
0.00724587
0.0072421
0.00723829
0.00723444
0.00723056
0.00722664
0.00722266
0.00721862
0.00721449
0.00721028
0.00720598
0.00720159
0.0071971
0.00719251
0.00718781
0.00718298
0.00717801
0.00717287
0.00716753
0.00716193
0.00715601
0.00714976
0.00714308
0.00713589
0.0071282
0.00712003
0.00711151
0.00710289
0.00709473
0.00708764
0.00708681
0.00710158
)
;
    }
    inlet
    {
        type            fixedValue;
        value           uniform 0.01;
    }
    outlet
    {
        type            freestream;
        freestreamValue uniform 0.01;
        value           nonuniform List<scalar> 
20
(
0.00721448
0.0112387
0.0104856
0.0101671
0.0100987
0.0100562
0.0100297
0.0100159
0.0100083
0.0100129
0.0100212
0.0100288
0.0100386
0.0100543
0.0100851
0.0101163
0.0101857
0.0105481
0.0115336
0.00710158
)
;
    }
    frontAndBack
    {
        type            empty;
    }
}


// ************************************************************************* //
