/*--------------------------------*- C++ -*----------------------------------*\
| =========                 |                                                 |
| \\      /  F ield         | OpenFOAM: The Open Source CFD Toolbox           |
|  \\    /   O peration     | Version:  5.x                                   |
|   \\  /    A nd           | Web:      www.OpenFOAM.org                      |
|    \\/     M anipulation  |                                                 |
\*---------------------------------------------------------------------------*/
/*   Windows 32 and 64 bit porting by blueCAPE: http://www.bluecape.com.pt   *\
|  Based on Windows porting (2.0.x v4) by Symscape: http://www.symscape.com   |
\*---------------------------------------------------------------------------*/
FoamFile
{
    version     2.0;
    format      ascii;
    class       labelList;
    note        "nPoints:520  nCells:320  nFaces:1132  nInternalFaces:788";
    location    "constant/polyMesh";
    object      neighbour;
}
// * * * * * * * * * * * * * * * * * * * * * * * * * * * * * * * * * * * * * //


788
(
1
10
40
2
11
41
3
12
42
4
13
43
5
14
44
6
15
45
7
16
46
8
17
47
9
18
48
19
49
11
20
50
12
21
51
13
22
52
14
23
53
15
24
54
16
25
55
17
26
56
18
27
57
19
28
58
29
59
21
30
60
22
31
61
23
32
62
24
33
63
25
34
64
26
35
65
27
36
66
28
37
67
29
38
68
39
69
31
70
32
71
33
72
34
73
35
74
36
75
160
37
76
161
38
77
162
39
78
163
79
164
41
50
80
42
51
81
43
52
82
44
53
83
45
54
84
46
55
85
47
56
86
48
57
87
49
58
88
59
89
51
60
90
52
61
91
53
62
92
54
63
93
55
64
94
56
65
95
57
66
96
58
67
97
59
68
98
69
99
61
70
100
62
71
101
63
72
102
64
73
103
65
74
104
66
75
105
67
76
106
68
77
107
69
78
108
79
109
71
110
72
111
73
112
74
113
75
114
76
115
200
77
116
201
78
117
202
79
118
203
119
204
81
90
120
82
91
121
83
92
122
84
93
123
85
94
124
86
95
125
87
96
126
88
97
127
89
98
128
99
129
91
100
130
92
101
131
93
102
132
94
103
133
95
104
134
96
105
135
97
106
136
98
107
137
99
108
138
109
139
101
110
140
102
111
141
103
112
142
104
113
143
105
114
144
106
115
145
107
116
146
108
117
147
109
118
148
119
149
111
150
112
151
113
152
114
153
115
154
116
155
240
117
156
241
118
157
242
119
158
243
159
244
121
130
122
131
123
132
124
133
125
134
126
135
127
136
128
137
129
138
139
131
140
132
141
133
142
134
143
135
144
136
145
137
146
138
147
139
148
149
141
150
142
151
143
152
144
153
145
154
146
155
147
156
148
157
149
158
159
151
152
153
154
155
156
280
157
281
158
282
159
283
284
161
170
200
162
171
201
163
172
202
164
173
203
165
174
204
166
175
205
167
176
206
168
177
207
169
178
208
179
209
171
180
210
172
181
211
173
182
212
174
183
213
175
184
214
176
185
215
177
186
216
178
187
217
179
188
218
189
219
181
190
220
182
191
221
183
192
222
184
193
223
185
194
224
186
195
225
187
196
226
188
197
227
189
198
228
199
229
191
230
192
231
193
232
194
233
195
234
196
235
197
236
198
237
199
238
239
201
210
240
202
211
241
203
212
242
204
213
243
205
214
244
206
215
245
207
216
246
208
217
247
209
218
248
219
249
211
220
250
212
221
251
213
222
252
214
223
253
215
224
254
216
225
255
217
226
256
218
227
257
219
228
258
229
259
221
230
260
222
231
261
223
232
262
224
233
263
225
234
264
226
235
265
227
236
266
228
237
267
229
238
268
239
269
231
270
232
271
233
272
234
273
235
274
236
275
237
276
238
277
239
278
279
241
250
280
242
251
281
243
252
282
244
253
283
245
254
284
246
255
285
247
256
286
248
257
287
249
258
288
259
289
251
260
290
252
261
291
253
262
292
254
263
293
255
264
294
256
265
295
257
266
296
258
267
297
259
268
298
269
299
261
270
300
262
271
301
263
272
302
264
273
303
265
274
304
266
275
305
267
276
306
268
277
307
269
278
308
279
309
271
310
272
311
273
312
274
313
275
314
276
315
277
316
278
317
279
318
319
281
290
282
291
283
292
284
293
285
294
286
295
287
296
288
297
289
298
299
291
300
292
301
293
302
294
303
295
304
296
305
297
306
298
307
299
308
309
301
310
302
311
303
312
304
313
305
314
306
315
307
316
308
317
309
318
319
311
312
313
314
315
316
317
318
319
)


// ************************************************************************* //
