/*--------------------------------*- C++ -*----------------------------------*\
| =========                 |                                                 |
| \\      /  F ield         | OpenFOAM: The Open Source CFD Toolbox           |
|  \\    /   O peration     | Version:  5.x                                   |
|   \\  /    A nd           | Web:      www.OpenFOAM.org                      |
|    \\/     M anipulation  |                                                 |
\*---------------------------------------------------------------------------*/
/*   Windows 32 and 64 bit porting by blueCAPE: http://www.bluecape.com.pt   *\
|  Based on Windows porting (2.0.x v4) by Symscape: http://www.symscape.com   |
\*---------------------------------------------------------------------------*/
FoamFile
{
    version     2.0;
    format      ascii;
    class       volScalarField;
    location    "2672";
    object      p;
}
// * * * * * * * * * * * * * * * * * * * * * * * * * * * * * * * * * * * * * //

dimensions      [0 2 -2 0 0 0 0];

internalField   nonuniform List<scalar> 
4000
(
0.0259145
0.0204496
0.0176918
0.0161323
0.014877
0.0138605
0.0130589
0.0123905
0.0118267
0.0113352
0.0108956
0.0105009
0.0101479
0.00983074
0.00954413
0.00928197
0.00903917
0.00881322
0.00860256
0.00840507
0.00821867
0.00804251
0.00787523
0.00771541
0.00756199
0.00741408
0.00727099
0.00713199
0.00699637
0.00686375
0.00673373
0.00660591
0.00647995
0.00635557
0.0062326
0.00611089
0.00599037
0.00587098
0.00575267
0.00563534
0.00551888
0.00540316
0.00528813
0.00517373
0.00505997
0.0049472
0.00483481
0.00472205
0.00460932
0.00449689
0.00438487
0.00427331
0.00416225
0.00405171
0.00394169
0.0038322
0.00372326
0.00361489
0.00350714
0.00340006
0.00329371
0.00318811
0.00308333
0.00297939
0.00287634
0.0027742
0.00267305
0.00257293
0.00247385
0.00237587
0.00227905
0.00218347
0.00208924
0.00199651
0.00190547
0.00181649
0.00173005
0.00164735
0.00156934
0.00149114
0.00140888
0.00132488
0.00124058
0.00115626
0.0010721
0.000988312
0.000905016
0.000822295
0.000740218
0.000658842
0.000578218
0.000498388
0.000419392
0.000341268
0.000264052
0.000187778
0.000112482
3.82047e-005
-3.5031e-005
-0.000107176
-0.000178264
-0.000248377
-0.00031745
-0.000385423
-0.000452272
-0.000517978
-0.000582513
-0.000645855
-0.000707983
-0.000768878
-0.000828521
-0.000886895
-0.00094398
-0.000999762
-0.00105422
-0.00110735
-0.00115912
-0.00120953
-0.00125855
-0.00130618
-0.0013524
-0.0013972
-0.00144056
-0.00148247
-0.00152291
-0.00156189
-0.00159937
-0.00163536
-0.00166985
-0.00170281
-0.00173424
-0.00176414
-0.00179249
-0.00181929
-0.00184452
-0.00186818
-0.00189027
-0.00191077
-0.00192969
-0.001947
-0.00196272
-0.00197684
-0.00198934
-0.00200024
-0.00200952
-0.00201719
-0.00202324
-0.00202766
-0.00203047
-0.00203165
-0.00203122
-0.00202916
-0.00202548
-0.00202018
-0.00201325
-0.00200472
-0.00199457
-0.0019828
-0.00196943
-0.00195446
-0.00193788
-0.00191971
-0.00189996
-0.00187861
-0.00185569
-0.0018312
-0.00180511
-0.00177747
-0.00174829
-0.00171756
-0.0016853
-0.00165151
-0.0016162
-0.00157938
-0.00154105
-0.00150123
-0.00145991
-0.00141711
-0.00137282
-0.00132706
-0.00127983
-0.00123112
-0.00118093
-0.00112926
-0.00107609
-0.00102141
-0.000965197
-0.000907413
-0.000848002
-0.00078694
-0.000724055
-0.000659482
-0.000592501
-0.000524425
-0.000451451
-0.000382142
-0.000295097
-0.000240866
-9.5932e-005
-0.000164653
0.0181339
0.0175473
0.0165765
0.0156107
0.0146776
0.0138497
0.0131437
0.0125375
0.0119961
0.0115041
0.0110578
0.010654
0.0102948
0.00997189
0.00968043
0.00941371
0.0091656
0.00893494
0.00872038
0.00851909
0.00832907
0.00814976
0.0079791
0.00781585
0.00765922
0.00750834
0.00736263
0.00722116
0.00708318
0.00694852
0.0068168
0.00668755
0.00656032
0.00643481
0.00631084
0.00618823
0.0060669
0.00594684
0.00582797
0.0057102
0.00559332
0.00547716
0.0053616
0.00524636
0.00513116
0.00501563
0.00490041
0.00478629
0.00467305
0.00456049
0.00444856
0.00433724
0.00422651
0.00411636
0.00400677
0.0038977
0.00378918
0.00368123
0.0035739
0.00346725
0.00336132
0.00325615
0.0031518
0.00304829
0.00294565
0.00284394
0.00274317
0.00264339
0.00254466
0.00244702
0.00235053
0.00225523
0.0021612
0.00206852
0.00197725
0.00188742
0.00179889
0.00171095
0.00162256
0.00153489
0.00144901
0.00136402
0.00127949
0.00119535
0.00111162
0.00102835
0.000945595
0.000863415
0.000781866
0.000700998
0.000620858
0.000541487
0.000462923
0.000385206
0.000308369
0.000232451
0.000157489
8.35449e-005
1.06529e-005
-6.09265e-005
-0.00013139
-0.000201138
-0.000269978
-0.000337766
-0.000404462
-0.000470032
-0.000534441
-0.000597663
-0.000659676
-0.00072046
-0.000779997
-0.000838269
-0.000895258
-0.000950948
-0.00100532
-0.00105836
-0.00111006
-0.0011604
-0.00120935
-0.00125692
-0.00130308
-0.00134783
-0.00139114
-0.001433
-0.00147341
-0.00151235
-0.00154981
-0.00158577
-0.00162023
-0.00165318
-0.0016846
-0.00171449
-0.00174284
-0.00176963
-0.00179487
-0.00181854
-0.00184063
-0.00186115
-0.00188008
-0.00189742
-0.00191317
-0.00192731
-0.00193985
-0.00195078
-0.00196011
-0.00196782
-0.00197391
-0.00197839
-0.00198126
-0.0019825
-0.00198213
-0.00198014
-0.00197653
-0.0019713
-0.00196446
-0.001956
-0.00194593
-0.00193426
-0.00192098
-0.0019061
-0.00188962
-0.00187156
-0.0018519
-0.00183067
-0.00180786
-0.00178348
-0.00175755
-0.00173006
-0.00170101
-0.00167043
-0.00163831
-0.00160466
-0.00156949
-0.00153282
-0.00149464
-0.00145497
-0.00141381
-0.00137118
-0.00132706
-0.00128148
-0.00123442
-0.00118591
-0.00113592
-0.00108446
-0.00103152
-0.000977081
-0.000921125
-0.000863628
-0.000804531
-0.000743828
-0.000681322
-0.000617244
-0.000550637
-0.000483495
-0.000410199
-0.000344204
-0.000249997
-0.000216225
-4.94106e-005
-0.000199429
0.015692
0.0162264
0.0155401
0.0147993
0.0140786
0.0134066
0.0127852
0.0122453
0.0117596
0.0113105
0.0108951
0.0105199
0.0101833
0.00988307
0.00961143
0.00935606
0.00911488
0.0088911
0.00868465
0.0084894
0.00830332
0.00813048
0.00796598
0.00780807
0.00765616
0.00750956
0.00736788
0.00722985
0.00709471
0.00696256
0.00683282
0.00670513
0.00657899
0.00645421
0.00633074
0.00620838
0.00608721
0.00596741
0.00584888
0.00573148
0.00561495
0.00549928
0.00538454
0.00527008
0.00515554
0.00504133
0.00492776
0.00481483
0.0047023
0.00459018
0.00447853
0.0043674
0.00425682
0.00414679
0.00403726
0.0039282
0.00381963
0.00371162
0.00360424
0.00349755
0.00339163
0.00328651
0.00318223
0.00307883
0.00297635
0.00287481
0.00277423
0.00267466
0.00257615
0.00247872
0.00238241
0.00228726
0.00219329
0.00210053
0.00200897
0.00191854
0.00182903
0.00173976
0.00164987
0.00156116
0.0014749
0.00138961
0.00130472
0.0012203
0.00113635
0.00105291
0.000970017
0.000887737
0.000806124
0.000725223
0.00064508
0.000565732
0.000487217
0.000409568
0.000332818
0.000256999
0.000182138
0.000108272
3.5415e-005
-3.63215e-005
-0.000107064
-0.000176884
-0.000245572
-0.000313113
-0.00037952
-0.000444776
-0.000508859
-0.00057175
-0.00063343
-0.000693881
-0.000753082
-0.000811018
-0.000867669
-0.00092302
-0.000977054
-0.00102975
-0.00108111
-0.0011311
-0.00117971
-0.00122693
-0.00127274
-0.00131713
-0.00136009
-0.0014016
-0.00144166
-0.00148024
-0.00151734
-0.00155295
-0.00158705
-0.00161964
-0.00165071
-0.00168024
-0.00170823
-0.00173467
-0.00175955
-0.00178287
-0.00180462
-0.00182479
-0.00184337
-0.00186036
-0.00187576
-0.00188957
-0.00190177
-0.00191236
-0.00192135
-0.00192874
-0.00193451
-0.00193867
-0.00194121
-0.00194214
-0.00194145
-0.00193915
-0.00193524
-0.00192971
-0.00192257
-0.00191382
-0.00190346
-0.0018915
-0.00187794
-0.00186279
-0.00184604
-0.0018277
-0.00180778
-0.00178629
-0.00176322
-0.00173859
-0.00171239
-0.00168464
-0.00165534
-0.00162451
-0.00159215
-0.00155827
-0.00152288
-0.00148599
-0.0014476
-0.00140772
-0.00136637
-0.00132354
-0.00127925
-0.00123351
-0.00118631
-0.00113766
-0.00108757
-0.00103604
-0.000983062
-0.000928632
-0.000872738
-0.000815371
-0.000756484
-0.000696102
-0.000634004
-0.000570573
-0.000504431
-0.000438805
-0.000364049
-0.000306021
-0.000212626
-0.000192207
-4.7209e-005
-0.000179526
0.0134776
0.0140792
0.0139894
0.0136906
0.0132758
0.0128146
0.0123405
0.0118762
0.0114538
0.0110716
0.0107211
0.0104051
0.0101105
0.00983681
0.00958216
0.00934108
0.00910855
0.0088903
0.00869346
0.00851019
0.00833295
0.00816456
0.008002
0.00784556
0.00769455
0.00754797
0.00740716
0.00726798
0.00713077
0.00699844
0.0068692
0.00674231
0.00661662
0.00649227
0.0063693
0.00624724
0.00612639
0.006007
0.00588907
0.00577261
0.0056568
0.00554108
0.0054257
0.00531029
0.00519487
0.00507974
0.00496503
0.00485103
0.00473771
0.00462505
0.00451306
0.00440173
0.0042911
0.00418115
0.00407178
0.00396282
0.00385433
0.00374636
0.00363903
0.00353244
0.00342664
0.00332164
0.00321749
0.00311423
0.00301188
0.00291045
0.00280996
0.00271046
0.00261198
0.00251457
0.00241821
0.00232294
0.00222876
0.00213566
0.00204363
0.00195263
0.00186254
0.0017732
0.00168445
0.00159669
0.00151005
0.00142409
0.00133869
0.00125389
0.00116966
0.00108602
0.001003
0.00092064
0.000838985
0.000758069
0.000677926
0.000598588
0.000520084
0.000442443
0.00036569
0.000289846
0.000214927
0.000140917
6.78173e-005
-4.67627e-006
-7.635e-005
-0.000146642
-0.000215633
-0.000283442
-0.000350075
-0.000415518
-0.000479764
-0.000542798
-0.000604607
-0.000665174
-0.000724484
-0.000782521
-0.000839269
-0.000894713
-0.000948838
-0.00100163
-0.00105307
-0.00110315
-0.00115185
-0.00119915
-0.00124506
-0.00128954
-0.00133259
-0.0013742
-0.00141435
-0.00145303
-0.00149023
-0.00152594
-0.00156015
-0.00159284
-0.00162401
-0.00165365
-0.00168174
-0.00170829
-0.00173329
-0.00175672
-0.00177858
-0.00179886
-0.00181756
-0.00183467
-0.00185019
-0.00186411
-0.00187643
-0.00188715
-0.00189626
-0.00190377
-0.00190967
-0.00191396
-0.00191664
-0.00191771
-0.00191716
-0.001915
-0.00191122
-0.00190584
-0.00189884
-0.00189023
-0.00188002
-0.00186821
-0.00185479
-0.00183979
-0.00182319
-0.001805
-0.00178523
-0.00176389
-0.00174097
-0.00171649
-0.00169046
-0.00166287
-0.00163374
-0.00160308
-0.00157089
-0.00153718
-0.00150196
-0.00146524
-0.00142702
-0.00138733
-0.00134615
-0.00130352
-0.00125942
-0.00121388
-0.0011669
-0.00111849
-0.00106866
-0.00101741
-0.00096475
-0.000910683
-0.000855208
-0.000798333
-0.000740032
-0.000680358
-0.000619118
-0.000556776
-0.000491929
-0.000428365
-0.000356924
-0.000300654
-0.000214524
-0.00019043
-6.17151e-005
-0.000161669
0.0125419
0.012881
0.0128799
0.0127297
0.0124709
0.0121513
0.0118043
0.0114509
0.0111108
0.0107889
0.0104819
0.0101939
0.0099231
0.00966499
0.0094193
0.00919556
0.00898916
0.00879607
0.00861519
0.00844389
0.00828067
0.0081197
0.0079631
0.0078114
0.00766356
0.00751991
0.00738557
0.0072555
0.00712506
0.00699562
0.00686896
0.00674453
0.00661951
0.00649535
0.00637227
0.00624912
0.00612757
0.00600829
0.00589062
0.00577378
0.00565721
0.00554091
0.00542472
0.00530865
0.00519348
0.00507908
0.00496514
0.00485187
0.00473915
0.00462703
0.00451553
0.00440477
0.00429474
0.00418539
0.00407643
0.00396765
0.00385926
0.00375131
0.00364398
0.00353744
0.00343175
0.00332692
0.00322298
0.00311997
0.00301791
0.00291677
0.00281653
0.00271725
0.002619
0.00252182
0.00242568
0.00233058
0.00223651
0.00214342
0.00205132
0.00196016
0.00186985
0.0017803
0.00169137
0.0016032
0.00151601
0.00142971
0.00134414
0.00125923
0.00117494
0.00109128
0.00100827
0.00092594
0.000844344
0.000763507
0.000683456
0.00060422
0.000525828
0.000448307
0.000371681
0.000295973
0.000221205
0.000147391
7.45554e-005
2.70412e-006
-6.80702e-005
-0.000137691
-0.000206202
-0.000273602
-0.000339863
-0.00040496
-0.000468876
-0.000531593
-0.000593092
-0.000653357
-0.000712369
-0.000770112
-0.000826569
-0.000881725
-0.000935562
-0.000988067
-0.00103922
-0.00108902
-0.00113743
-0.00118446
-0.00123008
-0.00127429
-0.00131706
-0.00135839
-0.00139826
-0.00143666
-0.00147358
-0.00150901
-0.00154294
-0.00157535
-0.00160625
-0.00163561
-0.00166343
-0.00168971
-0.00171443
-0.00173759
-0.00175919
-0.0017792
-0.00179764
-0.00181449
-0.00182974
-0.00184341
-0.00185547
-0.00186594
-0.00187481
-0.00188208
-0.00188774
-0.00189179
-0.00189423
-0.00189507
-0.00189429
-0.0018919
-0.00188791
-0.0018823
-0.00187509
-0.00186628
-0.00185586
-0.00184384
-0.00183023
-0.00181502
-0.00179823
-0.00177986
-0.00175991
-0.00173838
-0.00171529
-0.00169064
-0.00166444
-0.00163669
-0.0016074
-0.00157658
-0.00154424
-0.00151038
-0.00147502
-0.00143817
-0.00139983
-0.00136001
-0.00131873
-0.001276
-0.00123183
-0.00118622
-0.0011392
-0.00109077
-0.00104094
-0.000989743
-0.000937176
-0.000883262
-0.000828014
-0.000771458
-0.000713595
-0.000654506
-0.000594056
-0.000532727
-0.000469323
-0.000407443
-0.000339289
-0.000283785
-0.000205518
-0.000177534
-6.6577e-005
-0.000142134
0.0117784
0.011986
0.0119981
0.0119153
0.0117509
0.0115301
0.0112759
0.0110052
0.0107332
0.0104675
0.0102101
0.00996467
0.00973095
0.0095083
0.00929561
0.00909614
0.00890993
0.00873447
0.00855728
0.00838174
0.00821969
0.008064
0.00791458
0.00777018
0.00763025
0.00749458
0.00736278
0.00723723
0.00711392
0.0069873
0.00686209
0.00673941
0.00661465
0.00649276
0.00637532
0.00625678
0.00613624
0.00601655
0.0058985
0.00578099
0.00566449
0.00554897
0.00543358
0.00531769
0.00520069
0.0050836
0.00496832
0.00485466
0.00474196
0.00462995
0.00451857
0.00440793
0.00429818
0.00418967
0.00408171
0.00397347
0.00386542
0.00375773
0.00365069
0.0035446
0.00343933
0.00333486
0.00323127
0.00312861
0.00302689
0.00292611
0.00282616
0.00272721
0.00262932
0.00253248
0.00243655
0.00234158
0.00224755
0.00215439
0.00206218
0.00197089
0.00188044
0.00179085
0.00170207
0.00161414
0.0015271
0.00144087
0.00135535
0.00127047
0.00118622
0.00110259
0.00101962
0.000937365
0.00085589
0.000775206
0.00069533
0.000616283
0.000538088
0.000460766
0.000384339
0.000308827
0.000234248
0.000160614
8.79412e-005
1.62259e-005
-5.4496e-005
-0.000124139
-0.000192656
-0.000260027
-0.000326235
-0.000391259
-0.000455085
-0.0005177
-0.000579088
-0.000639235
-0.000698125
-0.000755743
-0.000812073
-0.000867101
-0.000920811
-0.000973188
-0.00102422
-0.00107389
-0.00112218
-0.00116909
-0.00121459
-0.00125868
-0.00130135
-0.00134257
-0.00138234
-0.00142064
-0.00145746
-0.00149279
-0.00152662
-0.00155894
-0.00158974
-0.00161901
-0.00164675
-0.00167294
-0.00169759
-0.00172067
-0.00174219
-0.00176213
-0.0017805
-0.00179728
-0.00181247
-0.00182606
-0.00183806
-0.00184847
-0.00185728
-0.0018645
-0.00187012
-0.00187414
-0.00187655
-0.00187736
-0.00187656
-0.00187415
-0.00187013
-0.00186451
-0.00185729
-0.00184846
-0.00183804
-0.00182602
-0.0018124
-0.0017972
-0.00178041
-0.00176205
-0.00174211
-0.0017206
-0.00169752
-0.00167289
-0.00164671
-0.00161899
-0.00158974
-0.00155895
-0.00152665
-0.00149284
-0.00145753
-0.00142073
-0.00138245
-0.00134271
-0.00130151
-0.00125886
-0.00121478
-0.00116929
-0.0011224
-0.00107412
-0.00102447
-0.000973484
-0.000921175
-0.000867572
-0.000812705
-0.000756618
-0.000699337
-0.000640965
-0.000581437
-0.000521208
-0.000459368
-0.000399003
-0.000333928
-0.000279051
-0.000206559
-0.00017489
-7.4392e-005
-0.000132019
0.011186
0.0113213
0.011328
0.0112682
0.0111496
0.0109864
0.0107936
0.0105832
0.0103657
0.0101479
0.00993265
0.00972314
0.00952036
0.00932471
0.00913606
0.00895588
0.00878388
0.00861933
0.00845931
0.00830405
0.00815545
0.00801112
0.00787085
0.00773432
0.00760304
0.00747551
0.00734233
0.00720854
0.00708133
0.00695718
0.00683342
0.00671068
0.00658854
0.00647045
0.00635688
0.00624244
0.00612482
0.00600747
0.00589113
0.00577406
0.00565692
0.00554325
0.00543078
0.0053157
0.00519917
0.00508241
0.00496727
0.00485352
0.00474062
0.00462857
0.00451747
0.00440767
0.00429916
0.00419079
0.00408236
0.00397392
0.00386566
0.00375702
0.00364883
0.00354232
0.00343695
0.00333256
0.00322915
0.0031267
0.00302527
0.0029248
0.00282511
0.0027263
0.00262854
0.00253193
0.00243632
0.00234183
0.00224824
0.00215526
0.00206318
0.00197195
0.00188151
0.00179198
0.00170326
0.00161536
0.0015283
0.00144208
0.00135662
0.00127184
0.00118768
0.00110414
0.00102125
0.000939122
0.000857803
0.000777274
0.000697552
0.000618662
0.000540627
0.00046347
0.000387213
0.000311878
0.000237487
0.000164059
9.1616e-005
2.0177e-005
-5.02256e-005
-0.000119552
-0.000187781
-0.000254892
-0.000320854
-0.000385634
-0.000449216
-0.000511592
-0.000572745
-0.00063266
-0.000691323
-0.000748716
-0.000804824
-0.000859632
-0.000913124
-0.000965285
-0.0010161
-0.00106556
-0.00111364
-0.00116034
-0.00120563
-0.00124952
-0.00129198
-0.001333
-0.00137256
-0.00141066
-0.00144727
-0.0014824
-0.00151603
-0.00154815
-0.00157875
-0.00160783
-0.00163537
-0.00166137
-0.00168582
-0.00170872
-0.00173005
-0.00174981
-0.00176799
-0.00178459
-0.00179959
-0.001813
-0.00182482
-0.00183506
-0.00184371
-0.00185076
-0.00185622
-0.00186006
-0.00186231
-0.00186295
-0.00186198
-0.00185941
-0.00185524
-0.00184946
-0.00184208
-0.00183311
-0.00182253
-0.00181037
-0.00179661
-0.00178127
-0.00176435
-0.00174585
-0.00172577
-0.00170414
-0.00168094
-0.00165619
-0.00162989
-0.00160206
-0.00157269
-0.0015418
-0.0015094
-0.00147549
-0.00144009
-0.0014032
-0.00136484
-0.00132502
-0.00128376
-0.00124106
-0.00119694
-0.00115142
-0.00110451
-0.00105624
-0.00100664
-0.000955726
-0.000903532
-0.000850098
-0.000795467
-0.000739697
-0.000682841
-0.000625018
-0.000566222
-0.000506879
-0.00044632
-0.000387144
-0.000324433
-0.000270207
-0.00020199
-0.000168427
-7.59245e-005
-0.000124278
0.0106811
0.0107712
0.0107729
0.0107256
0.0106351
0.0105099
0.0103602
0.0101943
0.0100195
0.00984126
0.00966258
0.00948605
0.00931296
0.00914408
0.00897961
0.00882035
0.00866618
0.00851674
0.00837038
0.00822676
0.00808713
0.00795074
0.00781733
0.00768648
0.00755804
0.00743173
0.00730559
0.00718129
0.00705942
0.00693868
0.00681852
0.00669971
0.0065829
0.00646465
0.00634425
0.00622554
0.00610926
0.00599385
0.00587786
0.005761
0.00564268
0.00552763
0.00541424
0.00529911
0.00518588
0.00507474
0.00496361
0.00485185
0.00473988
0.00462804
0.00451607
0.00440422
0.00429531
0.00418836
0.00408049
0.00397239
0.00386482
0.00375791
0.00365097
0.0035445
0.00343903
0.00333442
0.00323098
0.0031286
0.00302719
0.00292678
0.00282751
0.00272947
0.0026326
0.00253633
0.00244065
0.00234577
0.00225163
0.00215822
0.0020657
0.00197424
0.00188366
0.00179399
0.00170523
0.00161733
0.00153028
0.0014441
0.00135866
0.00127385
0.00118956
0.0011058
0.00102258
0.000940252
0.00085895
0.000778523
0.000698939
0.000620209
0.000542344
0.000465361
0.000389279
0.00031412
0.000239903
0.000166649
9.43773e-005
2.31107e-005
-4.71259e-005
-0.000116301
-0.000184367
-0.000251299
-0.000317093
-0.000381703
-0.000445113
-0.000507313
-0.000568289
-0.000628026
-0.000686509
-0.000743722
-0.000799651
-0.00085428
-0.000907594
-0.000959579
-0.00101022
-0.0010595
-0.00110741
-0.00115394
-0.00119907
-0.0012428
-0.0012851
-0.00132598
-0.0013654
-0.00140334
-0.00143982
-0.0014748
-0.00150828
-0.00154026
-0.00157072
-0.00159965
-0.00162706
-0.00165292
-0.00167724
-0.0017
-0.0017212
-0.00174083
-0.00175889
-0.00177536
-0.00179024
-0.00180347
-0.00181511
-0.00182522
-0.00183376
-0.00184072
-0.00184608
-0.00184985
-0.00185202
-0.00185258
-0.00185154
-0.0018489
-0.00184466
-0.00183882
-0.00183138
-0.00182234
-0.00181171
-0.00179949
-0.00178568
-0.00177029
-0.00175332
-0.00173478
-0.00171467
-0.00169299
-0.00166976
-0.00164498
-0.00161865
-0.00159079
-0.0015614
-0.00153049
-0.00149807
-0.00146415
-0.00142874
-0.00139186
-0.0013535
-0.00131369
-0.00127244
-0.00122976
-0.00118568
-0.00114021
-0.00109336
-0.00104518
-0.000995676
-0.000944892
-0.000892863
-0.000839637
-0.000785267
-0.000729826
-0.000673384
-0.000616073
-0.000557933
-0.000499357
-0.00043986
-0.000381641
-0.000320685
-0.000267012
-0.000201582
-0.000166663
-7.8621e-005
-0.000120919
0.0102394
0.0102982
0.0102953
0.010256
0.0101847
0.0100868
0.00996919
0.00983777
0.00969766
0.00955278
0.00940569
0.00925837
0.00911202
0.00896739
0.00882486
0.00868491
0.0085476
0.00841283
0.00827999
0.00814887
0.00801994
0.00789284
0.00776743
0.00764351
0.00752092
0.00739949
0.00727821
0.00715745
0.00703776
0.0069189
0.00680058
0.0066828
0.00656548
0.00644827
0.00633189
0.00621649
0.0061014
0.00598619
0.00587099
0.00575595
0.00564149
0.00552607
0.00540953
0.00529436
0.00518127
0.00506918
0.00495708
0.0048451
0.00473334
0.00462197
0.00451053
0.00439918
0.00428921
0.00418093
0.0040723
0.0039639
0.00385678
0.00375155
0.00364704
0.00354218
0.00343767
0.00333397
0.00323131
0.00312936
0.00302825
0.00292791
0.00282837
0.00272904
0.00263122
0.00253503
0.00243921
0.00234379
0.00224916
0.00215569
0.00206309
0.00197151
0.00188092
0.00179115
0.00170215
0.00161402
0.00152682
0.00144078
0.00135577
0.00127141
0.00118734
0.00110377
0.00102091
0.000938941
0.000857857
0.000777563
0.000698086
0.000619456
0.000541697
0.000464835
0.000388892
0.000313893
0.00023986
0.000166815
9.4775e-005
2.37559e-005
-4.6242e-005
-0.000115262
-0.000183322
-0.000250301
-0.000316023
-0.000380473
-0.000443711
-0.000505741
-0.000566546
-0.000626113
-0.000684428
-0.000741476
-0.000797239
-0.000851704
-0.000904854
-0.000956674
-0.00100715
-0.00105627
-0.00110402
-0.00115038
-0.00119535
-0.0012389
-0.00128104
-0.00132174
-0.00136099
-0.00139876
-0.00143506
-0.00146986
-0.00150318
-0.00153498
-0.00156528
-0.00159404
-0.00162128
-0.00164698
-0.00167114
-0.00169374
-0.00171478
-0.00173426
-0.00175216
-0.00176849
-0.00178324
-0.00179637
-0.00180795
-0.00181802
-0.00182649
-0.00183335
-0.00183862
-0.00184228
-0.00184433
-0.00184479
-0.00184364
-0.00184089
-0.00183655
-0.0018306
-0.00182306
-0.00181392
-0.00180319
-0.00179087
-0.00177696
-0.00176147
-0.00174441
-0.00172578
-0.00170557
-0.00168381
-0.00166049
-0.00163563
-0.00160922
-0.00158128
-0.00155181
-0.00152083
-0.00148834
-0.00145435
-0.00141888
-0.00138193
-0.00134352
-0.00130366
-0.00126236
-0.00121964
-0.00117553
-0.00113003
-0.00108318
-0.001035
-0.000985514
-0.00093477
-0.000882808
-0.00082968
-0.00077545
-0.000720197
-0.000664007
-0.000607019
-0.000549307
-0.000491241
-0.000432469
-0.000374894
-0.000315163
-0.000261922
-0.000198503
-0.000163016
-7.82565e-005
-0.000118672
0.00984016
0.00987384
0.00986657
0.00983327
0.0097769
0.00970088
0.00960977
0.00950747
0.00939743
0.00928229
0.0091639
0.00904365
0.00892247
0.00880094
0.00867944
0.00855832
0.0084377
0.00831762
0.00819789
0.00807846
0.0079596
0.00784124
0.00772335
0.00760588
0.00748874
0.0073719
0.00725504
0.00713834
0.00702198
0.0069059
0.00678999
0.00667427
0.00655875
0.0064432
0.00632772
0.00621247
0.00609743
0.00598249
0.00586757
0.00575259
0.00563761
0.00552254
0.00540813
0.00529451
0.00518167
0.00506926
0.00495717
0.00484537
0.00473395
0.00462301
0.00451313
0.00440341
0.00429283
0.00418196
0.00407167
0.00396299
0.0038555
0.00374911
0.00364363
0.00353886
0.00343512
0.00333221
0.00322987
0.00312816
0.00302722
0.00292702
0.00282758
0.00272847
0.00263017
0.00253337
0.0024377
0.00234294
0.00224908
0.0021563
0.00206462
0.00197359
0.00188305
0.00179328
0.00170419
0.00161591
0.00152843
0.00144163
0.00135546
0.00127022
0.00118599
0.00110269
0.00102039
0.000938837
0.000857846
0.000777561
0.000698081
0.000619455
0.000541716
0.000464897
0.000389025
0.000314126
0.000240229
0.000167359
9.55441e-005
2.48173e-005
-4.47944e-005
-0.000113182
-0.000180395
-0.000246923
-0.000312611
-0.000377029
-0.000440229
-0.000502232
-0.000563015
-0.00062256
-0.000680854
-0.00073788
-0.000793622
-0.000848064
-0.000901192
-0.00095299
-0.00100344
-0.00105254
-0.00110026
-0.0011466
-0.00119155
-0.00123511
-0.00127731
-0.00131812
-0.00135744
-0.00139525
-0.00143156
-0.00146638
-0.00149969
-0.0015315
-0.0015618
-0.00159057
-0.00161782
-0.00164353
-0.00166769
-0.0016903
-0.00171136
-0.00173085
-0.00174877
-0.00176513
-0.00177993
-0.0017932
-0.00180492
-0.00181501
-0.00182348
-0.00183033
-0.00183557
-0.00183921
-0.00184125
-0.00184169
-0.00184053
-0.00183776
-0.0018334
-0.00182743
-0.00181988
-0.00181073
-0.00179998
-0.00178765
-0.00177374
-0.00175824
-0.00174117
-0.00172253
-0.00170233
-0.00168056
-0.00165724
-0.00163237
-0.00160597
-0.00157803
-0.00154857
-0.00151759
-0.00148511
-0.00145114
-0.00141568
-0.00137874
-0.00134035
-0.00130051
-0.00125924
-0.00121655
-0.00117247
-0.00112701
-0.0010802
-0.00103207
-0.000982649
-0.000931978
-0.000880103
-0.00082708
-0.000772975
-0.000717873
-0.000661867
-0.0006051
-0.000547666
-0.000489909
-0.000431586
-0.00037432
-0.000315339
-0.000262046
-0.000199765
-0.000162835
-7.81271e-005
-0.000116048
0.00946941
0.00948007
0.00946799
0.0094393
0.00939571
0.00933915
0.00927211
0.00919674
0.00911491
0.00902807
0.00893723
0.00884316
0.00874641
0.00864736
0.00854632
0.00844357
0.0083393
0.00823368
0.00812678
0.00801872
0.00790974
0.00779996
0.00768948
0.00757836
0.00746665
0.00735442
0.00724162
0.00712838
0.00701484
0.00690106
0.00678706
0.00667288
0.00655857
0.00644412
0.00632961
0.00621513
0.00610066
0.00598615
0.0058716
0.00575702
0.0056425
0.00552803
0.00541381
0.00530001
0.00518674
0.00507395
0.00496151
0.00484941
0.00473765
0.00462623
0.0045152
0.0044043
0.00429369
0.00418376
0.00407471
0.00396658
0.00385935
0.00375307
0.00364763
0.00354288
0.00343888
0.00333557
0.003233
0.00313121
0.00303026
0.00293019
0.00283112
0.00273308
0.00263581
0.00253931
0.00244363
0.00234885
0.00225494
0.00216193
0.00206986
0.00197859
0.00188799
0.00179828
0.0017092
0.00162072
0.00153307
0.00144578
0.0013589
0.00127299
0.00118841
0.00110482
0.00102211
0.000940183
0.000859014
0.000778654
0.000699139
0.000620489
0.000542726
0.000465871
0.000389948
0.000314981
0.000240995
0.000168016
9.60747e-005
2.52071e-005
-4.45444e-005
-0.00011308
-0.000180378
-0.000246723
-0.000312157
-0.000376468
-0.000439622
-0.000501601
-0.000562373
-0.000621915
-0.000680209
-0.000737238
-0.000792983
-0.000847429
-0.00090056
-0.00095236
-0.00100281
-0.00105191
-0.00109963
-0.00114596
-0.00119088
-0.00123439
-0.00127646
-0.00131711
-0.00135638
-0.00139422
-0.00143057
-0.00146543
-0.0014988
-0.00153066
-0.00156102
-0.00158985
-0.00161716
-0.00164293
-0.00166716
-0.00168983
-0.00171095
-0.00173051
-0.0017485
-0.00176493
-0.00177977
-0.00179304
-0.00180472
-0.0018148
-0.00182329
-0.00183019
-0.00183548
-0.00183918
-0.00184127
-0.00184176
-0.00184065
-0.00183794
-0.00183363
-0.00182772
-0.00182022
-0.00181113
-0.00180044
-0.00178816
-0.00177431
-0.00175887
-0.00174185
-0.00172327
-0.00170312
-0.00168141
-0.00165815
-0.00163335
-0.001607
-0.00157912
-0.00154972
-0.00151881
-0.00148639
-0.00145248
-0.00141708
-0.00138022
-0.00134189
-0.00130212
-0.00126091
-0.00121829
-0.00117428
-0.00112889
-0.00108216
-0.0010341
-0.000984759
-0.000934165
-0.000882369
-0.000829426
-0.000775403
-0.000720385
-0.000664465
-0.000607789
-0.000550459
-0.000492816
-0.000434724
-0.000377514
-0.000319296
-0.00026563
-0.000206132
-0.000166105
-8.81385e-005
-0.000126966
0.00911545
0.0091016
0.00908319
0.00905814
0.00902677
0.00898959
0.00894687
0.00889888
0.00884582
0.00878783
0.00872499
0.00865743
0.00858531
0.00850881
0.00842815
0.00834363
0.00825551
0.0081641
0.00806968
0.00797254
0.00787301
0.00777137
0.00766785
0.00756266
0.00745598
0.00734799
0.00723881
0.00712862
0.00701759
0.00690585
0.00679351
0.00668065
0.00656738
0.00645373
0.00633982
0.00622569
0.00611141
0.00599699
0.00588247
0.00576789
0.00565333
0.00553886
0.00542462
0.00531071
0.0051972
0.00508405
0.00497126
0.00485881
0.00474672
0.00463502
0.00452376
0.00441289
0.0043024
0.0041924
0.00408305
0.0039745
0.00386679
0.00375993
0.0036539
0.00354861
0.00344412
0.00334051
0.00323776
0.00313578
0.00303464
0.00293435
0.00283494
0.00273639
0.00263869
0.00254188
0.00244601
0.00235115
0.00225717
0.00216407
0.00207189
0.00198037
0.00188952
0.00179961
0.00171054
0.00162214
0.00153452
0.00144753
0.00136122
0.0012758
0.00119129
0.00110762
0.00102478
0.000942747
0.000861494
0.000781041
0.000701418
0.000622647
0.000544752
0.000467759
0.00039169
0.000316569
0.000242419
0.000169266
9.71336e-005
2.60515e-005
-4.39519e-005
-0.00011284
-0.000180579
-0.000247219
-0.000312785
-0.000377198
-0.000440433
-0.000502474
-0.000563302
-0.000622895
-0.000681238
-0.000738313
-0.000794102
-0.00084859
-0.000901761
-0.000953599
-0.00100409
-0.00105321
-0.00110096
-0.00114731
-0.00119225
-0.00123575
-0.00127776
-0.0013183
-0.00135746
-0.00139521
-0.0014315
-0.00146632
-0.00149966
-0.00153149
-0.00156181
-0.00159061
-0.00161788
-0.00164361
-0.0016678
-0.00169044
-0.00171151
-0.00173103
-0.00174897
-0.00176535
-0.00178015
-0.00179337
-0.00180501
-0.00181505
-0.0018235
-0.00183034
-0.00183558
-0.00183922
-0.00184126
-0.0018417
-0.00184053
-0.00183776
-0.00183339
-0.00182742
-0.00181985
-0.00181069
-0.00179994
-0.0017876
-0.00177367
-0.00175817
-0.00174108
-0.00172243
-0.00170221
-0.00168043
-0.0016571
-0.00163222
-0.00160581
-0.00157786
-0.00154839
-0.00151741
-0.00148492
-0.00145094
-0.00141547
-0.00137853
-0.00134013
-0.00130028
-0.00125901
-0.00121631
-0.00117223
-0.00112676
-0.00107994
-0.0010318
-0.000982365
-0.000931672
-0.000879767
-0.000826701
-0.000772539
-0.00071736
-0.00066125
-0.00060435
-0.000546732
-0.000488768
-0.000430111
-0.000372648
-0.000313108
-0.000260009
-0.00019709
-0.000161889
-7.92004e-005
-0.000120049
0.00876545
0.00872218
0.00869509
0.00867366
0.00865611
0.00864103
0.00862584
0.00860838
0.00858691
0.00856008
0.00852699
0.00848718
0.00844046
0.0083869
0.00832673
0.00826031
0.00818807
0.00811049
0.00802807
0.00794129
0.00785064
0.00775655
0.00765942
0.00755961
0.00745742
0.00735315
0.00724706
0.00713939
0.00703038
0.00692022
0.00680909
0.00669714
0.00658451
0.00647132
0.00635767
0.00624365
0.00612933
0.00601477
0.00590006
0.00578524
0.00567042
0.00555566
0.00544107
0.00532673
0.0052127
0.00509899
0.00498561
0.00487258
0.00475986
0.00464751
0.00453568
0.00442434
0.0043135
0.00420319
0.00409354
0.00398465
0.00387655
0.00376926
0.0036628
0.00355707
0.00345211
0.00334815
0.00324509
0.00314274
0.0030413
0.00294081
0.00284121
0.00274253
0.00264474
0.00254774
0.0024517
0.00235672
0.00226258
0.00216923
0.00207681
0.0019851
0.00189412
0.00180403
0.00171475
0.00162603
0.00153804
0.00145078
0.00136427
0.00127855
0.00119369
0.00110968
0.0010265
0.00094415
0.000862612
0.000781906
0.000702053
0.000623072
0.000544987
0.000467817
0.000391587
0.000316319
0.000242036
0.000168764
9.65261e-005
2.53493e-005
-4.4741e-005
-0.00011372
-0.000181573
-0.000248321
-0.000313971
-0.000378481
-0.000441822
-0.000503975
-0.000564917
-0.000624626
-0.000683085
-0.000740275
-0.000796179
-0.00085078
-0.000904063
-0.00095601
-0.00100661
-0.00105584
-0.00110369
-0.00115015
-0.00119519
-0.00123881
-0.00128099
-0.00132172
-0.00136101
-0.00139885
-0.00143523
-0.00147011
-0.00150351
-0.0015354
-0.00156577
-0.00159463
-0.00162195
-0.00164773
-0.00167196
-0.00169464
-0.00171576
-0.00173531
-0.0017533
-0.00176971
-0.00178453
-0.00179778
-0.00180943
-0.00181949
-0.00182795
-0.00183482
-0.00184008
-0.00184373
-0.00184578
-0.00184623
-0.00184508
-0.00184232
-0.00183796
-0.001832
-0.00182444
-0.00181529
-0.00180454
-0.00179221
-0.00177828
-0.00176278
-0.0017457
-0.00172704
-0.00170682
-0.00168504
-0.00166171
-0.00163682
-0.0016104
-0.00158245
-0.00155297
-0.00152198
-0.00148948
-0.00145549
-0.00142001
-0.00138306
-0.00134464
-0.00130478
-0.00126349
-0.00122077
-0.00117666
-0.00113116
-0.0010843
-0.00103611
-0.00098661
-0.000935838
-0.000883833
-0.000830642
-0.00077632
-0.00072094
-0.000664573
-0.000607354
-0.000549324
-0.000490884
-0.000431553
-0.000373543
-0.000312865
-0.000259557
-0.000194612
-0.000160471
-7.29183e-005
-0.000118068
0.00840146
0.008319
0.00827947
0.00826321
0.00826451
0.00827832
0.00829769
0.00831709
0.0083324
0.00834072
0.00834022
0.00833003
0.00830985
0.00827978
0.0082402
0.0081917
0.00813495
0.00807067
0.00799962
0.00792249
0.00784
0.00775275
0.00766132
0.00756621
0.00746788
0.00736673
0.00726314
0.00715744
0.00704994
0.00694089
0.00683053
0.00671908
0.00660671
0.00649358
0.00637984
0.00626559
0.00615095
0.00603599
0.00592082
0.00580552
0.00569017
0.00557486
0.00545968
0.00534471
0.00523001
0.00511562
0.00500156
0.00488789
0.00477454
0.00466157
0.0045492
0.00443739
0.0043261
0.00421524
0.00410505
0.0039956
0.00388689
0.003779
0.00367192
0.00356544
0.00345974
0.0033552
0.00325168
0.00314889
0.00304692
0.00294598
0.00284614
0.00274716
0.00264908
0.00255189
0.00245566
0.00236037
0.00226608
0.00217259
0.00207978
0.00198773
0.0018965
0.00180618
0.00171671
0.00162783
0.00153971
0.00145232
0.00136566
0.00127977
0.00119469
0.00111042
0.00102697
0.00094434
0.000862532
0.000781564
0.000701454
0.000622224
0.000543893
0.000466485
0.000390021
0.000314524
0.000240016
0.000166521
9.40615e-005
2.2661e-005
-4.76586e-005
-0.000116877
-0.000184978
-0.000251958
-0.000317809
-0.000382504
-0.00044602
-0.000508338
-0.000569438
-0.000629301
-0.000687909
-0.000745245
-0.000801291
-0.000856031
-0.000909448
-0.000961528
-0.00101225
-0.00106161
-0.00110959
-0.00115616
-0.00120132
-0.00124506
-0.00128735
-0.00132819
-0.00136759
-0.00140553
-0.00144201
-0.001477
-0.00151049
-0.00154248
-0.00157296
-0.00160191
-0.00162933
-0.0016552
-0.00167953
-0.00170229
-0.0017235
-0.00174313
-0.00176119
-0.00177768
-0.00179258
-0.00180589
-0.00181762
-0.00182775
-0.00183628
-0.0018432
-0.00184853
-0.00185225
-0.00185436
-0.00185486
-0.00185377
-0.00185106
-0.00184675
-0.00184084
-0.00183333
-0.00182422
-0.00181352
-0.00180122
-0.00178734
-0.00177187
-0.00175483
-0.00173621
-0.00171602
-0.00169427
-0.00167096
-0.00164611
-0.00161971
-0.00159178
-0.00156233
-0.00153136
-0.00149889
-0.00146492
-0.00142946
-0.00139252
-0.00135412
-0.00131426
-0.00127297
-0.00123025
-0.00118612
-0.00114061
-0.00109372
-0.00104548
-0.000995911
-0.000945049
-0.000892923
-0.000839572
-0.000785039
-0.000729385
-0.000672661
-0.000614989
-0.000556361
-0.00049721
-0.000436855
-0.000377937
-0.000315466
-0.000261659
-0.000193704
-0.000161022
-6.83859e-005
-0.000119617
0.00800146
0.0078626
0.00780679
0.00780362
0.0078375
0.00789485
0.00796156
0.00802775
0.00808691
0.00813504
0.00816987
0.00819067
0.00819743
0.00819061
0.00817101
0.00813957
0.00809733
0.00804534
0.00798461
0.00791614
0.00784081
0.00775948
0.00767287
0.00758167
0.00748646
0.00738776
0.00728605
0.00718176
0.00707525
0.00696686
0.00685687
0.00674557
0.00663322
0.00651996
0.00640596
0.00629132
0.00617609
0.00606047
0.0059446
0.00582859
0.00571253
0.0055965
0.00548057
0.00536482
0.0052493
0.00513408
0.00501924
0.00490475
0.00479038
0.00467637
0.00456317
0.00445069
0.00433869
0.00422716
0.00411628
0.00400618
0.00389691
0.00378839
0.00368065
0.00357374
0.00346774
0.00336263
0.00325842
0.0031552
0.003053
0.00295177
0.00285143
0.00275202
0.00265369
0.0025564
0.00246008
0.00236472
0.00227021
0.00217644
0.00208338
0.0019912
0.00189982
0.00180924
0.00171944
0.0016303
0.00154188
0.00145419
0.00136725
0.00128106
0.00119567
0.00111108
0.00102731
0.000944352
0.000862233
0.000780965
0.000700565
0.000621054
0.000542451
0.000464778
0.000388057
0.000312309
0.000237556
0.00016382
9.11236e-005
1.94877e-005
-5.10666e-005
-0.000120521
-0.000188858
-0.000256068
-0.000322138
-0.000387048
-0.000450777
-0.000513306
-0.000574615
-0.000634686
-0.000693501
-0.000751041
-0.000807291
-0.000862232
-0.000915849
-0.000968127
-0.00101905
-0.0010686
-0.00111677
-0.00116354
-0.00120889
-0.00125282
-0.00129531
-0.00133635
-0.00137594
-0.00141407
-0.00145071
-0.00148588
-0.00151954
-0.00155169
-0.00158233
-0.00161144
-0.00163902
-0.00166505
-0.00168953
-0.00171245
-0.0017338
-0.00175358
-0.00177179
-0.00178841
-0.00180345
-0.00181689
-0.00182874
-0.00183899
-0.00184764
-0.00185469
-0.00186013
-0.00186396
-0.00186618
-0.0018668
-0.0018658
-0.0018632
-0.00185899
-0.00185318
-0.00184576
-0.00183674
-0.00182613
-0.00181392
-0.00180012
-0.00178473
-0.00176776
-0.00174922
-0.0017291
-0.00170742
-0.00168418
-0.00165939
-0.00163305
-0.00160518
-0.00157578
-0.00154487
-0.00151244
-0.00147852
-0.0014431
-0.0014062
-0.00136784
-0.00132801
-0.00128675
-0.00124405
-0.00119993
-0.00115441
-0.0011075
-0.00105923
-0.0010096
-0.000958653
-0.0009064
-0.000852872
-0.000798101
-0.000742131
-0.000684988
-0.000626776
-0.000567425
-0.000507401
-0.000445767
-0.000385672
-0.000320799
-0.000266382
-0.00019409
-0.000163543
-6.29464e-005
-0.000124685
0.00750947
0.00727348
0.00720035
0.00723236
0.00732617
0.00745197
0.00758561
0.00771277
0.00782549
0.00791975
0.00799383
0.00804791
0.00808273
0.0080995
0.0080997
0.00808487
0.00805654
0.00801617
0.00796513
0.00790467
0.00783596
0.00776001
0.00767777
0.00759005
0.00749757
0.00740098
0.00730086
0.00719773
0.00709201
0.00698408
0.00687432
0.00676286
0.00665015
0.00653645
0.00642189
0.00630672
0.00619108
0.00607492
0.00595842
0.00584172
0.00572494
0.00560817
0.00549148
0.00537496
0.00525873
0.00514283
0.00502724
0.00491198
0.00479712
0.00468275
0.00456888
0.00445551
0.00434269
0.00423051
0.004119
0.00400821
0.00389811
0.0037888
0.00368036
0.00357277
0.00346612
0.0033605
0.00325587
0.0031522
0.00304956
0.00294795
0.00284727
0.00274769
0.00264923
0.00255183
0.00245541
0.0023599
0.00226514
0.00217098
0.00207754
0.00198507
0.00189353
0.00180286
0.00171296
0.00162373
0.00153519
0.00144735
0.00136022
0.00127382
0.00118818
0.00110332
0.00101925
0.00093601
0.000853602
0.000772048
0.000691369
0.000611586
0.00053272
0.000454793
0.000377825
0.000301839
0.000226856
0.000152897
7.99832e-005
8.1353e-006
-6.2627e-005
-0.000132285
-0.000200822
-0.000268223
-0.000334473
-0.000399553
-0.000463443
-0.000526126
-0.000587582
-0.000647795
-0.000706745
-0.000764417
-0.000820792
-0.000875856
-0.000929591
-0.000981982
-0.00103301
-0.00108267
-0.00113094
-0.00117781
-0.00122326
-0.00126728
-0.00130986
-0.001351
-0.00139067
-0.00142887
-0.00146559
-0.00150082
-0.00153455
-0.00156677
-0.00159747
-0.00162663
-0.00165426
-0.00168033
-0.00170483
-0.00172778
-0.00174916
-0.00176896
-0.00178719
-0.00180383
-0.00181888
-0.00183234
-0.00184421
-0.00185447
-0.00186313
-0.00187019
-0.00187563
-0.00187946
-0.00188169
-0.0018823
-0.0018813
-0.0018787
-0.00187448
-0.00186865
-0.00186122
-0.00185219
-0.00184156
-0.00182933
-0.00181551
-0.00180009
-0.0017831
-0.00176452
-0.00174438
-0.00172266
-0.00169939
-0.00167456
-0.0016482
-0.0016203
-0.00159087
-0.00155992
-0.00152746
-0.00149349
-0.00145803
-0.00142109
-0.00138267
-0.00134279
-0.00130146
-0.00125869
-0.00121449
-0.00116888
-0.00112186
-0.00107346
-0.00102368
-0.000972545
-0.000920069
-0.000866268
-0.000811158
-0.000754767
-0.000697092
-0.000638217
-0.000578
-0.000516934
-0.000453779
-0.000392224
-0.00032425
-0.000269248
-0.00019107
-0.000164243
-5.27888e-005
-0.00013286
0.00686593
0.00646943
0.00643245
0.00658481
0.00680689
0.00704044
0.00726039
0.00745583
0.00762265
0.00775981
0.00786763
0.00794924
0.00800663
0.00804194
0.00805741
0.00805516
0.0080372
0.00800536
0.00796132
0.00790659
0.00784252
0.00777031
0.00769104
0.00760566
0.007515
0.00741971
0.00732048
0.00721792
0.0071125
0.00700463
0.00689471
0.00678313
0.00667016
0.00655603
0.00644095
0.00632509
0.00620864
0.00609171
0.00597454
0.00585728
0.00573996
0.00562261
0.00550523
0.00538777
0.00527045
0.00515342
0.00503677
0.00492056
0.00480483
0.00468957
0.00457491
0.00446084
0.00434744
0.00423456
0.00412244
0.00401109
0.00390045
0.00379066
0.00368172
0.00357369
0.00346663
0.00336051
0.00325536
0.00315122
0.00304814
0.00294615
0.0028452
0.00274536
0.0026467
0.00254921
0.00245279
0.00235734
0.00226262
0.00216853
0.00207535
0.00198283
0.00189087
0.00179984
0.00170966
0.00162018
0.0015314
0.00144331
0.00135593
0.00126929
0.0011834
0.0010983
0.00101399
0.000930498
0.000847846
0.00076605
0.000685131
0.000605108
0.000526004
0.000447838
0.000370631
0.000294405
0.00021918
0.000144978
7.18182e-005
-2.78561e-007
-7.12928e-005
-0.000141206
-0.00021
-0.000277658
-0.000344164
-0.000409499
-0.000473645
-0.000536583
-0.000598296
-0.000658764
-0.000717972
-0.0007759
-0.000832533
-0.000887854
-0.000941846
-0.000994494
-0.00104578
-0.0010957
-0.00114422
-0.00119135
-0.00123705
-0.00128133
-0.00132417
-0.00136555
-0.00140547
-0.00144392
-0.00148089
-0.00151636
-0.00155033
-0.00158278
-0.00161372
-0.00164312
-0.00167102
-0.00169734
-0.00172209
-0.00174528
-0.00176689
-0.00178692
-0.00180537
-0.00182223
-0.00183749
-0.00185116
-0.00186323
-0.00187369
-0.00188254
-0.00188978
-0.00189541
-0.00189943
-0.00190183
-0.00190262
-0.00190179
-0.00189935
-0.00189529
-0.00188962
-0.00188235
-0.00187347
-0.00186298
-0.00185089
-0.00183721
-0.00182193
-0.00180507
-0.00178662
-0.0017666
-0.001745
-0.00172182
-0.00169708
-0.00167081
-0.00164301
-0.00161367
-0.00158281
-0.00155043
-0.00151655
-0.00148117
-0.0014443
-0.00140595
-0.00136614
-0.00132486
-0.00128214
-0.00123798
-0.00119239
-0.00114539
-0.00109697
-0.00104715
-0.000995944
-0.00094335
-0.000889377
-0.000834026
-0.000777303
-0.000719181
-0.000659716
-0.000598698
-0.000536609
-0.000471961
-0.000408681
-0.000337233
-0.000281292
-0.000195171
-0.000172507
-4.40312e-005
-0.000150109
0.00556333
0.00502863
0.00524037
0.00563841
0.00605427
0.00644494
0.00678325
0.00706905
0.00730565
0.00749723
0.00764845
0.00776445
0.00784945
0.00790722
0.00794116
0.00795423
0.00794906
0.00792795
0.00789295
0.00784584
0.00778821
0.00772144
0.00764675
0.00756521
0.00747776
0.00738519
0.00728823
0.00718752
0.00708363
0.00697702
0.00686813
0.00675742
0.00664506
0.0065313
0.00641642
0.00630062
0.0061841
0.00606713
0.00594967
0.00583199
0.00571434
0.00559678
0.00547963
0.00536253
0.00524575
0.00512924
0.00501292
0.00489686
0.00478118
0.00466591
0.00455119
0.00443689
0.00432349
0.00421004
0.00409734
0.0039855
0.00387437
0.00376404
0.00365434
0.00354559
0.00343807
0.00333158
0.00322611
0.00312169
0.00301838
0.00291623
0.00281525
0.00271551
0.00261707
0.00251992
0.00242396
0.00232896
0.00223386
0.00213827
0.00204437
0.00195284
0.00186213
0.00177183
0.00168212
0.001593
0.00150443
0.00141647
0.00132915
0.0012425
0.00115657
0.0010714
0.000987006
0.000903422
0.000820674
0.000738785
0.000657777
0.000577674
0.000498498
0.000420269
0.00034301
0.00026674
0.000191481
0.000117253
4.40762e-005
-2.80302e-005
-9.90469e-005
-0.000168956
-0.000237738
-0.000305377
-0.000371856
-0.000437157
-0.000501261
-0.000564152
-0.000625811
-0.000686222
-0.000745366
-0.000803227
-0.000859788
-0.000915033
-0.000968947
-0.00102151
-0.00107272
-0.00112254
-0.00117098
-0.00121801
-0.00126362
-0.0013078
-0.00135054
-0.00139182
-0.00143164
-0.00146998
-0.00150684
-0.0015422
-0.00157605
-0.00160839
-0.00163921
-0.0016685
-0.00169624
-0.00172242
-0.00174704
-0.0017701
-0.00179159
-0.00181151
-0.00182984
-0.00184659
-0.00186174
-0.00187529
-0.00188724
-0.00189759
-0.00190632
-0.00191345
-0.00191896
-0.00192286
-0.00192514
-0.0019258
-0.00192485
-0.00192229
-0.00191811
-0.00191232
-0.00190492
-0.00189591
-0.00188529
-0.00187308
-0.00185927
-0.00184386
-0.00182687
-0.00180829
-0.00178814
-0.0017664
-0.00174311
-0.00171826
-0.00169187
-0.00166393
-0.00163446
-0.00160345
-0.00157093
-0.0015369
-0.00150138
-0.00146436
-0.00142586
-0.00138589
-0.00134446
-0.00130158
-0.00125725
-0.00121149
-0.00116429
-0.00111567
-0.00106564
-0.00101419
-0.000961325
-0.000907042
-0.00085133
-0.000794182
-0.000735551
-0.000675468
-0.000613701
-0.000550657
-0.000484868
-0.00041973
-0.000344955
-0.00028754
-0.0001934
-0.000174316
-2.74174e-005
-0.00016576
0.00233136
0.00356475
0.00451012
0.00520433
0.00578928
0.00627853
0.0066728
0.00699073
0.0072471
0.00745142
0.00761158
0.00773352
0.00782262
0.0078834
0.00791961
0.00793444
0.00793065
0.00791064
0.00787651
0.00783008
0.00777298
0.0077066
0.00763219
0.00755083
0.00746347
0.00737093
0.00727394
0.00717315
0.00706912
0.00696234
0.00685326
0.00674227
0.00662966
0.00651568
0.00640058
0.00628454
0.00616774
0.00605038
0.00593275
0.00581497
0.00569703
0.00557886
0.00545997
0.00534066
0.005222
0.00510417
0.0049869
0.00487011
0.00475382
0.00463805
0.00452281
0.00440816
0.0042941
0.00418071
0.00406808
0.00395616
0.00384499
0.00373462
0.00362509
0.00351645
0.00340872
0.00330195
0.00319617
0.00309146
0.00298786
0.00288543
0.00278425
0.00268438
0.00258595
0.00248903
0.00239365
0.00229976
0.00220647
0.00211291
0.00202015
0.00192914
0.00183906
0.00174929
0.0016599
0.00157096
0.00148254
0.00139468
0.00130743
0.00122084
0.00113494
0.00104978
0.000965382
0.000881774
0.000798984
0.000717037
0.000635956
0.000555763
0.000476481
0.000398132
0.000320739
0.000244321
0.000168902
9.45007e-005
2.11387e-005
-5.11638e-005
-0.000122387
-0.000192512
-0.00026152
-0.000329391
-0.000396109
-0.000461654
-0.000526009
-0.000589155
-0.000651073
-0.000711747
-0.000771158
-0.00082929
-0.000886125
-0.000941646
-0.000995838
-0.00104868
-0.00110017
-0.00115028
-0.001199
-0.00124632
-0.00129222
-0.00133668
-0.00137971
-0.00142128
-0.00146138
-0.0015
-0.00153714
-0.00157278
-0.0016069
-0.00163951
-0.00167058
-0.00170012
-0.00172807
-0.00175449
-0.00177936
-0.00180267
-0.0018244
-0.00184455
-0.00186311
-0.00188008
-0.00189545
-0.00190922
-0.00192139
-0.00193194
-0.00194088
-0.00194821
-0.00195392
-0.00195801
-0.00196048
-0.00196133
-0.00196056
-0.00195817
-0.00195417
-0.00194855
-0.00194131
-0.00193246
-0.00192201
-0.00190995
-0.00189628
-0.00188103
-0.00186418
-0.00184574
-0.00182573
-0.00180414
-0.001781
-0.0017563
-0.00173004
-0.00170222
-0.00167287
-0.00164198
-0.00160958
-0.00157566
-0.00154024
-0.00150333
-0.00146493
-0.00142505
-0.00138371
-0.00134091
-0.00129666
-0.00125096
-0.00120383
-0.00115525
-0.00110524
-0.00105379
-0.0010009
-0.000946548
-0.000890727
-0.000833411
-0.000774548
-0.000714133
-0.000651979
-0.000588319
-0.000522197
-0.000455656
-0.000382863
-0.000317963
-0.000222866
-0.000192525
-2.68093e-005
-0.00017438
-0.00169765
0.00108717
0.00312346
0.00423615
0.00504206
0.00568291
0.00618141
0.00657364
0.0068865
0.00713548
0.00733164
0.00748339
0.00759746
0.00767929
0.00773337
0.00776346
0.00777278
0.00776407
0.00773971
0.00770176
0.00765202
0.00759206
0.00752324
0.00744675
0.00736364
0.00727482
0.00718107
0.00708312
0.00698156
0.00687694
0.00676972
0.00666032
0.00654909
0.0064363
0.00632222
0.0062071
0.00609117
0.00597465
0.0058579
0.0057409
0.00562367
0.00550635
0.00538929
0.00527295
0.00515639
0.00503941
0.00492241
0.00480562
0.00468911
0.00457301
0.00445731
0.00434225
0.00422753
0.00411395
0.00400101
0.00388865
0.00377703
0.00366618
0.00355632
0.00344728
0.00333895
0.00323156
0.00312524
0.00302003
0.00291597
0.00281312
0.00271158
0.00261144
0.00251285
0.00241602
0.00232132
0.00222921
0.00214132
0.00205778
0.00197347
0.00188579
0.00179677
0.00170741
0.001618
0.00152879
0.00143995
0.00135162
0.00126388
0.00117679
0.00109041
0.00100478
0.000919931
0.000835896
0.000752703
0.000670375
0.000588937
0.00050841
0.000428817
0.000350177
0.000272511
0.000195841
0.000120185
4.55638e-005
-2.80032e-005
-0.000100497
-0.000171899
-0.000242189
-0.000311352
-0.000379367
-0.000446218
-0.000511886
-0.000576355
-0.000639606
-0.000701622
-0.000762385
-0.000821878
-0.000880085
-0.000936989
-0.000992573
-0.00104682
-0.00109972
-0.00115125
-0.0012014
-0.00125016
-0.00129751
-0.00134343
-0.00138792
-0.00143096
-0.00147254
-0.00151265
-0.00155128
-0.00158842
-0.00162405
-0.00165817
-0.00169076
-0.00172182
-0.00175134
-0.00177929
-0.00180569
-0.00183052
-0.00185379
-0.00187548
-0.00189558
-0.00191409
-0.00193101
-0.00194633
-0.00196004
-0.00197215
-0.00198264
-0.00199152
-0.00199877
-0.00200441
-0.00200843
-0.00201083
-0.0020116
-0.00201075
-0.00200828
-0.00200419
-0.00199847
-0.00199115
-0.0019822
-0.00197165
-0.00195949
-0.00194573
-0.00193037
-0.00191341
-0.00189487
-0.00187474
-0.00185304
-0.00182978
-0.00180495
-0.00177857
-0.00175064
-0.00172117
-0.00169016
-0.00165763
-0.00162359
-0.00158804
-0.00155099
-0.00151246
-0.00147245
-0.00143097
-0.00138802
-0.00134362
-0.00129777
-0.00125047
-0.00120172
-0.00115153
-0.00109989
-0.00104679
-0.000992216
-0.000936153
-0.00087857
-0.000819415
-0.000758663
-0.000696159
-0.000632021
-0.000565595
-0.000498094
-0.000425983
-0.000357525
-0.000271885
-0.000218732
-7.71913e-005
-0.000144835
)
;

boundaryField
{
    walls
    {
        type            zeroGradient;
    }
    inlet
    {
        type            zeroGradient;
    }
    outlet
    {
        type            fixedValue;
        value           uniform 0;
    }
    frontAndBack
    {
        type            empty;
    }
}


// ************************************************************************* //
