/*--------------------------------*- C++ -*----------------------------------*\
| =========                 |                                                 |
| \\      /  F ield         | OpenFOAM: The Open Source CFD Toolbox           |
|  \\    /   O peration     | Version:  5.x                                   |
|   \\  /    A nd           | Web:      www.OpenFOAM.org                      |
|    \\/     M anipulation  |                                                 |
\*---------------------------------------------------------------------------*/
/*   Windows 32 and 64 bit porting by blueCAPE: http://www.bluecape.com.pt   *\
|  Based on Windows porting (2.0.x v4) by Symscape: http://www.symscape.com   |
\*---------------------------------------------------------------------------*/
FoamFile
{
    version     2.0;
    format      ascii;
    class       volScalarField;
    location    "2000";
    object      omega;
}
// * * * * * * * * * * * * * * * * * * * * * * * * * * * * * * * * * * * * * //

dimensions      [0 0 -1 0 0 0 0];

internalField   nonuniform List<scalar> 
4000
(
4.17031e+009
4.08613e+009
4.38097e+009
5.20342e+009
6.35462e+009
7.48108e+009
8.55818e+009
9.57281e+009
1.05267e+010
1.14236e+010
1.22661e+010
1.30568e+010
1.37977e+010
1.44912e+010
1.51395e+010
1.57448e+010
1.63096e+010
1.6836e+010
1.73265e+010
1.77833e+010
1.82089e+010
1.86054e+010
1.89752e+010
1.93203e+010
1.96427e+010
1.99444e+010
2.02271e+010
2.04922e+010
2.07413e+010
2.09754e+010
2.11956e+010
2.14027e+010
2.15972e+010
2.17796e+010
2.19499e+010
2.21084e+010
2.22549e+010
2.2389e+010
2.25105e+010
2.26189e+010
2.27135e+010
2.27939e+010
2.28597e+010
2.2911e+010
2.29489e+010
2.29774e+010
2.29921e+010
2.29919e+010
2.29763e+010
2.29451e+010
2.28978e+010
2.28342e+010
2.27543e+010
2.26579e+010
2.25451e+010
2.24159e+010
2.22704e+010
2.21089e+010
2.19318e+010
2.17394e+010
2.15323e+010
2.1311e+010
2.10763e+010
2.0829e+010
2.057e+010
2.03002e+010
2.00208e+010
1.97329e+010
1.94378e+010
1.91368e+010
1.88314e+010
1.85231e+010
1.82134e+010
1.79039e+010
1.75963e+010
1.72922e+010
1.69934e+010
1.67015e+010
1.64182e+010
1.6145e+010
1.58834e+010
1.56349e+010
1.5401e+010
1.51827e+010
1.49812e+010
1.47975e+010
1.46322e+010
1.44861e+010
1.43597e+010
1.42534e+010
1.41672e+010
1.4101e+010
1.40545e+010
1.40268e+010
1.40169e+010
1.40235e+010
1.40447e+010
1.40784e+010
1.4122e+010
1.41726e+010
1.42268e+010
1.42807e+010
1.43291e+010
1.43637e+010
1.43676e+010
1.43404e+010
1.43005e+010
1.4263e+010
1.42257e+010
1.41743e+010
1.40961e+010
1.39927e+010
1.38715e+010
1.37374e+010
1.35945e+010
1.34471e+010
1.32999e+010
1.31573e+010
1.3024e+010
1.29049e+010
1.28052e+010
1.27308e+010
1.26884e+010
1.26864e+010
1.27357e+010
1.28498e+010
1.30461e+010
1.33463e+010
1.37753e+010
1.43598e+010
1.51241e+010
1.60855e+010
1.72502e+010
1.86115e+010
2.01508e+010
2.18422e+010
2.36559e+010
2.55621e+010
2.75332e+010
2.95451e+010
3.15769e+010
3.36108e+010
3.56318e+010
3.76272e+010
3.9586e+010
4.14988e+010
4.33575e+010
4.51551e+010
4.68854e+010
4.85433e+010
5.01242e+010
5.16243e+010
5.30404e+010
5.43698e+010
5.56106e+010
5.67612e+010
5.78208e+010
5.87888e+010
5.96654e+010
6.04513e+010
6.11474e+010
6.17552e+010
6.22765e+010
6.27132e+010
6.30675e+010
6.33415e+010
6.35372e+010
6.36567e+010
6.37017e+010
6.36743e+010
6.35769e+010
6.34293e+010
6.32647e+010
6.30618e+010
6.28061e+010
6.2488e+010
6.21006e+010
6.16393e+010
6.11007e+010
6.04827e+010
5.97836e+010
5.90024e+010
5.81384e+010
5.71912e+010
5.61608e+010
5.50474e+010
5.38517e+010
5.25744e+010
5.12168e+010
4.97802e+010
4.82665e+010
4.66777e+010
4.50161e+010
4.32842e+010
4.14848e+010
3.96202e+010
3.76944e+010
3.57057e+010
3.36706e+010
3.16411e+010
2.90233e+009
2.28153e+009
2.75077e+009
3.37741e+009
3.9692e+009
4.43787e+009
4.79938e+009
5.08713e+009
5.32272e+009
5.52067e+009
5.69133e+009
5.84235e+009
5.9793e+009
6.10607e+009
6.22519e+009
6.33851e+009
6.44733e+009
6.55252e+009
6.65466e+009
6.75409e+009
6.85098e+009
6.94539e+009
7.03729e+009
7.12661e+009
7.21321e+009
7.29692e+009
7.37756e+009
7.45491e+009
7.52875e+009
7.59884e+009
7.66495e+009
7.72682e+009
7.78422e+009
7.8369e+009
7.88463e+009
7.92719e+009
7.96438e+009
7.99602e+009
8.02197e+009
8.04213e+009
8.05648e+009
8.06513e+009
8.06837e+009
8.06687e+009
8.06197e+009
8.05578e+009
8.04427e+009
8.02742e+009
8.0052e+009
7.97758e+009
7.9446e+009
7.90631e+009
7.86279e+009
7.81414e+009
7.76047e+009
7.70194e+009
7.63869e+009
7.57092e+009
7.49883e+009
7.42263e+009
7.34258e+009
7.25894e+009
7.17198e+009
7.08202e+009
6.98937e+009
6.89437e+009
6.79737e+009
6.69875e+009
6.59888e+009
6.49816e+009
6.39701e+009
6.29583e+009
6.19505e+009
6.09508e+009
5.99635e+009
5.89924e+009
5.80417e+009
5.71149e+009
5.62157e+009
5.5347e+009
5.45118e+009
5.37123e+009
5.29507e+009
5.22282e+009
5.15459e+009
5.09044e+009
5.03039e+009
4.97441e+009
4.92244e+009
4.87438e+009
4.8301e+009
4.78945e+009
4.75225e+009
4.71831e+009
4.68742e+009
4.65935e+009
4.63386e+009
4.61068e+009
4.58953e+009
4.57009e+009
4.55196e+009
4.53472e+009
4.51792e+009
4.50119e+009
4.48429e+009
4.4669e+009
4.44925e+009
4.43425e+009
4.42101e+009
4.407e+009
4.39178e+009
4.3751e+009
4.35656e+009
4.33602e+009
4.31386e+009
4.29062e+009
4.26695e+009
4.24356e+009
4.22131e+009
4.20111e+009
4.18402e+009
4.17125e+009
4.1643e+009
4.16504e+009
4.17585e+009
4.19985e+009
4.24106e+009
4.30453e+009
4.3963e+009
4.52314e+009
4.69189e+009
4.90864e+009
5.17774e+009
5.50106e+009
5.87779e+009
6.30459e+009
6.77623e+009
7.28631e+009
7.82794e+009
8.39427e+009
8.97888e+009
9.57596e+009
1.01804e+010
1.07878e+010
1.13943e+010
1.19969e+010
1.25928e+010
1.31798e+010
1.3756e+010
1.43199e+010
1.48701e+010
1.54055e+010
1.59251e+010
1.64281e+010
1.69137e+010
1.73814e+010
1.78304e+010
1.82605e+010
1.86711e+010
1.90618e+010
1.94325e+010
1.97828e+010
2.01127e+010
2.04218e+010
2.07103e+010
2.09779e+010
2.12246e+010
2.14505e+010
2.16555e+010
2.18397e+010
2.20039e+010
2.21533e+010
2.23228e+010
2.25013e+010
2.26804e+010
2.28542e+010
2.3018e+010
2.31682e+010
2.33015e+010
2.34153e+010
2.35074e+010
2.35758e+010
2.36187e+010
2.36343e+010
2.36208e+010
2.35765e+010
2.34995e+010
2.33879e+010
2.32397e+010
2.30527e+010
2.28246e+010
2.25529e+010
2.22351e+010
2.18685e+010
2.14503e+010
2.09786e+010
2.04513e+010
1.98678e+010
1.92616e+010
1.86196e+010
3.61589e+009
2.35313e+009
2.46482e+009
2.83203e+009
3.1834e+009
3.45022e+009
3.64233e+009
3.78319e+009
3.89069e+009
3.97697e+009
4.05006e+009
4.11527e+009
4.17596e+009
4.23421e+009
4.29125e+009
4.34776e+009
4.40412e+009
4.46045e+009
4.51673e+009
4.57285e+009
4.62865e+009
4.6839e+009
4.7384e+009
4.7919e+009
4.84416e+009
4.89493e+009
4.94398e+009
4.99106e+009
5.03594e+009
5.07838e+009
5.11817e+009
5.1551e+009
5.18896e+009
5.21957e+009
5.24678e+009
5.27044e+009
5.29044e+009
5.30668e+009
5.31912e+009
5.32775e+009
5.33262e+009
5.33387e+009
5.33169e+009
5.32644e+009
5.31856e+009
5.30853e+009
5.29549e+009
5.27911e+009
5.25934e+009
5.2362e+009
5.20972e+009
5.17999e+009
5.14708e+009
5.1111e+009
5.07215e+009
5.03036e+009
4.98586e+009
4.93878e+009
4.88929e+009
4.83755e+009
4.78372e+009
4.72798e+009
4.67052e+009
4.61154e+009
4.55123e+009
4.48981e+009
4.42749e+009
4.36449e+009
4.30103e+009
4.23734e+009
4.17365e+009
4.11018e+009
4.04715e+009
3.98479e+009
3.92329e+009
3.86285e+009
3.80366e+009
3.74587e+009
3.68963e+009
3.63506e+009
3.58224e+009
3.53124e+009
3.48211e+009
3.43484e+009
3.38943e+009
3.34586e+009
3.30407e+009
3.26403e+009
3.22566e+009
3.18892e+009
3.15378e+009
3.12021e+009
3.08822e+009
3.05785e+009
3.02916e+009
3.00224e+009
2.97723e+009
2.95424e+009
2.93341e+009
2.91486e+009
2.89867e+009
2.88489e+009
2.87358e+009
2.86483e+009
2.8588e+009
2.85547e+009
2.85484e+009
2.85679e+009
2.86022e+009
2.86382e+009
2.86704e+009
2.86947e+009
2.87059e+009
2.87015e+009
2.86827e+009
2.86534e+009
2.86193e+009
2.85878e+009
2.85676e+009
2.85687e+009
2.86022e+009
2.86806e+009
2.88185e+009
2.90329e+009
2.93432e+009
2.97716e+009
3.03426e+009
3.10816e+009
3.2014e+009
3.31631e+009
3.45489e+009
3.61866e+009
3.80855e+009
4.02479e+009
4.26681e+009
4.53327e+009
4.82208e+009
5.13064e+009
5.45599e+009
5.79503e+009
6.14467e+009
6.502e+009
6.86436e+009
7.22938e+009
7.59501e+009
7.95953e+009
8.32146e+009
8.67962e+009
9.03302e+009
9.38085e+009
9.72245e+009
1.00573e+010
1.03849e+010
1.07048e+010
1.10167e+010
1.13204e+010
1.16154e+010
1.19016e+010
1.21786e+010
1.24462e+010
1.27043e+010
1.29525e+010
1.31906e+010
1.34184e+010
1.36357e+010
1.38422e+010
1.40379e+010
1.42225e+010
1.4396e+010
1.45583e+010
1.47095e+010
1.48593e+010
1.5011e+010
1.51636e+010
1.53155e+010
1.5465e+010
1.56106e+010
1.57507e+010
1.58839e+010
1.60089e+010
1.61243e+010
1.6229e+010
1.63219e+010
1.64016e+010
1.6467e+010
1.65168e+010
1.65495e+010
1.65637e+010
1.65577e+010
1.65294e+010
1.64769e+010
1.63976e+010
1.62889e+010
1.61477e+010
1.59708e+010
1.5754e+010
1.54962e+010
1.51874e+010
1.48594e+010
1.44814e+010
4.02332e+009
2.46725e+009
2.36005e+009
2.55461e+009
2.77402e+009
2.94743e+009
3.07292e+009
3.16402e+009
3.23316e+009
3.28911e+009
3.3376e+009
3.38224e+009
3.42521e+009
3.46773e+009
3.51046e+009
3.55368e+009
3.59745e+009
3.64169e+009
3.68625e+009
3.73092e+009
3.77548e+009
3.81969e+009
3.86331e+009
3.90612e+009
3.94789e+009
3.9884e+009
4.02743e+009
4.06479e+009
4.10027e+009
4.1337e+009
4.16491e+009
4.19372e+009
4.22e+009
4.24362e+009
4.26445e+009
4.28241e+009
4.29742e+009
4.30945e+009
4.31846e+009
4.32448e+009
4.32755e+009
4.32778e+009
4.32528e+009
4.32024e+009
4.31284e+009
4.30323e+009
4.29141e+009
4.27698e+009
4.25993e+009
4.24027e+009
4.21805e+009
4.19333e+009
4.16619e+009
4.1367e+009
4.10497e+009
4.0711e+009
4.03519e+009
3.99736e+009
3.95774e+009
3.91645e+009
3.87363e+009
3.82941e+009
3.78395e+009
3.73739e+009
3.68988e+009
3.64158e+009
3.59266e+009
3.54327e+009
3.49358e+009
3.44375e+009
3.39395e+009
3.34433e+009
3.29505e+009
3.24626e+009
3.1981e+009
3.15069e+009
3.10415e+009
3.05858e+009
3.01405e+009
2.97064e+009
2.92837e+009
2.88728e+009
2.84737e+009
2.80862e+009
2.771e+009
2.7345e+009
2.69905e+009
2.66464e+009
2.63123e+009
2.59883e+009
2.56745e+009
2.53715e+009
2.50803e+009
2.48023e+009
2.45395e+009
2.4294e+009
2.40686e+009
2.38661e+009
2.36893e+009
2.35409e+009
2.34235e+009
2.33391e+009
2.32896e+009
2.32766e+009
2.33017e+009
2.33656e+009
2.34672e+009
2.35946e+009
2.3736e+009
2.38797e+009
2.40175e+009
2.41432e+009
2.42523e+009
2.43435e+009
2.44195e+009
2.44867e+009
2.45545e+009
2.46343e+009
2.47394e+009
2.48841e+009
2.50841e+009
2.53557e+009
2.57161e+009
2.6183e+009
2.67733e+009
2.75029e+009
2.83853e+009
2.94306e+009
3.06455e+009
3.20332e+009
3.35934e+009
3.53238e+009
3.72195e+009
3.92734e+009
4.14762e+009
4.38159e+009
4.62781e+009
4.88461e+009
5.15022e+009
5.42278e+009
5.70044e+009
5.98145e+009
6.26421e+009
6.54727e+009
6.82942e+009
7.1096e+009
7.38697e+009
7.66084e+009
7.93065e+009
8.19597e+009
8.45644e+009
8.71177e+009
8.96171e+009
9.20606e+009
9.44463e+009
9.67724e+009
9.90372e+009
1.01239e+010
1.03376e+010
1.05447e+010
1.07449e+010
1.09381e+010
1.1124e+010
1.13026e+010
1.14736e+010
1.16368e+010
1.1792e+010
1.19392e+010
1.20783e+010
1.22097e+010
1.23346e+010
1.24574e+010
1.25781e+010
1.26965e+010
1.28124e+010
1.29251e+010
1.30342e+010
1.31389e+010
1.32387e+010
1.33329e+010
1.34207e+010
1.35016e+010
1.35749e+010
1.36397e+010
1.36954e+010
1.3741e+010
1.37756e+010
1.37982e+010
1.38073e+010
1.38016e+010
1.37793e+010
1.37383e+010
1.36763e+010
1.35904e+010
1.34774e+010
1.33331e+010
1.31551e+010
1.29349e+010
1.26929e+010
1.24153e+010
4.36482e+009
2.55927e+009
2.30064e+009
2.38056e+009
2.51813e+009
2.63873e+009
2.73084e+009
2.80026e+009
2.8548e+009
2.90054e+009
2.94156e+009
2.9804e+009
3.01858e+009
3.05692e+009
3.0958e+009
3.13533e+009
3.17547e+009
3.21608e+009
3.25697e+009
3.29792e+009
3.33869e+009
3.37906e+009
3.41881e+009
3.45772e+009
3.49559e+009
3.53222e+009
3.56744e+009
3.60107e+009
3.63296e+009
3.66295e+009
3.6909e+009
3.71669e+009
3.7402e+009
3.76135e+009
3.78004e+009
3.79622e+009
3.80983e+009
3.82085e+009
3.82927e+009
3.83512e+009
3.83842e+009
3.83926e+009
3.83771e+009
3.83388e+009
3.82787e+009
3.81977e+009
3.80967e+009
3.79738e+009
3.78287e+009
3.76615e+009
3.74725e+009
3.72621e+009
3.70311e+009
3.67801e+009
3.65099e+009
3.62214e+009
3.59156e+009
3.55933e+009
3.52556e+009
3.49035e+009
3.45383e+009
3.4161e+009
3.37728e+009
3.3375e+009
3.29688e+009
3.25556e+009
3.21367e+009
3.17133e+009
3.12869e+009
3.08587e+009
3.04301e+009
3.00025e+009
2.95769e+009
2.91546e+009
2.87367e+009
2.83243e+009
2.79181e+009
2.75189e+009
2.71274e+009
2.67439e+009
2.63687e+009
2.60021e+009
2.56438e+009
2.52939e+009
2.4952e+009
2.4618e+009
2.42914e+009
2.39723e+009
2.36606e+009
2.33565e+009
2.30606e+009
2.27741e+009
2.24984e+009
2.22355e+009
2.19881e+009
2.17593e+009
2.15524e+009
2.13713e+009
2.12198e+009
2.11016e+009
2.10203e+009
2.09788e+009
2.09798e+009
2.10256e+009
2.1118e+009
2.12586e+009
2.14394e+009
2.16482e+009
2.18722e+009
2.20984e+009
2.23162e+009
2.25183e+009
2.27009e+009
2.28657e+009
2.30193e+009
2.31733e+009
2.33424e+009
2.35437e+009
2.37956e+009
2.41171e+009
2.45266e+009
2.50415e+009
2.56776e+009
2.64478e+009
2.73618e+009
2.84257e+009
2.96422e+009
3.10105e+009
3.25272e+009
3.41864e+009
3.59802e+009
3.78994e+009
3.99334e+009
4.20705e+009
4.42985e+009
4.66042e+009
4.89741e+009
5.13943e+009
5.3851e+009
5.63307e+009
5.88208e+009
6.13097e+009
6.37871e+009
6.62441e+009
6.86735e+009
7.10695e+009
7.34273e+009
7.57436e+009
7.80155e+009
8.02412e+009
8.2419e+009
8.45478e+009
8.66264e+009
8.86538e+009
9.0629e+009
9.25509e+009
9.44184e+009
9.62303e+009
9.79851e+009
9.96813e+009
1.01317e+010
1.02892e+010
1.04402e+010
1.05848e+010
1.07226e+010
1.08535e+010
1.09775e+010
1.10943e+010
1.12042e+010
1.13077e+010
1.14064e+010
1.15014e+010
1.15927e+010
1.16802e+010
1.17639e+010
1.18434e+010
1.19187e+010
1.19896e+010
1.20556e+010
1.21166e+010
1.21722e+010
1.22221e+010
1.22659e+010
1.23032e+010
1.23335e+010
1.23563e+010
1.2371e+010
1.23768e+010
1.23728e+010
1.23578e+010
1.23305e+010
1.22892e+010
1.22318e+010
1.2156e+010
1.20589e+010
1.1937e+010
1.1788e+010
1.16065e+010
1.14069e+010
1.11866e+010
4.6198e+009
2.62007e+009
2.25728e+009
2.25844e+009
2.34112e+009
2.42777e+009
2.50017e+009
2.55838e+009
2.60655e+009
2.64867e+009
2.68761e+009
2.72521e+009
2.76258e+009
2.8003e+009
2.83861e+009
2.87757e+009
2.91707e+009
2.95697e+009
2.99705e+009
3.03711e+009
3.07691e+009
3.11624e+009
3.15489e+009
3.19266e+009
3.22935e+009
3.2648e+009
3.29885e+009
3.33133e+009
3.36213e+009
3.3911e+009
3.41814e+009
3.44315e+009
3.46603e+009
3.48672e+009
3.50514e+009
3.52126e+009
3.53503e+009
3.54646e+009
3.55552e+009
3.56225e+009
3.56667e+009
3.56883e+009
3.5688e+009
3.56663e+009
3.56241e+009
3.5562e+009
3.54808e+009
3.53802e+009
3.52596e+009
3.51191e+009
3.49589e+009
3.47794e+009
3.45811e+009
3.43647e+009
3.41307e+009
3.388e+009
3.36132e+009
3.33312e+009
3.30348e+009
3.2725e+009
3.24027e+009
3.20689e+009
3.17246e+009
3.13709e+009
3.10088e+009
3.06396e+009
3.02643e+009
2.98841e+009
2.95001e+009
2.91136e+009
2.87256e+009
2.83373e+009
2.79498e+009
2.75642e+009
2.71813e+009
2.68022e+009
2.64275e+009
2.60579e+009
2.5694e+009
2.53361e+009
2.49846e+009
2.46395e+009
2.43009e+009
2.39688e+009
2.36428e+009
2.33229e+009
2.3009e+009
2.27011e+009
2.23992e+009
2.2104e+009
2.18162e+009
2.15372e+009
2.1269e+009
2.10139e+009
2.07752e+009
2.05564e+009
2.03619e+009
2.0196e+009
2.00635e+009
1.99691e+009
1.99169e+009
1.99111e+009
1.9955e+009
2.0052e+009
2.02049e+009
2.04098e+009
2.06578e+009
2.09369e+009
2.1233e+009
2.15312e+009
2.18194e+009
2.20912e+009
2.23458e+009
2.25902e+009
2.28375e+009
2.31055e+009
2.34149e+009
2.37867e+009
2.42411e+009
2.4797e+009
2.54712e+009
2.62766e+009
2.72219e+009
2.83113e+009
2.95456e+009
3.09228e+009
3.24395e+009
3.40906e+009
3.58695e+009
3.77676e+009
3.97744e+009
4.18777e+009
4.4064e+009
4.6319e+009
4.86282e+009
5.09772e+009
5.33519e+009
5.57391e+009
5.81266e+009
6.05034e+009
6.28598e+009
6.51877e+009
6.74802e+009
6.97322e+009
7.19398e+009
7.41004e+009
7.62121e+009
7.82737e+009
8.02847e+009
8.22449e+009
8.41543e+009
8.60126e+009
8.78199e+009
8.95758e+009
9.12799e+009
9.29314e+009
9.45296e+009
9.60733e+009
9.75612e+009
9.89918e+009
1.00364e+010
1.01675e+010
1.02924e+010
1.04109e+010
1.05228e+010
1.06279e+010
1.07262e+010
1.08176e+010
1.09024e+010
1.09811e+010
1.1055e+010
1.11241e+010
1.11883e+010
1.12476e+010
1.13021e+010
1.13517e+010
1.13963e+010
1.1436e+010
1.14706e+010
1.15002e+010
1.15245e+010
1.15435e+010
1.1557e+010
1.15649e+010
1.15669e+010
1.15628e+010
1.15523e+010
1.15347e+010
1.15095e+010
1.14758e+010
1.14327e+010
1.13787e+010
1.13123e+010
1.12319e+010
1.11356e+010
1.10221e+010
1.08919e+010
1.07464e+010
1.05997e+010
1.04482e+010
4.74411e+009
2.64101e+009
2.22089e+009
2.16667e+009
2.2104e+009
2.27314e+009
2.33223e+009
2.38355e+009
2.42847e+009
2.46929e+009
2.50797e+009
2.54584e+009
2.58372e+009
2.62203e+009
2.66095e+009
2.70049e+009
2.74052e+009
2.7809e+009
2.82141e+009
2.86184e+009
2.90198e+009
2.9416e+009
2.9805e+009
3.01849e+009
3.0554e+009
3.09105e+009
3.1253e+009
3.15801e+009
3.18906e+009
3.21833e+009
3.24573e+009
3.27118e+009
3.2946e+009
3.31592e+009
3.33511e+009
3.35212e+009
3.36694e+009
3.37954e+009
3.38994e+009
3.39815e+009
3.40419e+009
3.4081e+009
3.40993e+009
3.40973e+009
3.40754e+009
3.40344e+009
3.39748e+009
3.3897e+009
3.38007e+009
3.36857e+009
3.35523e+009
3.34008e+009
3.32316e+009
3.30452e+009
3.2842e+009
3.26227e+009
3.23879e+009
3.21384e+009
3.18748e+009
3.15979e+009
3.13086e+009
3.10076e+009
3.06959e+009
3.03744e+009
3.00441e+009
2.97059e+009
2.93609e+009
2.90101e+009
2.86546e+009
2.82954e+009
2.79336e+009
2.75703e+009
2.72064e+009
2.68429e+009
2.64807e+009
2.61207e+009
2.57637e+009
2.54102e+009
2.50609e+009
2.47162e+009
2.43763e+009
2.40415e+009
2.37119e+009
2.33874e+009
2.30681e+009
2.27537e+009
2.24444e+009
2.21403e+009
2.18416e+009
2.1549e+009
2.12636e+009
2.0987e+009
2.07213e+009
2.04694e+009
2.02351e+009
2.00225e+009
1.98366e+009
1.96826e+009
1.95662e+009
1.94928e+009
1.94675e+009
1.94955e+009
1.95809e+009
1.97286e+009
1.99367e+009
2.02013e+009
2.05143e+009
2.08629e+009
2.1231e+009
2.16023e+009
2.19655e+009
2.23179e+009
2.26652e+009
2.30217e+009
2.34078e+009
2.38452e+009
2.43543e+009
2.49534e+009
2.56589e+009
2.6485e+009
2.74442e+009
2.85422e+009
2.97796e+009
3.11532e+009
3.26587e+009
3.42916e+009
3.6048e+009
3.79237e+009
3.99122e+009
4.20037e+009
4.41855e+009
4.64429e+009
4.876e+009
5.11206e+009
5.35086e+009
5.59087e+009
5.83064e+009
6.06889e+009
6.30448e+009
6.53646e+009
6.76407e+009
6.98671e+009
7.20394e+009
7.41551e+009
7.62128e+009
7.82121e+009
8.01527e+009
8.20355e+009
8.38614e+009
8.56316e+009
8.73471e+009
8.90086e+009
9.06169e+009
9.21721e+009
9.36741e+009
9.51225e+009
9.65165e+009
9.7855e+009
9.91367e+009
1.0036e+010
1.01523e+010
1.02625e+010
1.03662e+010
1.04633e+010
1.05537e+010
1.06371e+010
1.07135e+010
1.07829e+010
1.08456e+010
1.09021e+010
1.0953e+010
1.09982e+010
1.10375e+010
1.10712e+010
1.10991e+010
1.11215e+010
1.11383e+010
1.11496e+010
1.11555e+010
1.1156e+010
1.11513e+010
1.11414e+010
1.11263e+010
1.11061e+010
1.10807e+010
1.10501e+010
1.10141e+010
1.09725e+010
1.09249e+010
1.08708e+010
1.08095e+010
1.07402e+010
1.06621e+010
1.05749e+010
1.04794e+010
1.03792e+010
1.02849e+010
1.02171e+010
1.02138e+010
1.02664e+010
4.81733e+009
2.6337e+009
2.18909e+009
2.09484e+009
2.10947e+009
2.15403e+009
2.20296e+009
2.24918e+009
2.2919e+009
2.33212e+009
2.37104e+009
2.40956e+009
2.44829e+009
2.48755e+009
2.52745e+009
2.56798e+009
2.60901e+009
2.65038e+009
2.69189e+009
2.73332e+009
2.77445e+009
2.81507e+009
2.85497e+009
2.89397e+009
2.93188e+009
2.96855e+009
3.00383e+009
3.03759e+009
3.06971e+009
3.10009e+009
3.12864e+009
3.15529e+009
3.17997e+009
3.20263e+009
3.22323e+009
3.24174e+009
3.25815e+009
3.27244e+009
3.28463e+009
3.29471e+009
3.30272e+009
3.30868e+009
3.31262e+009
3.31459e+009
3.31464e+009
3.3128e+009
3.30913e+009
3.3037e+009
3.2965e+009
3.28752e+009
3.27677e+009
3.26427e+009
3.25006e+009
3.23417e+009
3.21664e+009
3.19752e+009
3.17687e+009
3.15473e+009
3.13117e+009
3.10627e+009
3.08007e+009
3.05267e+009
3.02413e+009
2.99454e+009
2.96398e+009
2.93255e+009
2.90034e+009
2.86743e+009
2.83394e+009
2.79996e+009
2.76559e+009
2.73094e+009
2.69609e+009
2.66114e+009
2.62619e+009
2.59131e+009
2.5566e+009
2.52211e+009
2.48791e+009
2.45404e+009
2.42055e+009
2.38745e+009
2.35478e+009
2.32253e+009
2.29072e+009
2.25935e+009
2.22842e+009
2.19796e+009
2.16802e+009
2.13867e+009
2.11004e+009
2.08231e+009
2.05573e+009
2.03064e+009
2.00746e+009
1.98668e+009
1.96888e+009
1.95468e+009
1.94471e+009
1.93963e+009
1.94004e+009
1.94658e+009
1.95961e+009
1.97935e+009
2.00581e+009
2.0387e+009
2.07723e+009
2.12001e+009
2.16524e+009
2.21129e+009
2.25735e+009
2.30393e+009
2.35245e+009
2.40493e+009
2.46335e+009
2.52935e+009
2.60418e+009
2.68885e+009
2.78435e+009
2.892e+009
3.01333e+009
3.14811e+009
3.29565e+009
3.4553e+009
3.62658e+009
3.80931e+009
4.00339e+009
4.20857e+009
4.42412e+009
4.64876e+009
4.88088e+009
5.11873e+009
5.36052e+009
5.6045e+009
5.84898e+009
6.09237e+009
6.33327e+009
6.57043e+009
6.80281e+009
7.02961e+009
7.25021e+009
7.4642e+009
7.67134e+009
7.87156e+009
8.06498e+009
8.25166e+009
8.43167e+009
8.60523e+009
8.77257e+009
8.9339e+009
9.08942e+009
9.23928e+009
9.38358e+009
9.52239e+009
9.65573e+009
9.78356e+009
9.90581e+009
1.00224e+010
1.01331e+010
1.02378e+010
1.03363e+010
1.04284e+010
1.05139e+010
1.05925e+010
1.06641e+010
1.07285e+010
1.07857e+010
1.08355e+010
1.08783e+010
1.09147e+010
1.09446e+010
1.0968e+010
1.09849e+010
1.09954e+010
1.09994e+010
1.09973e+010
1.09891e+010
1.0975e+010
1.09552e+010
1.09298e+010
1.0899e+010
1.08631e+010
1.08222e+010
1.07766e+010
1.07264e+010
1.06717e+010
1.06125e+010
1.0549e+010
1.0481e+010
1.04084e+010
1.03311e+010
1.0249e+010
1.01629e+010
1.00751e+010
9.9917e+009
9.92765e+009
9.91938e+009
1.00525e+010
1.05216e+010
1.15559e+010
4.85691e+009
2.61099e+009
2.16108e+009
2.03776e+009
2.02957e+009
2.05929e+009
2.09954e+009
2.14122e+009
2.1819e+009
2.2215e+009
2.26056e+009
2.29966e+009
2.3392e+009
2.3794e+009
2.42034e+009
2.46197e+009
2.50417e+009
2.54676e+009
2.58954e+009
2.6323e+009
2.6748e+009
2.71684e+009
2.7582e+009
2.79869e+009
2.83812e+009
2.87633e+009
2.91318e+009
2.94853e+009
2.98227e+009
3.01431e+009
3.04454e+009
3.07291e+009
3.09936e+009
3.12384e+009
3.1463e+009
3.16674e+009
3.18513e+009
3.20147e+009
3.21576e+009
3.22801e+009
3.23824e+009
3.24646e+009
3.25272e+009
3.25703e+009
3.25944e+009
3.25999e+009
3.25873e+009
3.2557e+009
3.25095e+009
3.24448e+009
3.23627e+009
3.22635e+009
3.21474e+009
3.20146e+009
3.18655e+009
3.17004e+009
3.15198e+009
3.13241e+009
3.11138e+009
3.08894e+009
3.06515e+009
3.04008e+009
3.0138e+009
2.98636e+009
2.95786e+009
2.92838e+009
2.89799e+009
2.86679e+009
2.83487e+009
2.80234e+009
2.76928e+009
2.73579e+009
2.70198e+009
2.66793e+009
2.63375e+009
2.59951e+009
2.5653e+009
2.5312e+009
2.49727e+009
2.46358e+009
2.43016e+009
2.39706e+009
2.3643e+009
2.33191e+009
2.2999e+009
2.26829e+009
2.2371e+009
2.20635e+009
2.17612e+009
2.14649e+009
2.11761e+009
2.0897e+009
2.06303e+009
2.03801e+009
2.01512e+009
1.99497e+009
1.97821e+009
1.96555e+009
1.95775e+009
1.95559e+009
1.95966e+009
1.97042e+009
1.9883e+009
2.01365e+009
2.04674e+009
2.08748e+009
2.13518e+009
2.18826e+009
2.2447e+009
2.30307e+009
2.36313e+009
2.426e+009
2.49343e+009
2.56712e+009
2.64811e+009
2.73681e+009
2.83358e+009
2.93904e+009
3.05435e+009
3.18161e+009
3.32293e+009
3.47677e+009
3.64215e+009
3.81864e+009
4.00617e+009
4.20477e+009
4.41441e+009
4.63459e+009
4.86421e+009
5.10153e+009
5.3446e+009
5.59149e+009
5.84034e+009
6.08934e+009
6.33677e+009
6.5811e+009
6.82095e+009
7.05518e+009
7.28287e+009
7.50333e+009
7.7161e+009
7.92093e+009
8.11773e+009
8.30667e+009
8.48811e+009
8.66207e+009
8.82866e+009
8.98821e+009
9.14111e+009
9.28765e+009
9.4281e+009
9.56265e+009
9.69147e+009
9.81465e+009
9.93221e+009
1.00442e+010
1.01504e+010
1.02509e+010
1.03454e+010
1.04337e+010
1.05157e+010
1.05912e+010
1.06599e+010
1.07215e+010
1.07759e+010
1.08229e+010
1.08624e+010
1.08944e+010
1.09192e+010
1.0937e+010
1.09479e+010
1.09516e+010
1.09483e+010
1.0938e+010
1.09209e+010
1.08971e+010
1.08669e+010
1.08306e+010
1.07882e+010
1.07402e+010
1.06869e+010
1.06286e+010
1.05655e+010
1.04982e+010
1.04268e+010
1.03517e+010
1.02732e+010
1.01917e+010
1.01075e+010
1.00211e+010
9.93302e+009
9.84484e+009
9.75969e+009
9.6845e+009
9.63461e+009
9.64537e+009
9.80614e+009
1.03741e+010
1.21749e+010
1.91957e+010
4.88202e+009
2.58767e+009
2.13888e+009
1.99395e+009
1.96643e+009
1.98324e+009
2.01522e+009
2.05225e+009
2.09057e+009
2.12919e+009
2.16808e+009
2.2075e+009
2.24766e+009
2.28869e+009
2.33061e+009
2.37336e+009
2.41679e+009
2.46073e+009
2.50496e+009
2.54926e+009
2.5934e+009
2.63715e+009
2.68029e+009
2.72262e+009
2.76394e+009
2.80409e+009
2.84291e+009
2.88027e+009
2.91604e+009
2.95013e+009
2.98245e+009
3.01293e+009
3.04152e+009
3.06817e+009
3.09285e+009
3.11553e+009
3.1362e+009
3.15486e+009
3.1715e+009
3.18614e+009
3.19878e+009
3.20945e+009
3.21816e+009
3.22495e+009
3.22984e+009
3.23288e+009
3.23409e+009
3.23353e+009
3.23125e+009
3.22727e+009
3.22158e+009
3.21418e+009
3.2051e+009
3.19434e+009
3.18194e+009
3.16791e+009
3.15229e+009
3.13511e+009
3.11641e+009
3.09624e+009
3.07463e+009
3.05165e+009
3.02735e+009
3.0018e+009
2.97507e+009
2.94723e+009
2.91836e+009
2.88852e+009
2.85785e+009
2.82642e+009
2.79433e+009
2.76167e+009
2.72854e+009
2.69504e+009
2.66128e+009
2.62733e+009
2.5933e+009
2.55927e+009
2.52531e+009
2.49148e+009
2.45786e+009
2.42449e+009
2.3914e+009
2.35863e+009
2.32622e+009
2.29418e+009
2.26256e+009
2.2314e+009
2.20078e+009
2.17081e+009
2.14167e+009
2.1136e+009
2.08694e+009
2.06216e+009
2.03988e+009
2.0208e+009
2.00569e+009
1.99535e+009
1.9906e+009
1.99217e+009
2.00062e+009
2.01646e+009
2.0402e+009
2.07254e+009
2.11421e+009
2.16553e+009
2.22589e+009
2.29338e+009
2.36522e+009
2.43989e+009
2.51696e+009
2.598e+009
2.68495e+009
2.77809e+009
2.87709e+009
2.98215e+009
3.09424e+009
3.21486e+009
3.34553e+009
3.48841e+009
3.64441e+009
3.8124e+009
3.99258e+009
4.18468e+009
4.38831e+009
4.60297e+009
4.82797e+009
5.0622e+009
5.30408e+009
5.55165e+009
5.80298e+009
6.05617e+009
6.30934e+009
6.56069e+009
6.80857e+009
7.05147e+009
7.28811e+009
7.51744e+009
7.73866e+009
7.95122e+009
8.15477e+009
8.3492e+009
8.53453e+009
8.71118e+009
8.88012e+009
9.04083e+009
9.19332e+009
9.33824e+009
9.47613e+009
9.60737e+009
9.73226e+009
9.85105e+009
9.96394e+009
1.00711e+010
1.01725e+010
1.02681e+010
1.03581e+010
1.04422e+010
1.05203e+010
1.05922e+010
1.06577e+010
1.07166e+010
1.07687e+010
1.08137e+010
1.08514e+010
1.08816e+010
1.09044e+010
1.09196e+010
1.09274e+010
1.09281e+010
1.09214e+010
1.09073e+010
1.08858e+010
1.08571e+010
1.08213e+010
1.07787e+010
1.07295e+010
1.0674e+010
1.06125e+010
1.05456e+010
1.04734e+010
1.03966e+010
1.03156e+010
1.02308e+010
1.01427e+010
1.0052e+010
9.95919e+009
9.86496e+009
9.77066e+009
9.6773e+009
9.58682e+009
9.50291e+009
9.43257e+009
9.38975e+009
9.40307e+009
9.53486e+009
9.92879e+009
1.09114e+010
1.33693e+010
2.11201e+010
4.9307e+009
2.59381e+009
2.13077e+009
1.96487e+009
1.91986e+009
1.92362e+009
1.94721e+009
1.97906e+009
2.01442e+009
2.05154e+009
2.08986e+009
2.1293e+009
2.16989e+009
2.21165e+009
2.25453e+009
2.29843e+009
2.34319e+009
2.38861e+009
2.43448e+009
2.48055e+009
2.52657e+009
2.57232e+009
2.61754e+009
2.66203e+009
2.70558e+009
2.748e+009
2.78914e+009
2.82885e+009
2.867e+009
2.90349e+009
2.93824e+009
2.97116e+009
3.00221e+009
3.03134e+009
3.05851e+009
3.0837e+009
3.10689e+009
3.12809e+009
3.1473e+009
3.1645e+009
3.17973e+009
3.19298e+009
3.20429e+009
3.21366e+009
3.22113e+009
3.22672e+009
3.23046e+009
3.23241e+009
3.23261e+009
3.23111e+009
3.2279e+009
3.22298e+009
3.21636e+009
3.20805e+009
3.19805e+009
3.18639e+009
3.17309e+009
3.15816e+009
3.14164e+009
3.12356e+009
3.10396e+009
3.08287e+009
3.06036e+009
3.03646e+009
3.01126e+009
2.98482e+009
2.9572e+009
2.92849e+009
2.89877e+009
2.86817e+009
2.83676e+009
2.80464e+009
2.77192e+009
2.73868e+009
2.70506e+009
2.67113e+009
2.637e+009
2.60277e+009
2.56852e+009
2.53433e+009
2.50027e+009
2.46641e+009
2.43281e+009
2.3995e+009
2.36653e+009
2.33395e+009
2.30181e+009
2.27018e+009
2.23916e+009
2.20889e+009
2.17958e+009
2.15154e+009
2.12518e+009
2.10104e+009
2.07985e+009
2.06242e+009
2.04969e+009
2.04258e+009
2.04196e+009
2.0485e+009
2.06267e+009
2.08497e+009
2.11619e+009
2.15771e+009
2.21116e+009
2.27749e+009
2.35566e+009
2.44262e+009
2.53273e+009
2.62506e+009
2.71863e+009
2.81523e+009
2.91531e+009
3.01843e+009
3.12574e+009
3.23953e+009
3.36241e+009
3.49628e+009
3.6417e+009
3.79941e+009
3.96956e+009
4.1529e+009
4.34926e+009
4.558e+009
4.77815e+009
5.00849e+009
5.24759e+009
5.49385e+009
5.74558e+009
6.001e+009
6.25828e+009
6.51553e+009
6.77089e+009
7.02259e+009
7.26901e+009
7.50871e+009
7.74051e+009
7.96345e+009
8.17684e+009
8.38023e+009
8.57339e+009
8.75628e+009
8.92895e+009
9.09253e+009
9.24782e+009
9.39401e+009
9.53137e+009
9.66041e+009
9.78214e+009
9.89689e+009
1.0005e+010
1.01068e+010
1.02024e+010
1.02922e+010
1.03761e+010
1.04542e+010
1.05266e+010
1.05931e+010
1.06536e+010
1.0708e+010
1.0756e+010
1.07976e+010
1.08324e+010
1.08603e+010
1.0881e+010
1.08944e+010
1.09005e+010
1.08991e+010
1.08906e+010
1.08749e+010
1.08517e+010
1.08211e+010
1.07831e+010
1.07378e+010
1.06854e+010
1.06263e+010
1.05608e+010
1.04892e+010
1.0412e+010
1.03296e+010
1.02426e+010
1.01515e+010
1.00569e+010
9.9595e+009
9.86003e+009
9.75928e+009
9.65821e+009
9.55805e+009
9.46058e+009
9.36816e+009
9.2846e+009
9.2165e+009
9.17559e+009
9.18362e+009
9.28178e+009
9.54924e+009
1.01432e+010
1.13385e+010
1.38692e+010
2.01358e+010
4.99681e+009
2.65528e+009
2.14974e+009
1.95669e+009
1.89165e+009
1.88081e+009
1.89461e+009
1.92022e+009
1.95183e+009
1.98689e+009
2.02429e+009
2.06357e+009
2.10454e+009
2.14707e+009
2.19102e+009
2.23626e+009
2.28258e+009
2.32977e+009
2.37757e+009
2.42574e+009
2.474e+009
2.52209e+009
2.56976e+009
2.61678e+009
2.66293e+009
2.708e+009
2.75183e+009
2.79425e+009
2.83514e+009
2.87439e+009
2.91189e+009
2.94758e+009
2.9814e+009
3.01329e+009
3.04323e+009
3.07119e+009
3.09716e+009
3.12112e+009
3.14309e+009
3.16305e+009
3.18103e+009
3.19702e+009
3.21104e+009
3.22311e+009
3.23324e+009
3.24147e+009
3.24781e+009
3.2523e+009
3.25501e+009
3.25597e+009
3.25522e+009
3.25274e+009
3.24853e+009
3.24259e+009
3.23493e+009
3.22555e+009
3.21445e+009
3.20166e+009
3.18719e+009
3.17105e+009
3.15328e+009
3.1339e+009
3.11297e+009
3.09053e+009
3.06663e+009
3.04134e+009
3.01473e+009
2.98687e+009
2.95786e+009
2.9278e+009
2.89678e+009
2.8649e+009
2.83227e+009
2.79901e+009
2.76521e+009
2.731e+009
2.69649e+009
2.66177e+009
2.62695e+009
2.59213e+009
2.55739e+009
2.52281e+009
2.48846e+009
2.45441e+009
2.42072e+009
2.38746e+009
2.35471e+009
2.32255e+009
2.29112e+009
2.2606e+009
2.23127e+009
2.20349e+009
2.17776e+009
2.15478e+009
2.13539e+009
2.12061e+009
2.11154e+009
2.10924e+009
2.11452e+009
2.12787e+009
2.14954e+009
2.18003e+009
2.2208e+009
2.27458e+009
2.34447e+009
2.43225e+009
2.53402e+009
2.64431e+009
2.75363e+009
2.86043e+009
2.96389e+009
3.06579e+009
3.16912e+009
3.27553e+009
3.38874e+009
3.5119e+009
3.64778e+009
3.79731e+009
3.9591e+009
4.13377e+009
4.32125e+009
4.52132e+009
4.73349e+009
4.9569e+009
5.19047e+009
5.4329e+009
5.68268e+009
5.93818e+009
6.1976e+009
6.4591e+009
6.72077e+009
6.98068e+009
7.23698e+009
7.48792e+009
7.7319e+009
7.96756e+009
8.19377e+009
8.40965e+009
8.61459e+009
8.80824e+009
8.99046e+009
9.16134e+009
9.32123e+009
9.47069e+009
9.61022e+009
9.74006e+009
9.86067e+009
9.97264e+009
1.00766e+010
1.01731e+010
1.02625e+010
1.03452e+010
1.04216e+010
1.04917e+010
1.05559e+010
1.06143e+010
1.06668e+010
1.07134e+010
1.07542e+010
1.0789e+010
1.08176e+010
1.08399e+010
1.08557e+010
1.08649e+010
1.08673e+010
1.08627e+010
1.08512e+010
1.08327e+010
1.08073e+010
1.0775e+010
1.07354e+010
1.06885e+010
1.06345e+010
1.05735e+010
1.05058e+010
1.04317e+010
1.03517e+010
1.02661e+010
1.01756e+010
1.00806e+010
9.98187e+009
9.88004e+009
9.7759e+009
9.67031e+009
9.56422e+009
9.45878e+009
9.35539e+009
9.25591e+009
9.16291e+009
9.08018e+009
9.0136e+009
8.97281e+009
8.97396e+009
9.0447e+009
9.23269e+009
9.61875e+009
1.03397e+010
1.15817e+010
1.38396e+010
1.8267e+010
5.06215e+009
2.7605e+009
2.19696e+009
1.97008e+009
1.88148e+009
1.85413e+009
1.85685e+009
1.87535e+009
1.9027e+009
1.93544e+009
1.97187e+009
2.01112e+009
2.05272e+009
2.09637e+009
2.14183e+009
2.18887e+009
2.23726e+009
2.28673e+009
2.33701e+009
2.38782e+009
2.43885e+009
2.48983e+009
2.54049e+009
2.59057e+009
2.63982e+009
2.68804e+009
2.73503e+009
2.78063e+009
2.8247e+009
2.86711e+009
2.90777e+009
2.94661e+009
2.98355e+009
3.01855e+009
3.05158e+009
3.0826e+009
3.11161e+009
3.13859e+009
3.16355e+009
3.18647e+009
3.20738e+009
3.22626e+009
3.24314e+009
3.25802e+009
3.27092e+009
3.28185e+009
3.29083e+009
3.29791e+009
3.30312e+009
3.30652e+009
3.30818e+009
3.30807e+009
3.3062e+009
3.30255e+009
3.29712e+009
3.2899e+009
3.28089e+009
3.27009e+009
3.25749e+009
3.24311e+009
3.22697e+009
3.20908e+009
3.18949e+009
3.16823e+009
3.14536e+009
3.12093e+009
3.09501e+009
3.06769e+009
3.03904e+009
3.00917e+009
2.97819e+009
2.94619e+009
2.91329e+009
2.87961e+009
2.84528e+009
2.81042e+009
2.77515e+009
2.73959e+009
2.70386e+009
2.66807e+009
2.63233e+009
2.59674e+009
2.56139e+009
2.52637e+009
2.49176e+009
2.45767e+009
2.4242e+009
2.39147e+009
2.35967e+009
2.32904e+009
2.29993e+009
2.2728e+009
2.24831e+009
2.22731e+009
2.21089e+009
2.2003e+009
2.19686e+009
2.20169e+009
2.21537e+009
2.23781e+009
2.26882e+009
2.30902e+009
2.36157e+009
2.43171e+009
2.52392e+009
2.64054e+009
2.7714e+009
2.90177e+009
3.01987e+009
3.12873e+009
3.22964e+009
3.33096e+009
3.43933e+009
3.55461e+009
3.68055e+009
3.81878e+009
3.97008e+009
4.13467e+009
4.31216e+009
4.50237e+009
4.70496e+009
4.91946e+009
5.14517e+009
5.38113e+009
5.62619e+009
5.87896e+009
6.13788e+009
6.40124e+009
6.66718e+009
6.93377e+009
7.19906e+009
7.46108e+009
7.71794e+009
7.9679e+009
8.20938e+009
8.44102e+009
8.66172e+009
8.87064e+009
9.06722e+009
9.25116e+009
9.4224e+009
9.58109e+009
9.7276e+009
9.86243e+009
9.98607e+009
1.00991e+010
1.0202e+010
1.02955e+010
1.03802e+010
1.04567e+010
1.05255e+010
1.05871e+010
1.06419e+010
1.06901e+010
1.07321e+010
1.0768e+010
1.0798e+010
1.08221e+010
1.08404e+010
1.08528e+010
1.08593e+010
1.08598e+010
1.08542e+010
1.08424e+010
1.08242e+010
1.07997e+010
1.07688e+010
1.07316e+010
1.06881e+010
1.06381e+010
1.05812e+010
1.05174e+010
1.04469e+010
1.037e+010
1.0287e+010
1.01984e+010
1.01045e+010
1.00061e+010
9.90363e+009
9.79789e+009
9.68964e+009
9.57974e+009
9.46916e+009
9.35898e+009
9.25047e+009
9.14516e+009
9.04494e+009
8.95236e+009
8.87092e+009
8.80571e+009
8.76443e+009
8.75898e+009
8.80807e+009
8.94101e+009
9.20333e+009
9.66329e+009
1.04092e+010
1.1522e+010
1.32356e+010
1.58337e+010
5.11678e+009
2.8901e+009
2.26688e+009
2.00297e+009
1.8886e+009
1.84374e+009
1.835e+009
1.84642e+009
1.86978e+009
1.9007e+009
1.93679e+009
1.97675e+009
2.01979e+009
2.06543e+009
2.11329e+009
2.16306e+009
2.21444e+009
2.26713e+009
2.32079e+009
2.37513e+009
2.42981e+009
2.48453e+009
2.53899e+009
2.5929e+009
2.64601e+009
2.6981e+009
2.74894e+009
2.79837e+009
2.84623e+009
2.89241e+009
2.93679e+009
2.97929e+009
3.01985e+009
3.05842e+009
3.09496e+009
3.12944e+009
3.16186e+009
3.1922e+009
3.22045e+009
3.24661e+009
3.27069e+009
3.29268e+009
3.31259e+009
3.33044e+009
3.34621e+009
3.35994e+009
3.37163e+009
3.3813e+009
3.38901e+009
3.3948e+009
3.39879e+009
3.40097e+009
3.40133e+009
3.39985e+009
3.39651e+009
3.39129e+009
3.38418e+009
3.37515e+009
3.36419e+009
3.35131e+009
3.3365e+009
3.31978e+009
3.30118e+009
3.28074e+009
3.25849e+009
3.2345e+009
3.20884e+009
3.18157e+009
3.1528e+009
3.12263e+009
3.09116e+009
3.05852e+009
3.02483e+009
2.99021e+009
2.95481e+009
2.91877e+009
2.88222e+009
2.84531e+009
2.80817e+009
2.77094e+009
2.73375e+009
2.69673e+009
2.65999e+009
2.62365e+009
2.58784e+009
2.55269e+009
2.51834e+009
2.48498e+009
2.45286e+009
2.4223e+009
2.39377e+009
2.36788e+009
2.3455e+009
2.32774e+009
2.31601e+009
2.3119e+009
2.31697e+009
2.3322e+009
2.35738e+009
2.39097e+009
2.43215e+009
2.48221e+009
2.54789e+009
2.63948e+009
2.76304e+009
2.91237e+009
3.06296e+009
3.19356e+009
3.302e+009
3.40554e+009
3.50679e+009
3.61482e+009
3.73321e+009
3.86289e+009
4.00464e+009
4.1589e+009
4.3259e+009
4.50565e+009
4.69802e+009
4.90274e+009
5.11941e+009
5.34743e+009
5.58599e+009
5.83407e+009
6.09042e+009
6.35359e+009
6.62194e+009
6.89368e+009
7.16689e+009
7.43958e+009
7.70971e+009
7.97528e+009
8.23434e+009
8.4851e+009
8.72596e+009
8.95553e+009
9.1727e+009
9.37661e+009
9.56669e+009
9.74264e+009
9.90442e+009
1.00522e+010
1.01864e+010
1.03074e+010
1.04158e+010
1.05122e+010
1.05973e+010
1.06719e+010
1.07365e+010
1.0792e+010
1.08388e+010
1.08775e+010
1.09087e+010
1.09328e+010
1.09501e+010
1.09609e+010
1.09656e+010
1.09642e+010
1.09569e+010
1.09439e+010
1.09252e+010
1.09008e+010
1.08708e+010
1.0835e+010
1.07935e+010
1.07464e+010
1.06936e+010
1.06352e+010
1.05713e+010
1.05013e+010
1.04248e+010
1.03419e+010
1.0253e+010
1.01584e+010
1.00585e+010
9.95388e+009
9.84508e+009
9.7328e+009
9.61782e+009
9.50099e+009
9.38327e+009
9.26573e+009
9.14956e+009
9.03614e+009
8.92708e+009
8.82433e+009
8.73029e+009
8.64815e+009
8.58217e+009
8.53831e+009
8.52511e+009
8.55493e+009
8.64558e+009
8.82206e+009
9.11749e+009
9.57083e+009
1.02111e+010
1.10107e+010
1.19562e+010
1.27985e+010
5.13715e+009
3.02229e+009
2.34766e+009
2.04959e+009
1.91144e+009
1.85116e+009
1.83308e+009
1.83947e+009
1.8608e+009
1.89177e+009
1.92934e+009
1.97177e+009
2.01798e+009
2.0673e+009
2.11921e+009
2.17333e+009
2.22928e+009
2.28671e+009
2.34525e+009
2.40456e+009
2.46428e+009
2.52408e+009
2.58362e+009
2.64261e+009
2.70076e+009
2.75783e+009
2.8136e+009
2.86787e+009
2.9205e+009
2.97135e+009
3.02031e+009
3.0673e+009
3.11224e+009
3.15511e+009
3.19584e+009
3.23442e+009
3.27083e+009
3.30506e+009
3.3371e+009
3.36694e+009
3.39458e+009
3.42003e+009
3.44328e+009
3.46432e+009
3.48318e+009
3.49984e+009
3.51432e+009
3.52665e+009
3.53684e+009
3.54496e+009
3.55116e+009
3.55548e+009
3.55791e+009
3.55842e+009
3.55696e+009
3.55351e+009
3.54801e+009
3.54043e+009
3.53075e+009
3.51894e+009
3.50501e+009
3.48896e+009
3.4708e+009
3.45058e+009
3.42833e+009
3.40411e+009
3.37799e+009
3.35005e+009
3.3204e+009
3.28913e+009
3.25638e+009
3.22227e+009
3.18695e+009
3.15056e+009
3.11325e+009
3.07519e+009
3.03654e+009
2.99747e+009
2.95814e+009
2.91871e+009
2.87934e+009
2.8402e+009
2.80144e+009
2.76322e+009
2.72571e+009
2.68909e+009
2.65357e+009
2.61942e+009
2.58697e+009
2.55669e+009
2.52919e+009
2.50534e+009
2.4863e+009
2.47358e+009
2.46905e+009
2.47476e+009
2.49237e+009
2.52218e+009
2.56202e+009
2.60653e+009
2.6542e+009
2.71038e+009
2.79109e+009
2.90993e+009
3.06547e+009
3.23426e+009
3.37522e+009
3.48823e+009
3.58836e+009
3.69404e+009
3.80838e+009
3.93262e+009
4.06757e+009
4.21373e+009
4.37164e+009
4.54178e+009
4.72442e+009
4.91964e+009
5.12733e+009
5.34719e+009
5.57878e+009
5.8214e+009
6.0742e+009
6.33607e+009
6.6057e+009
6.88159e+009
7.16202e+009
7.44513e+009
7.72892e+009
8.01131e+009
8.29019e+009
8.56346e+009
8.82908e+009
9.08519e+009
9.33006e+009
9.56225e+009
9.78054e+009
9.984e+009
1.0172e+010
1.03442e+010
1.05004e+010
1.06409e+010
1.0766e+010
1.0876e+010
1.09716e+010
1.10535e+010
1.11224e+010
1.11791e+010
1.12243e+010
1.12588e+010
1.12833e+010
1.12984e+010
1.13048e+010
1.13031e+010
1.12937e+010
1.12772e+010
1.12538e+010
1.12241e+010
1.11882e+010
1.11465e+010
1.10991e+010
1.10464e+010
1.09883e+010
1.09251e+010
1.08569e+010
1.07837e+010
1.07057e+010
1.0623e+010
1.05351e+010
1.04412e+010
1.03412e+010
1.02354e+010
1.0124e+010
1.00076e+010
9.88678e+009
9.76206e+009
9.63423e+009
9.5041e+009
9.37261e+009
9.24079e+009
9.10978e+009
8.98088e+009
8.85557e+009
8.7355e+009
8.62266e+009
8.51937e+009
8.4285e+009
8.35364e+009
8.29935e+009
8.27158e+009
8.27802e+009
8.32855e+009
8.43531e+009
8.61176e+009
8.86866e+009
9.20438e+009
9.58133e+009
9.88052e+009
1.00016e+010
9.33853e+009
5.07206e+009
3.10988e+009
2.41402e+009
2.09942e+009
1.9497e+009
1.8832e+009
1.86303e+009
1.87028e+009
1.89451e+009
1.92977e+009
1.97259e+009
2.02093e+009
2.07351e+009
2.12952e+009
2.18837e+009
2.24959e+009
2.31276e+009
2.37749e+009
2.44339e+009
2.51006e+009
2.57713e+009
2.64422e+009
2.71098e+009
2.77709e+009
2.84224e+009
2.90618e+009
2.96868e+009
3.02953e+009
3.08857e+009
3.14567e+009
3.20071e+009
3.25362e+009
3.30431e+009
3.35275e+009
3.39889e+009
3.4427e+009
3.48416e+009
3.52325e+009
3.55997e+009
3.59431e+009
3.62625e+009
3.65579e+009
3.68293e+009
3.70766e+009
3.72997e+009
3.74986e+009
3.76733e+009
3.7824e+009
3.79509e+009
3.80547e+009
3.81368e+009
3.81993e+009
3.82419e+009
3.82641e+009
3.82651e+009
3.82442e+009
3.82007e+009
3.8134e+009
3.80436e+009
3.79293e+009
3.77908e+009
3.76281e+009
3.74415e+009
3.72313e+009
3.69978e+009
3.67417e+009
3.64638e+009
3.6165e+009
3.58465e+009
3.55094e+009
3.51552e+009
3.47854e+009
3.44016e+009
3.40055e+009
3.3599e+009
3.31839e+009
3.27623e+009
3.2336e+009
3.19072e+009
3.14777e+009
3.10497e+009
3.06252e+009
3.02062e+009
2.97949e+009
2.93935e+009
2.90047e+009
2.86315e+009
2.82777e+009
2.7948e+009
2.7649e+009
2.73896e+009
2.71817e+009
2.70415e+009
2.699e+009
2.70524e+009
2.7254e+009
2.76086e+009
2.80944e+009
2.86317e+009
2.91132e+009
2.95191e+009
3.00343e+009
3.09453e+009
3.23911e+009
3.40923e+009
3.5639e+009
3.67563e+009
3.78591e+009
3.90553e+009
4.0334e+009
4.16891e+009
4.31271e+009
4.466e+009
4.62996e+009
4.80554e+009
4.99338e+009
5.19382e+009
5.40699e+009
5.63279e+009
5.87093e+009
6.12093e+009
6.38208e+009
6.65348e+009
6.934e+009
7.22227e+009
7.51672e+009
7.81559e+009
8.11691e+009
8.41859e+009
8.71844e+009
9.01421e+009
9.30367e+009
9.58463e+009
9.85505e+009
1.01131e+010
1.0357e+010
1.05856e+010
1.07976e+010
1.09924e+010
1.11693e+010
1.13282e+010
1.1469e+010
1.15921e+010
1.16979e+010
1.17867e+010
1.18595e+010
1.19169e+010
1.19596e+010
1.19887e+010
1.20047e+010
1.20087e+010
1.20013e+010
1.19833e+010
1.19555e+010
1.19184e+010
1.18729e+010
1.18194e+010
1.17586e+010
1.16909e+010
1.1617e+010
1.15373e+010
1.14522e+010
1.1362e+010
1.12673e+010
1.11681e+010
1.10648e+010
1.09575e+010
1.08463e+010
1.07292e+010
1.06059e+010
1.04764e+010
1.03411e+010
1.02005e+010
1.00551e+010
9.90571e+009
9.75301e+009
9.59786e+009
9.44122e+009
9.28415e+009
9.12782e+009
8.97356e+009
8.82284e+009
8.67732e+009
8.5389e+009
8.40977e+009
8.29247e+009
8.19002e+009
8.10595e+009
8.04438e+009
8.00999e+009
8.00771e+009
8.04199e+009
8.11487e+009
8.22279e+009
8.34975e+009
8.45686e+009
8.46068e+009
8.259e+009
7.57797e+009
5.74683e+009
4.74506e+009
3.05051e+009
2.42606e+009
2.14629e+009
2.01804e+009
1.96784e+009
1.96179e+009
1.98222e+009
2.01921e+009
2.06701e+009
2.12225e+009
2.18292e+009
2.24777e+009
2.31599e+009
2.38699e+009
2.4603e+009
2.53547e+009
2.61211e+009
2.68979e+009
2.76811e+009
2.84666e+009
2.92506e+009
3.00292e+009
3.0799e+009
3.15569e+009
3.23001e+009
3.30263e+009
3.37333e+009
3.44196e+009
3.50837e+009
3.57244e+009
3.63408e+009
3.69323e+009
3.74981e+009
3.8038e+009
3.85514e+009
3.90381e+009
3.94978e+009
3.99303e+009
4.03355e+009
4.07131e+009
4.1063e+009
4.13849e+009
4.16788e+009
4.19445e+009
4.21819e+009
4.23909e+009
4.25715e+009
4.2724e+009
4.28489e+009
4.29478e+009
4.30257e+009
4.30824e+009
4.31168e+009
4.31273e+009
4.31127e+009
4.30717e+009
4.30034e+009
4.29072e+009
4.27825e+009
4.26292e+009
4.24472e+009
4.22369e+009
4.19985e+009
4.17327e+009
4.14402e+009
4.1122e+009
4.07792e+009
4.04132e+009
4.00256e+009
3.96181e+009
3.91925e+009
3.87507e+009
3.8295e+009
3.78276e+009
3.73507e+009
3.68668e+009
3.63783e+009
3.58878e+009
3.53978e+009
3.49109e+009
3.44298e+009
3.39572e+009
3.34959e+009
3.30493e+009
3.26209e+009
3.22151e+009
3.18373e+009
3.14946e+009
3.11964e+009
3.09554e+009
3.07886e+009
3.07187e+009
3.07746e+009
3.09895e+009
3.13914e+009
3.19736e+009
3.2641e+009
3.3179e+009
3.33847e+009
3.33377e+009
3.35448e+009
3.44358e+009
3.59852e+009
3.74091e+009
3.86998e+009
4.01022e+009
4.16154e+009
4.31696e+009
4.47463e+009
4.63619e+009
4.80411e+009
4.98069e+009
5.16771e+009
5.36647e+009
5.57781e+009
5.80226e+009
6.04005e+009
6.29119e+009
6.55546e+009
6.83241e+009
7.12136e+009
7.42142e+009
7.73144e+009
8.05003e+009
8.37557e+009
8.70618e+009
9.03983e+009
9.37428e+009
9.70716e+009
1.0036e+010
1.03585e+010
1.06721e+010
1.09745e+010
1.12635e+010
1.15374e+010
1.17943e+010
1.20329e+010
1.22522e+010
1.24512e+010
1.26296e+010
1.27871e+010
1.29238e+010
1.30398e+010
1.31357e+010
1.3212e+010
1.32694e+010
1.33087e+010
1.33307e+010
1.33363e+010
1.33264e+010
1.33018e+010
1.32635e+010
1.32123e+010
1.31491e+010
1.30748e+010
1.29902e+010
1.28963e+010
1.27939e+010
1.26839e+010
1.25672e+010
1.24447e+010
1.23172e+010
1.21855e+010
1.20502e+010
1.1912e+010
1.1771e+010
1.16245e+010
1.14706e+010
1.13092e+010
1.11407e+010
1.09654e+010
1.07842e+010
1.05976e+010
1.04064e+010
1.02115e+010
1.00138e+010
9.81442e+009
9.61438e+009
9.41494e+009
9.21744e+009
9.02333e+009
8.83424e+009
8.65191e+009
8.47831e+009
8.31558e+009
8.16612e+009
8.03245e+009
7.91708e+009
7.82206e+009
7.74814e+009
7.69319e+009
7.64948e+009
7.59956e+009
7.50825e+009
7.31739e+009
6.9487e+009
6.31877e+009
4.95878e+009
2.86776e+009
4.0342e+009
2.78433e+009
2.3961e+009
2.25139e+009
2.2083e+009
2.21716e+009
2.25611e+009
2.3137e+009
2.38302e+009
2.46006e+009
2.54246e+009
2.62884e+009
2.71833e+009
2.81034e+009
2.90445e+009
3.00029e+009
3.09749e+009
3.19568e+009
3.29448e+009
3.3935e+009
3.49232e+009
3.59056e+009
3.68785e+009
3.78385e+009
3.87823e+009
3.97072e+009
4.06107e+009
4.14908e+009
4.23456e+009
4.31736e+009
4.39734e+009
4.47438e+009
4.5484e+009
4.6193e+009
4.68701e+009
4.75146e+009
4.81257e+009
4.87031e+009
4.9246e+009
4.97541e+009
5.02268e+009
5.06639e+009
5.10647e+009
5.14292e+009
5.17568e+009
5.20474e+009
5.23009e+009
5.2517e+009
5.2696e+009
5.28383e+009
5.29457e+009
5.30287e+009
5.30891e+009
5.31235e+009
5.31284e+009
5.31012e+009
5.30399e+009
5.29431e+009
5.28099e+009
5.26399e+009
5.2433e+009
5.21896e+009
5.19102e+009
5.15953e+009
5.1246e+009
5.08632e+009
5.04487e+009
5.00039e+009
4.9531e+009
4.90319e+009
4.85091e+009
4.7965e+009
4.74023e+009
4.68237e+009
4.62322e+009
4.56308e+009
4.50226e+009
4.44108e+009
4.37988e+009
4.31898e+009
4.25873e+009
4.19947e+009
4.14157e+009
4.08544e+009
4.03152e+009
3.98031e+009
3.93244e+009
3.88869e+009
3.85008e+009
3.81795e+009
3.79409e+009
3.78083e+009
3.78113e+009
3.79858e+009
3.83672e+009
3.89673e+009
3.97e+009
4.02625e+009
4.01522e+009
3.91619e+009
3.78206e+009
3.73052e+009
3.8e+009
3.92826e+009
4.09767e+009
4.29986e+009
4.51359e+009
4.72398e+009
4.92829e+009
5.12939e+009
5.33135e+009
5.53803e+009
5.75263e+009
5.97757e+009
6.21467e+009
6.46521e+009
6.73009e+009
7.00983e+009
7.3047e+009
7.61465e+009
7.93939e+009
8.27839e+009
8.6308e+009
8.99553e+009
9.37119e+009
9.75611e+009
1.01484e+010
1.05457e+010
1.09458e+010
1.13461e+010
1.17437e+010
1.2136e+010
1.25202e+010
1.28935e+010
1.32534e+010
1.35974e+010
1.39233e+010
1.42292e+010
1.45135e+010
1.47749e+010
1.50124e+010
1.52253e+010
1.54132e+010
1.55758e+010
1.57134e+010
1.58262e+010
1.59146e+010
1.59792e+010
1.60207e+010
1.60399e+010
1.60375e+010
1.60145e+010
1.59718e+010
1.59104e+010
1.58313e+010
1.57357e+010
1.56246e+010
1.54994e+010
1.53615e+010
1.52123e+010
1.50534e+010
1.48868e+010
1.47142e+010
1.45377e+010
1.43591e+010
1.41798e+010
1.40003e+010
1.38094e+010
1.3607e+010
1.33935e+010
1.31695e+010
1.29356e+010
1.26927e+010
1.24415e+010
1.2183e+010
1.19181e+010
1.16477e+010
1.13729e+010
1.10948e+010
1.08143e+010
1.05327e+010
1.0251e+010
9.97011e+009
9.69109e+009
9.41469e+009
9.14135e+009
8.87114e+009
8.60345e+009
8.33675e+009
8.0679e+009
7.79156e+009
7.49933e+009
7.17921e+009
6.81339e+009
6.38432e+009
5.86805e+009
5.28985e+009
4.26423e+009
2.71495e+009
1.29052e+009
3.40027e+009
2.618e+009
2.69631e+009
2.85389e+009
3.01536e+009
3.17329e+009
3.32935e+009
3.48482e+009
3.63891e+009
3.79158e+009
3.94301e+009
4.09341e+009
4.24301e+009
4.392e+009
4.54052e+009
4.68862e+009
4.83629e+009
4.98342e+009
5.12986e+009
5.27538e+009
5.41975e+009
5.5627e+009
5.70396e+009
5.84325e+009
5.98032e+009
6.11489e+009
6.24673e+009
6.37556e+009
6.50116e+009
6.62327e+009
6.74165e+009
6.85606e+009
6.96627e+009
7.07203e+009
7.17313e+009
7.26935e+009
7.36047e+009
7.4463e+009
7.52668e+009
7.60143e+009
7.67043e+009
7.73354e+009
7.79067e+009
7.84173e+009
7.88665e+009
7.9254e+009
7.95793e+009
7.98425e+009
8.00437e+009
8.01836e+009
8.02652e+009
8.03054e+009
8.03241e+009
8.03045e+009
8.0237e+009
8.01162e+009
7.99394e+009
7.97052e+009
7.94131e+009
7.90638e+009
7.86587e+009
7.81987e+009
7.76864e+009
7.71226e+009
7.65095e+009
7.58498e+009
7.51468e+009
7.44037e+009
7.36239e+009
7.28111e+009
7.19691e+009
7.1102e+009
7.02139e+009
6.93089e+009
6.83913e+009
6.74654e+009
6.65356e+009
6.56063e+009
6.46819e+009
6.37666e+009
6.28647e+009
6.19804e+009
6.11184e+009
6.02834e+009
5.94806e+009
5.87158e+009
5.79962e+009
5.73308e+009
5.67311e+009
5.62121e+009
5.57911e+009
5.54878e+009
5.53216e+009
5.53047e+009
5.54268e+009
5.5605e+009
5.54968e+009
5.42877e+009
5.10935e+009
4.65515e+009
4.27082e+009
4.13433e+009
4.2187e+009
4.45841e+009
4.77373e+009
5.10721e+009
5.43411e+009
5.74859e+009
6.05257e+009
6.35031e+009
6.64652e+009
6.94565e+009
7.25164e+009
7.56778e+009
7.89679e+009
8.24086e+009
8.60171e+009
8.9806e+009
9.37836e+009
9.79555e+009
1.02324e+010
1.06887e+010
1.11641e+010
1.16577e+010
1.21683e+010
1.26943e+010
1.32339e+010
1.37848e+010
1.43444e+010
1.49099e+010
1.54784e+010
1.60464e+010
1.66107e+010
1.7168e+010
1.77147e+010
1.82477e+010
1.87638e+010
1.926e+010
1.97337e+010
2.01825e+010
2.06043e+010
2.09973e+010
2.13601e+010
2.16913e+010
2.19901e+010
2.22558e+010
2.24881e+010
2.26866e+010
2.28514e+010
2.29825e+010
2.30802e+010
2.31448e+010
2.31769e+010
2.3177e+010
2.31459e+010
2.30846e+010
2.29941e+010
2.2876e+010
2.2732e+010
2.25644e+010
2.23761e+010
2.21707e+010
2.19533e+010
2.17298e+010
2.15081e+010
2.12981e+010
2.10801e+010
2.08385e+010
2.05735e+010
2.0286e+010
1.99767e+010
1.96467e+010
1.92967e+010
1.89279e+010
1.85412e+010
1.81376e+010
1.77183e+010
1.72841e+010
1.68359e+010
1.63744e+010
1.58998e+010
1.54122e+010
1.49111e+010
1.4395e+010
1.38618e+010
1.33077e+010
1.2727e+010
1.21116e+010
1.145e+010
1.0726e+010
9.91785e+009
8.9983e+009
7.93854e+009
6.70781e+009
5.40014e+009
4.11941e+009
2.99808e+009
2.11215e+009
1.22111e+009
7.51888e+008
3.73325e+009
5.22557e+009
6.85941e+009
8.17333e+009
9.19154e+009
1.00236e+010
1.07289e+010
1.13333e+010
1.18739e+010
1.23671e+010
1.28237e+010
1.32515e+010
1.36565e+010
1.40434e+010
1.44162e+010
1.47779e+010
1.51312e+010
1.5478e+010
1.58201e+010
1.61589e+010
1.64954e+010
1.68304e+010
1.71646e+010
1.7498e+010
1.78306e+010
1.8162e+010
1.84916e+010
1.88184e+010
1.91416e+010
1.94597e+010
1.97716e+010
2.00756e+010
2.03705e+010
2.06547e+010
2.09266e+010
2.1185e+010
2.14284e+010
2.16558e+010
2.1866e+010
2.20581e+010
2.22313e+010
2.23851e+010
2.2519e+010
2.26327e+010
2.2726e+010
2.27987e+010
2.2851e+010
2.28831e+010
2.28951e+010
2.28872e+010
2.28598e+010
2.28167e+010
2.27591e+010
2.26842e+010
2.25914e+010
2.24808e+010
2.2353e+010
2.2209e+010
2.20496e+010
2.1876e+010
2.16891e+010
2.149e+010
2.12799e+010
2.10599e+010
2.08312e+010
2.05951e+010
2.03527e+010
2.01052e+010
1.98536e+010
1.95991e+010
1.93427e+010
1.90854e+010
1.8828e+010
1.85714e+010
1.83162e+010
1.80629e+010
1.78118e+010
1.75631e+010
1.73167e+010
1.70722e+010
1.68291e+010
1.65864e+010
1.63428e+010
1.60966e+010
1.58456e+010
1.55872e+010
1.53178e+010
1.50333e+010
1.47282e+010
1.4396e+010
1.40285e+010
1.36153e+010
1.31438e+010
1.25978e+010
1.19565e+010
1.1192e+010
1.02729e+010
9.1444e+009
7.6849e+009
6.63514e+009
5.98132e+009
5.74946e+009
5.91135e+009
6.34789e+009
6.91389e+009
7.53539e+009
8.1848e+009
8.85226e+009
9.53412e+009
1.02292e+010
1.09374e+010
1.16595e+010
1.23968e+010
1.31507e+010
1.39231e+010
1.47161e+010
1.55319e+010
1.63726e+010
1.72405e+010
1.81377e+010
1.90662e+010
2.00277e+010
2.10237e+010
2.20553e+010
2.31233e+010
2.4228e+010
2.53691e+010
2.65459e+010
2.7757e+010
2.90006e+010
3.02743e+010
3.15751e+010
3.28997e+010
3.42442e+010
3.56044e+010
3.69758e+010
3.83536e+010
3.9733e+010
4.1109e+010
4.24765e+010
4.38307e+010
4.51666e+010
4.64795e+010
4.77648e+010
4.90182e+010
5.02354e+010
5.14124e+010
5.25454e+010
5.36308e+010
5.46652e+010
5.56453e+010
5.6568e+010
5.74302e+010
5.8229e+010
5.89617e+010
5.96257e+010
6.02186e+010
6.07382e+010
6.1183e+010
6.15519e+010
6.18451e+010
6.20639e+010
6.22121e+010
6.22968e+010
6.23296e+010
6.23291e+010
6.22799e+010
6.21493e+010
6.19343e+010
6.16313e+010
6.12431e+010
6.07695e+010
6.02142e+010
5.95772e+010
5.88601e+010
5.80637e+010
5.71902e+010
5.62408e+010
5.52162e+010
5.4116e+010
5.29384e+010
5.16795e+010
5.0333e+010
4.88893e+010
4.73348e+010
4.56504e+010
4.38097e+010
4.17753e+010
3.94931e+010
3.68953e+010
3.38952e+010
3.03777e+010
2.62006e+010
2.12097e+010
1.58241e+010
1.05601e+010
6.09375e+009
2.77973e+009
7.76205e+008
9.2015e+007
)
;

boundaryField
{
    walls
    {
        Cmu             0.09;
        kappa           0.41;
        E               9.8;
        beta1           0.075;
        blended         false;
        type            omegaWallFunction;
        value           nonuniform List<scalar> 
400
(
4.17031e+009
4.08613e+009
4.38097e+009
5.20342e+009
6.35462e+009
7.48108e+009
8.55818e+009
9.57281e+009
1.05267e+010
1.14236e+010
1.22661e+010
1.30568e+010
1.37977e+010
1.44912e+010
1.51395e+010
1.57448e+010
1.63096e+010
1.6836e+010
1.73265e+010
1.77833e+010
1.82089e+010
1.86054e+010
1.89752e+010
1.93203e+010
1.96427e+010
1.99444e+010
2.02271e+010
2.04922e+010
2.07413e+010
2.09754e+010
2.11956e+010
2.14027e+010
2.15972e+010
2.17796e+010
2.19499e+010
2.21084e+010
2.22549e+010
2.2389e+010
2.25105e+010
2.26189e+010
2.27135e+010
2.27939e+010
2.28597e+010
2.2911e+010
2.29489e+010
2.29774e+010
2.29921e+010
2.29919e+010
2.29763e+010
2.29451e+010
2.28978e+010
2.28342e+010
2.27543e+010
2.26579e+010
2.25451e+010
2.24159e+010
2.22704e+010
2.21089e+010
2.19318e+010
2.17394e+010
2.15323e+010
2.1311e+010
2.10763e+010
2.0829e+010
2.057e+010
2.03002e+010
2.00208e+010
1.97329e+010
1.94378e+010
1.91368e+010
1.88314e+010
1.85231e+010
1.82134e+010
1.79039e+010
1.75963e+010
1.72922e+010
1.69934e+010
1.67015e+010
1.64182e+010
1.6145e+010
1.58834e+010
1.56349e+010
1.5401e+010
1.51827e+010
1.49812e+010
1.47975e+010
1.46322e+010
1.44861e+010
1.43597e+010
1.42534e+010
1.41672e+010
1.4101e+010
1.40545e+010
1.40268e+010
1.40169e+010
1.40235e+010
1.40447e+010
1.40784e+010
1.4122e+010
1.41726e+010
1.42268e+010
1.42807e+010
1.43291e+010
1.43637e+010
1.43676e+010
1.43404e+010
1.43005e+010
1.4263e+010
1.42257e+010
1.41743e+010
1.40961e+010
1.39927e+010
1.38715e+010
1.37374e+010
1.35945e+010
1.34471e+010
1.32999e+010
1.31573e+010
1.3024e+010
1.29049e+010
1.28052e+010
1.27308e+010
1.26884e+010
1.26864e+010
1.27357e+010
1.28498e+010
1.30461e+010
1.33463e+010
1.37753e+010
1.43598e+010
1.51241e+010
1.60855e+010
1.72502e+010
1.86115e+010
2.01508e+010
2.18422e+010
2.36559e+010
2.55621e+010
2.75332e+010
2.95451e+010
3.15769e+010
3.36108e+010
3.56318e+010
3.76272e+010
3.9586e+010
4.14988e+010
4.33575e+010
4.51551e+010
4.68854e+010
4.85433e+010
5.01242e+010
5.16243e+010
5.30404e+010
5.43698e+010
5.56106e+010
5.67612e+010
5.78208e+010
5.87888e+010
5.96654e+010
6.04513e+010
6.11474e+010
6.17552e+010
6.22765e+010
6.27132e+010
6.30675e+010
6.33415e+010
6.35372e+010
6.36567e+010
6.37017e+010
6.36743e+010
6.35769e+010
6.34293e+010
6.32647e+010
6.30618e+010
6.28061e+010
6.2488e+010
6.21006e+010
6.16393e+010
6.11007e+010
6.04827e+010
5.97836e+010
5.90024e+010
5.81384e+010
5.71912e+010
5.61608e+010
5.50474e+010
5.38517e+010
5.25744e+010
5.12168e+010
4.97802e+010
4.82665e+010
4.66777e+010
4.50161e+010
4.32842e+010
4.14848e+010
3.96202e+010
3.76944e+010
3.57057e+010
3.36706e+010
3.16411e+010
3.73325e+009
5.22557e+009
6.85941e+009
8.17333e+009
9.19154e+009
1.00236e+010
1.07289e+010
1.13333e+010
1.18739e+010
1.23671e+010
1.28237e+010
1.32515e+010
1.36565e+010
1.40434e+010
1.44162e+010
1.47779e+010
1.51312e+010
1.5478e+010
1.58201e+010
1.61589e+010
1.64954e+010
1.68304e+010
1.71646e+010
1.7498e+010
1.78306e+010
1.8162e+010
1.84916e+010
1.88184e+010
1.91416e+010
1.94597e+010
1.97716e+010
2.00756e+010
2.03705e+010
2.06547e+010
2.09266e+010
2.1185e+010
2.14284e+010
2.16558e+010
2.1866e+010
2.20581e+010
2.22313e+010
2.23851e+010
2.2519e+010
2.26327e+010
2.2726e+010
2.27987e+010
2.2851e+010
2.28831e+010
2.28951e+010
2.28872e+010
2.28598e+010
2.28167e+010
2.27591e+010
2.26842e+010
2.25914e+010
2.24808e+010
2.2353e+010
2.2209e+010
2.20496e+010
2.1876e+010
2.16891e+010
2.149e+010
2.12799e+010
2.10599e+010
2.08312e+010
2.05951e+010
2.03527e+010
2.01052e+010
1.98536e+010
1.95991e+010
1.93427e+010
1.90854e+010
1.8828e+010
1.85714e+010
1.83162e+010
1.80629e+010
1.78118e+010
1.75631e+010
1.73167e+010
1.70722e+010
1.68291e+010
1.65864e+010
1.63428e+010
1.60966e+010
1.58456e+010
1.55872e+010
1.53178e+010
1.50333e+010
1.47282e+010
1.4396e+010
1.40285e+010
1.36153e+010
1.31438e+010
1.25978e+010
1.19565e+010
1.1192e+010
1.02729e+010
9.1444e+009
7.6849e+009
6.63514e+009
5.98132e+009
5.74946e+009
5.91135e+009
6.34789e+009
6.91389e+009
7.53539e+009
8.1848e+009
8.85226e+009
9.53412e+009
1.02292e+010
1.09374e+010
1.16595e+010
1.23968e+010
1.31507e+010
1.39231e+010
1.47161e+010
1.55319e+010
1.63726e+010
1.72405e+010
1.81377e+010
1.90662e+010
2.00277e+010
2.10237e+010
2.20553e+010
2.31233e+010
2.4228e+010
2.53691e+010
2.65459e+010
2.7757e+010
2.90006e+010
3.02743e+010
3.15751e+010
3.28997e+010
3.42442e+010
3.56044e+010
3.69758e+010
3.83536e+010
3.9733e+010
4.1109e+010
4.24765e+010
4.38307e+010
4.51666e+010
4.64795e+010
4.77648e+010
4.90182e+010
5.02354e+010
5.14124e+010
5.25454e+010
5.36308e+010
5.46652e+010
5.56453e+010
5.6568e+010
5.74302e+010
5.8229e+010
5.89617e+010
5.96257e+010
6.02186e+010
6.07382e+010
6.1183e+010
6.15519e+010
6.18451e+010
6.20639e+010
6.22121e+010
6.22968e+010
6.23296e+010
6.23291e+010
6.22799e+010
6.21493e+010
6.19343e+010
6.16313e+010
6.12431e+010
6.07695e+010
6.02142e+010
5.95772e+010
5.88601e+010
5.80637e+010
5.71902e+010
5.62408e+010
5.52162e+010
5.4116e+010
5.29384e+010
5.16795e+010
5.0333e+010
4.88893e+010
4.73348e+010
4.56504e+010
4.38097e+010
4.17753e+010
3.94931e+010
3.68953e+010
3.38952e+010
3.03777e+010
2.62006e+010
2.12097e+010
1.58241e+010
1.05601e+010
6.09375e+009
2.77973e+009
7.76205e+008
9.2015e+007
)
;
    }
    inlet
    {
        type            fixedValue;
        value           uniform 1;
    }
    outlet
    {
        type            freestream;
        freestreamValue uniform 1;
        value           nonuniform List<scalar> 
20
(
3.16411e+010
1.86196e+010
1.44814e+010
1.24153e+010
1.11866e+010
1.04482e+010
1.02664e+010
1.15559e+010
1
1
1
1
1
1
1
1
1
1
1
1
)
;
    }
    frontAndBack
    {
        type            empty;
    }
}


// ************************************************************************* //
