/*--------------------------------*- C++ -*----------------------------------*\
| =========                 |                                                 |
| \\      /  F ield         | OpenFOAM: The Open Source CFD Toolbox           |
|  \\    /   O peration     | Version:  5.x                                   |
|   \\  /    A nd           | Web:      www.OpenFOAM.org                      |
|    \\/     M anipulation  |                                                 |
\*---------------------------------------------------------------------------*/
/*   Windows 32 and 64 bit porting by blueCAPE: http://www.bluecape.com.pt   *\
|  Based on Windows porting (2.0.x v4) by Symscape: http://www.symscape.com   |
\*---------------------------------------------------------------------------*/
FoamFile
{
    version     2.0;
    format      ascii;
    class       volScalarField;
    location    "2000";
    object      p;
}
// * * * * * * * * * * * * * * * * * * * * * * * * * * * * * * * * * * * * * //

dimensions      [0 2 -2 0 0 0 0];

internalField   nonuniform List<scalar> 
4000
(
4.01275e+014
3.99765e+014
3.98995e+014
3.98265e+014
3.96321e+014
3.91854e+014
3.84624e+014
3.75684e+014
3.65604e+014
3.55024e+014
3.44467e+014
3.34349e+014
3.24984e+014
3.16577e+014
3.0923e+014
3.02971e+014
2.9778e+014
2.93597e+014
2.90335e+014
2.87892e+014
2.86161e+014
2.85032e+014
2.84402e+014
2.84175e+014
2.84266e+014
2.84601e+014
2.85116e+014
2.85762e+014
2.86499e+014
2.87296e+014
2.88133e+014
2.89e+014
2.89889e+014
2.90803e+014
2.91748e+014
2.92733e+014
2.93772e+014
2.94878e+014
2.96068e+014
2.97358e+014
2.98764e+014
3.00299e+014
3.0198e+014
3.03822e+014
3.05822e+014
3.07965e+014
3.10267e+014
3.12712e+014
3.15296e+014
3.18013e+014
3.20849e+014
3.2379e+014
3.26819e+014
3.29916e+014
3.3306e+014
3.36228e+014
3.39398e+014
3.42545e+014
3.45646e+014
3.48678e+014
3.5162e+014
3.54453e+014
3.57158e+014
3.59721e+014
3.62129e+014
3.64374e+014
3.66448e+014
3.68346e+014
3.7007e+014
3.7162e+014
3.73002e+014
3.74222e+014
3.75291e+014
3.7622e+014
3.77023e+014
3.77713e+014
3.78308e+014
3.78825e+014
3.79283e+014
3.79702e+014
3.80105e+014
3.80515e+014
3.80957e+014
3.8146e+014
3.82055e+014
3.82773e+014
3.83645e+014
3.84709e+014
3.86005e+014
3.87575e+014
3.89461e+014
3.91702e+014
3.94337e+014
3.97395e+014
4.00896e+014
4.04842e+014
4.09211e+014
4.13954e+014
4.18982e+014
4.24158e+014
4.29291e+014
4.3412e+014
4.38291e+014
4.41357e+014
4.43304e+014
4.4402e+014
4.42922e+014
4.3969e+014
4.33883e+014
4.25282e+014
4.14296e+014
4.00548e+014
3.83661e+014
3.64295e+014
3.42956e+014
3.19846e+014
2.95257e+014
2.69537e+014
2.42941e+014
2.15631e+014
1.8772e+014
1.59263e+014
1.30242e+014
1.00583e+014
7.01639e+013
3.87883e+013
6.21356e+012
-2.78399e+013
-6.37043e+013
-1.01773e+014
-1.42506e+014
-1.86445e+014
-2.34222e+014
-2.86565e+014
-3.44293e+014
-4.08308e+014
-4.79587e+014
-5.59157e+014
-6.48069e+014
-7.47366e+014
-8.58059e+014
-9.81086e+014
-1.11728e+015
-1.26732e+015
-1.43169e+015
-1.61068e+015
-1.80432e+015
-2.01234e+015
-2.2342e+015
-2.4691e+015
-2.71593e+015
-2.97329e+015
-3.23949e+015
-3.51264e+015
-3.7906e+015
-4.0711e+015
-4.35174e+015
-4.63006e+015
-4.90359e+015
-5.16987e+015
-5.42655e+015
-5.67138e+015
-5.90225e+015
-6.11723e+015
-6.31461e+015
-6.49284e+015
-6.65058e+015
-6.78667e+015
-6.9004e+015
-6.9906e+015
-7.05658e+015
-7.09792e+015
-7.11385e+015
-7.10248e+015
-7.06417e+015
-6.99913e+015
-6.9073e+015
-6.78877e+015
-6.6439e+015
-6.4732e+015
-6.27736e+015
-6.05726e+015
-5.81396e+015
-5.54873e+015
-5.26309e+015
-4.95876e+015
-4.63774e+015
-4.30226e+015
-3.95479e+015
-3.59808e+015
-3.23505e+015
-2.86887e+015
-2.50279e+015
-2.14043e+015
-1.78452e+015
-1.44049e+015
-1.10554e+015
-7.99447e+014
-4.70487e+014
-2.99613e+014
4.01098e+014
3.99115e+014
4.00025e+014
4.00359e+014
3.99337e+014
3.95886e+014
3.89727e+014
3.81574e+014
3.72063e+014
3.6183e+014
3.51415e+014
3.41264e+014
3.31707e+014
3.22975e+014
3.15214e+014
3.08491e+014
3.02814e+014
2.98144e+014
2.94413e+014
2.91532e+014
2.89403e+014
2.87924e+014
2.86994e+014
2.86518e+014
2.86407e+014
2.86585e+014
2.86983e+014
2.87545e+014
2.88223e+014
2.88981e+014
2.89791e+014
2.90635e+014
2.91501e+014
2.92384e+014
2.93286e+014
2.94211e+014
2.95169e+014
2.96172e+014
2.97233e+014
2.98366e+014
2.99586e+014
3.00907e+014
3.02338e+014
3.0388e+014
3.05561e+014
3.07415e+014
3.09398e+014
3.11522e+014
3.1378e+014
3.16169e+014
3.18682e+014
3.21307e+014
3.24032e+014
3.26841e+014
3.29718e+014
3.32643e+014
3.35596e+014
3.38558e+014
3.41507e+014
3.44422e+014
3.47285e+014
3.50075e+014
3.52776e+014
3.55371e+014
3.57849e+014
3.60198e+014
3.62407e+014
3.6447e+014
3.66384e+014
3.68144e+014
3.69753e+014
3.71213e+014
3.72527e+014
3.73704e+014
3.7475e+014
3.75676e+014
3.76492e+014
3.77211e+014
3.77847e+014
3.78415e+014
3.78932e+014
3.79418e+014
3.79892e+014
3.80381e+014
3.80909e+014
3.815e+014
3.82183e+014
3.82988e+014
3.83947e+014
3.85097e+014
3.8647e+014
3.881e+014
3.90016e+014
3.92242e+014
3.94792e+014
3.97662e+014
4.00833e+014
4.04255e+014
4.07848e+014
4.11492e+014
4.1502e+014
4.18228e+014
4.20891e+014
4.2285e+014
4.24242e+014
4.24654e+014
4.22988e+014
4.18637e+014
4.11365e+014
4.01301e+014
3.89128e+014
3.74813e+014
3.57988e+014
3.38988e+014
3.18164e+014
2.95702e+014
2.71866e+014
2.46944e+014
2.21127e+014
1.9454e+014
1.67257e+014
1.39286e+014
1.10549e+014
8.09345e+013
5.02767e+013
1.82878e+013
-1.53626e+013
-5.10408e+013
-8.91814e+013
-1.30283e+014
-1.74905e+014
-2.23681e+014
-2.77315e+014
-3.36581e+014
-4.02318e+014
-4.75403e+014
-5.56729e+014
-6.47209e+014
-7.47749e+014
-8.59235e+014
-9.82498e+014
-1.11828e+015
-1.26722e+015
-1.42981e+015
-1.60633e+015
-1.79682e+015
-2.00111e+015
-2.21867e+015
-2.44868e+015
-2.69021e+015
-2.94205e+015
-3.20266e+015
-3.47028e+015
-3.74295e+015
-4.01856e+015
-4.29488e+015
-4.56959e+015
-4.84034e+015
-5.10477e+015
-5.36058e+015
-5.60558e+015
-5.83767e+015
-6.05493e+015
-6.25561e+015
-6.43812e+015
-6.60107e+015
-6.74328e+015
-6.86384e+015
-6.96193e+015
-7.03725e+015
-7.08874e+015
-7.11387e+015
-7.11283e+015
-7.08678e+015
-7.03472e+015
-6.95625e+015
-6.85147e+015
-6.72077e+015
-6.56455e+015
-6.38336e+015
-6.17789e+015
-5.94905e+015
-5.69794e+015
-5.42587e+015
-5.13437e+015
-4.82523e+015
-4.50045e+015
-4.16229e+015
-3.81325e+015
-3.45608e+015
-3.09371e+015
-2.72933e+015
-2.36608e+015
-2.00789e+015
-1.6565e+015
-1.32053e+015
-9.88707e+014
-7.05269e+014
-3.75387e+014
-2.37479e+014
4.04296e+014
4.01376e+014
4.02226e+014
4.02177e+014
4.00445e+014
3.96381e+014
3.90277e+014
3.82562e+014
3.73685e+014
3.64132e+014
3.54343e+014
3.44718e+014
3.35571e+014
3.27116e+014
3.19496e+014
3.12793e+014
3.07039e+014
3.0222e+014
2.98293e+014
2.95192e+014
2.92834e+014
2.91133e+014
2.89997e+014
2.89337e+014
2.89069e+014
2.89115e+014
2.89407e+014
2.89884e+014
2.90495e+014
2.91199e+014
2.91963e+014
2.92762e+014
2.9358e+014
2.94407e+014
2.9524e+014
2.96079e+014
2.96932e+014
2.97807e+014
2.98715e+014
2.9967e+014
3.00687e+014
3.01779e+014
3.02961e+014
3.04242e+014
3.05634e+014
3.07173e+014
3.08843e+014
3.10637e+014
3.12555e+014
3.14598e+014
3.16763e+014
3.19045e+014
3.21435e+014
3.23922e+014
3.26493e+014
3.29134e+014
3.31828e+014
3.34559e+014
3.37309e+014
3.40059e+014
3.42792e+014
3.4549e+014
3.48136e+014
3.50715e+014
3.53211e+014
3.55615e+014
3.57914e+014
3.60098e+014
3.6216e+014
3.64093e+014
3.65895e+014
3.67563e+014
3.69096e+014
3.70498e+014
3.71769e+014
3.72916e+014
3.73944e+014
3.74859e+014
3.75671e+014
3.7639e+014
3.77029e+014
3.77599e+014
3.78116e+014
3.786e+014
3.79073e+014
3.7955e+014
3.80054e+014
3.80609e+014
3.81242e+014
3.81978e+014
3.82844e+014
3.83866e+014
3.85067e+014
3.86462e+014
3.88059e+014
3.89854e+014
3.91823e+014
3.93924e+014
3.96085e+014
3.98204e+014
4.00142e+014
4.01734e+014
4.02797e+014
4.03173e+014
4.02781e+014
4.01276e+014
3.98077e+014
3.92884e+014
3.85452e+014
3.75638e+014
3.63696e+014
3.49601e+014
3.33189e+014
3.14742e+014
2.94567e+014
2.72852e+014
2.49822e+014
2.25708e+014
2.00656e+014
1.74752e+014
1.48024e+014
1.20403e+014
9.17446e+013
6.18884e+013
3.05776e+013
-2.59356e+012
-3.80468e+013
-7.62583e+013
-1.17775e+014
-1.63195e+014
-2.13157e+014
-2.68348e+014
-3.29495e+014
-3.97356e+014
-4.72713e+014
-5.56368e+014
-6.49129e+014
-7.51788e+014
-8.65106e+014
-9.89792e+014
-1.12648e+015
-1.27568e+015
-1.43779e+015
-1.613e+015
-1.80133e+015
-2.00264e+015
-2.21642e+015
-2.44198e+015
-2.67853e+015
-2.92492e+015
-3.17981e+015
-3.44162e+015
-3.70858e+015
-3.97873e+015
-4.25002e+015
-4.52024e+015
-4.78718e+015
-5.04858e+015
-5.30224e+015
-5.54601e+015
-5.77786e+015
-5.99591e+015
-6.19841e+015
-6.3838e+015
-6.55073e+015
-6.69801e+015
-6.82472e+015
-6.93012e+015
-7.01358e+015
-7.07453e+015
-7.11017e+015
-7.12114e+015
-7.1069e+015
-7.06746e+015
-7.00264e+015
-6.91255e+015
-6.79739e+015
-6.65746e+015
-6.49319e+015
-6.30519e+015
-6.09419e+015
-5.86116e+015
-5.60719e+015
-5.33364e+015
-5.04202e+015
-4.7341e+015
-4.41186e+015
-4.0775e+015
-3.73347e+015
-3.38241e+015
-3.02714e+015
-2.67072e+015
-2.31616e+015
-1.96733e+015
-1.62588e+015
-1.30037e+015
-9.79966e+014
-7.06588e+014
-3.91106e+014
-2.71995e+014
4.09206e+014
4.04603e+014
4.04284e+014
4.03489e+014
4.01471e+014
3.97458e+014
3.91643e+014
3.8432e+014
3.75908e+014
3.66844e+014
3.57539e+014
3.4834e+014
3.39516e+014
3.31281e+014
3.23788e+014
3.1713e+014
3.11352e+014
3.06457e+014
3.02415e+014
2.99175e+014
2.96666e+014
2.9481e+014
2.93523e+014
2.92722e+014
2.92324e+014
2.92255e+014
2.92444e+014
2.92829e+014
2.93358e+014
2.93985e+014
2.94675e+014
2.95399e+014
2.96136e+014
2.96875e+014
2.97607e+014
2.98331e+014
2.99051e+014
2.99773e+014
3.00508e+014
3.01268e+014
3.02066e+014
3.02918e+014
3.03838e+014
3.04841e+014
3.05942e+014
3.07165e+014
3.08515e+014
3.09985e+014
3.11578e+014
3.13294e+014
3.15133e+014
3.17092e+014
3.19168e+014
3.21352e+014
3.23636e+014
3.26008e+014
3.28455e+014
3.30964e+014
3.33518e+014
3.36101e+014
3.38698e+014
3.41291e+014
3.43864e+014
3.46402e+014
3.48889e+014
3.51313e+014
3.5366e+014
3.55918e+014
3.58079e+014
3.60131e+014
3.62068e+014
3.63886e+014
3.65579e+014
3.67144e+014
3.68582e+014
3.69892e+014
3.71076e+014
3.72136e+014
3.73077e+014
3.73904e+014
3.74624e+014
3.75245e+014
3.75778e+014
3.76238e+014
3.7664e+014
3.76993e+014
3.77315e+014
3.77623e+014
3.77937e+014
3.78277e+014
3.78662e+014
3.79113e+014
3.79647e+014
3.80277e+014
3.81009e+014
3.8184e+014
3.82755e+014
3.83719e+014
3.84678e+014
3.85555e+014
3.86244e+014
3.86618e+014
3.86535e+014
3.85843e+014
3.84375e+014
3.81852e+014
3.77855e+014
3.72006e+014
3.64051e+014
3.53883e+014
3.41599e+014
3.2723e+014
3.10781e+014
2.9248e+014
2.72568e+014
2.51234e+014
2.28681e+014
2.05096e+014
1.80585e+014
1.5515e+014
1.28722e+014
1.01184e+014
7.23482e+013
4.19827e+013
9.72381e+012
-2.49377e+013
-6.25034e+013
-1.03517e+014
-1.48565e+014
-1.98254e+014
-2.53217e+014
-3.14126e+014
-3.817e+014
-4.56702e+014
-5.39925e+014
-6.3218e+014
-7.34257e+014
-8.46909e+014
-9.7082e+014
-1.10659e+015
-1.25469e+015
-1.41549e+015
-1.58917e+015
-1.77575e+015
-1.97503e+015
-2.18655e+015
-2.40971e+015
-2.64366e+015
-2.88732e+015
-3.13937e+015
-3.39835e+015
-3.66256e+015
-3.93016e+015
-4.19917e+015
-4.46751e+015
-4.73306e+015
-4.99365e+015
-5.24715e+015
-5.49148e+015
-5.72466e+015
-5.94482e+015
-6.15026e+015
-6.33943e+015
-6.51097e+015
-6.66371e+015
-6.79665e+015
-6.90896e+015
-6.99991e+015
-7.0686e+015
-7.1141e+015
-7.13586e+015
-7.13298e+015
-7.10512e+015
-7.05249e+015
-6.97517e+015
-6.8733e+015
-6.74715e+015
-6.59712e+015
-6.42375e+015
-6.22768e+015
-6.00973e+015
-5.77088e+015
-5.51229e+015
-5.23529e+015
-4.94143e+015
-4.63247e+015
-4.31036e+015
-3.97729e+015
-3.63565e+015
-3.28803e+015
-2.9372e+015
-2.58617e+015
-2.23782e+015
-1.8958e+015
-1.56197e+015
-1.24428e+015
-9.34287e+014
-6.68059e+014
-3.72734e+014
-2.69439e+014
4.14387e+014
4.07761e+014
4.06164e+014
4.04369e+014
4.01832e+014
3.97527e+014
3.91702e+014
3.84629e+014
3.7666e+014
3.68116e+014
3.59335e+014
3.50618e+014
3.42223e+014
3.34354e+014
3.27156e+014
3.20722e+014
3.15103e+014
3.10308e+014
3.06318e+014
3.03088e+014
3.0056e+014
2.98661e+014
2.97315e+014
2.96443e+014
2.95968e+014
2.95816e+014
2.95919e+014
2.96216e+014
2.96654e+014
2.97187e+014
2.97777e+014
2.98396e+014
2.9902e+014
2.99636e+014
3.00234e+014
3.00813e+014
3.01373e+014
3.01921e+014
3.02466e+014
3.03021e+014
3.036e+014
3.04217e+014
3.0489e+014
3.05635e+014
3.06469e+014
3.07412e+014
3.08478e+014
3.09664e+014
3.1097e+014
3.12402e+014
3.13961e+014
3.15645e+014
3.17454e+014
3.19381e+014
3.21421e+014
3.23564e+014
3.25799e+014
3.28115e+014
3.30496e+014
3.32929e+014
3.35398e+014
3.37886e+014
3.40379e+014
3.42859e+014
3.45312e+014
3.47723e+014
3.50078e+014
3.52363e+014
3.54567e+014
3.56678e+014
3.58687e+014
3.60586e+014
3.62368e+014
3.64028e+014
3.65562e+014
3.66967e+014
3.68241e+014
3.69385e+014
3.70398e+014
3.71284e+014
3.72046e+014
3.72689e+014
3.73219e+014
3.73648e+014
3.73985e+014
3.74237e+014
3.74415e+014
3.74532e+014
3.74605e+014
3.74647e+014
3.74675e+014
3.74706e+014
3.74753e+014
3.74828e+014
3.74937e+014
3.75082e+014
3.7525e+014
3.75419e+014
3.75547e+014
3.75573e+014
3.75412e+014
3.74954e+014
3.7407e+014
3.72603e+014
3.70359e+014
3.67066e+014
3.62345e+014
3.55846e+014
3.47368e+014
3.368e+014
3.24156e+014
3.09487e+014
2.92871e+014
2.74512e+014
2.54636e+014
2.33459e+014
2.11178e+014
1.87877e+014
1.63589e+014
1.38291e+014
1.11896e+014
8.42489e+013
5.50717e+013
2.40101e+013
-9.4104e+012
-4.57299e+013
-8.54624e+013
-1.2915e+014
-1.77358e+014
-2.30672e+014
-2.89715e+014
-3.55162e+014
-4.2774e+014
-5.08226e+014
-5.97426e+014
-6.96155e+014
-8.05199e+014
-9.25295e+014
-1.05709e+015
-1.20112e+015
-1.35779e+015
-1.52734e+015
-1.70984e+015
-1.9051e+015
-2.11276e+015
-2.33228e+015
-2.56285e+015
-2.80343e+015
-3.05278e+015
-3.30948e+015
-3.57192e+015
-3.83833e+015
-4.10681e+015
-4.37536e+015
-4.64189e+015
-4.90429e+015
-5.16047e+015
-5.40834e+015
-5.64594e+015
-5.87138e+015
-6.08292e+015
-6.27899e+015
-6.45818e+015
-6.61925e+015
-6.76115e+015
-6.88297e+015
-6.98392e+015
-7.06327e+015
-7.12019e+015
-7.15454e+015
-7.16522e+015
-7.15124e+015
-7.11271e+015
-7.0498e+015
-6.9627e+015
-6.85166e+015
-6.71707e+015
-6.55942e+015
-6.37929e+015
-6.17742e+015
-5.95466e+015
-5.71204e+015
-5.45074e+015
-5.1721e+015
-4.87767e+015
-4.56918e+015
-4.24855e+015
-3.9179e+015
-3.57956e+015
-3.23604e+015
-2.88998e+015
-2.54424e+015
-2.20167e+015
-1.86562e+015
-1.53812e+015
-1.2259e+015
-9.23278e+014
-6.58493e+014
-3.76848e+014
-2.67518e+014
4.18843e+014
4.09737e+014
4.07667e+014
4.04982e+014
4.02018e+014
3.97564e+014
3.91843e+014
3.85031e+014
3.7741e+014
3.69283e+014
3.60957e+014
3.52703e+014
3.44752e+014
3.37286e+014
3.30438e+014
3.24299e+014
3.18917e+014
3.14305e+014
3.10448e+014
3.07308e+014
3.0483e+014
3.02949e+014
3.01593e+014
3.00687e+014
3.00158e+014
2.99935e+014
2.99953e+014
3.00152e+014
3.0048e+014
3.00893e+014
3.01353e+014
3.01831e+014
3.02306e+014
3.02761e+014
3.03189e+014
3.03587e+014
3.03956e+014
3.04302e+014
3.04635e+014
3.04966e+014
3.05312e+014
3.05688e+014
3.06112e+014
3.06601e+014
3.07175e+014
3.07853e+014
3.08651e+014
3.09573e+014
3.10618e+014
3.11791e+014
3.13098e+014
3.14537e+014
3.1611e+014
3.17811e+014
3.19637e+014
3.21579e+014
3.23628e+014
3.25773e+014
3.28e+014
3.30295e+014
3.32644e+014
3.35031e+014
3.37439e+014
3.39853e+014
3.42256e+014
3.44633e+014
3.46969e+014
3.49248e+014
3.51459e+014
3.53587e+014
3.55623e+014
3.57556e+014
3.59378e+014
3.61082e+014
3.62661e+014
3.64112e+014
3.6543e+014
3.66614e+014
3.67661e+014
3.68573e+014
3.69351e+014
3.69996e+014
3.70514e+014
3.70913e+014
3.71199e+014
3.71375e+014
3.7145e+014
3.71435e+014
3.71341e+014
3.71181e+014
3.70967e+014
3.70713e+014
3.70431e+014
3.70132e+014
3.69823e+014
3.69504e+014
3.69169e+014
3.688e+014
3.68362e+014
3.67803e+014
3.67049e+014
3.65999e+014
3.64527e+014
3.62472e+014
3.59609e+014
3.5563e+014
3.5018e+014
3.42976e+014
3.3385e+014
3.22664e+014
3.09392e+014
2.94161e+014
2.77078e+014
2.58368e+014
2.38272e+014
2.16922e+014
1.94471e+014
1.71034e+014
1.46685e+014
1.21389e+014
9.48933e+013
6.68554e+013
3.69615e+013
4.79002e+012
-3.01662e+013
-6.83947e+013
-1.10399e+014
-1.56717e+014
-2.07914e+014
-2.64589e+014
-3.27388e+014
-3.97009e+014
-4.74198e+014
-5.59745e+014
-6.54455e+014
-7.59134e+014
-8.74546e+014
-1.0014e+015
-1.14028e+015
-1.29168e+015
-1.45593e+015
-1.63312e+015
-1.8232e+015
-2.02596e+015
-2.24089e+015
-2.46724e+015
-2.70411e+015
-2.95033e+015
-3.2045e+015
-3.4651e+015
-3.73043e+015
-3.99865e+015
-4.26783e+015
-4.53593e+015
-4.80087e+015
-5.06058e+015
-5.31298e+015
-5.55608e+015
-5.78796e+015
-6.00685e+015
-6.21109e+015
-6.39921e+015
-6.56988e+015
-6.72198e+015
-6.85452e+015
-6.96666e+015
-7.05768e+015
-7.1269e+015
-7.1739e+015
-7.19828e+015
-7.19889e+015
-7.17511e+015
-7.12714e+015
-7.05517e+015
-6.95946e+015
-6.84037e+015
-6.69835e+015
-6.53395e+015
-6.34785e+015
-6.14084e+015
-5.91384e+015
-5.6679e+015
-5.40423e+015
-5.1242e+015
-4.82934e+015
-4.52136e+015
-4.20215e+015
-3.87378e+015
-3.5385e+015
-3.19874e+015
-2.85705e+015
-2.51619e+015
-2.17886e+015
-1.84817e+015
-1.52634e+015
-1.21871e+015
-9.22132e+014
-6.56664e+014
-3.83855e+014
-2.51816e+014
4.22042e+014
4.1124e+014
4.08977e+014
4.05674e+014
4.02412e+014
3.97903e+014
3.92289e+014
3.85699e+014
3.7841e+014
3.70683e+014
3.62797e+014
3.54994e+014
3.47483e+014
3.4043e+014
3.33958e+014
3.2815e+014
3.23049e+014
3.18668e+014
3.14992e+014
3.11986e+014
3.09599e+014
3.07768e+014
3.06426e+014
3.05501e+014
3.04924e+014
3.04628e+014
3.04549e+014
3.04631e+014
3.04825e+014
3.05087e+014
3.05382e+014
3.05684e+014
3.05969e+014
3.06226e+014
3.06446e+014
3.06629e+014
3.06775e+014
3.06891e+014
3.06987e+014
3.07077e+014
3.07176e+014
3.07302e+014
3.07473e+014
3.07708e+014
3.08026e+014
3.08446e+014
3.08988e+014
3.09658e+014
3.10457e+014
3.11392e+014
3.12466e+014
3.13683e+014
3.15042e+014
3.16541e+014
3.18174e+014
3.19937e+014
3.21818e+014
3.23809e+014
3.25895e+014
3.28064e+014
3.303e+014
3.32587e+014
3.34909e+014
3.3725e+014
3.39593e+014
3.41921e+014
3.44221e+014
3.46471e+014
3.48663e+014
3.50777e+014
3.52806e+014
3.54739e+014
3.56565e+014
3.58276e+014
3.59866e+014
3.61329e+014
3.62659e+014
3.63854e+014
3.64911e+014
3.65829e+014
3.6661e+014
3.67253e+014
3.67763e+014
3.68147e+014
3.68407e+014
3.68547e+014
3.68573e+014
3.68496e+014
3.68324e+014
3.68069e+014
3.6774e+014
3.67348e+014
3.66905e+014
3.66418e+014
3.65892e+014
3.65326e+014
3.64712e+014
3.64032e+014
3.63253e+014
3.62322e+014
3.61167e+014
3.59684e+014
3.57739e+014
3.5515e+014
3.51651e+014
3.46941e+014
3.40721e+014
3.32707e+014
3.2274e+014
3.10711e+014
2.96591e+014
2.80596e+014
2.62829e+014
2.43432e+014
2.22652e+014
2.00728e+014
1.77979e+014
1.54565e+014
1.30252e+014
1.04702e+014
7.75735e+013
4.86124e+013
1.7546e+013
-1.60976e+013
-5.27699e+013
-9.29497e+013
-1.37168e+014
-1.85986e+014
-2.39999e+014
-2.9984e+014
-3.66192e+014
-4.39784e+014
-5.21388e+014
-6.118e+014
-7.1182e+014
-8.22233e+014
-9.43761e+014
-1.07707e+015
-1.22269e+015
-1.38098e+015
-1.5522e+015
-1.73638e+015
-1.93334e+015
-2.14274e+015
-2.36402e+015
-2.5962e+015
-2.83838e+015
-3.08926e+015
-3.34726e+015
-3.61084e+015
-3.87822e+015
-4.14753e+015
-4.4168e+015
-4.68401e+015
-4.94709e+015
-5.20399e+015
-5.4527e+015
-5.69128e+015
-5.91787e+015
-6.13078e+015
-6.32842e+015
-6.5094e+015
-6.67246e+015
-6.81654e+015
-6.94072e+015
-7.04421e+015
-7.12637e+015
-7.18664e+015
-7.22473e+015
-7.23998e+015
-7.23142e+015
-7.19883e+015
-7.14239e+015
-7.06233e+015
-6.95898e+015
-6.83275e+015
-6.68417e+015
-6.51388e+015
-6.3226e+015
-6.11119e+015
-5.88061e+015
-5.63196e+015
-5.36648e+015
-5.08552e+015
-4.79064e+015
-4.4835e+015
-4.16596e+015
-3.84002e+015
-3.50788e+015
-3.17189e+015
-2.83453e+015
-2.49843e+015
-2.16623e+015
-1.84089e+015
-1.52472e+015
-1.22175e+015
-9.30778e+014
-6.64195e+014
-3.95394e+014
-2.18969e+014
4.23765e+014
4.1311e+014
4.10616e+014
4.06948e+014
4.03444e+014
3.98879e+014
3.93435e+014
3.87063e+014
3.80098e+014
3.72751e+014
3.65277e+014
3.579e+014
3.5081e+014
3.44158e+014
3.38056e+014
3.32578e+014
3.27763e+014
3.2362e+014
3.20135e+014
3.17272e+014
3.14981e+014
3.13203e+014
3.11872e+014
3.1092e+014
3.10281e+014
3.09892e+014
3.09692e+014
3.09628e+014
3.09655e+014
3.09731e+014
3.09825e+014
3.09911e+014
3.09969e+014
3.09989e+014
3.09967e+014
3.09903e+014
3.09796e+014
3.09655e+014
3.09492e+014
3.09321e+014
3.09159e+014
3.09024e+014
3.08935e+014
3.08911e+014
3.08973e+014
3.09138e+014
3.09426e+014
3.09849e+014
3.10412e+014
3.11117e+014
3.11972e+014
3.12979e+014
3.14138e+014
3.15448e+014
3.16904e+014
3.18499e+014
3.20226e+014
3.22073e+014
3.24027e+014
3.26075e+014
3.28202e+014
3.30391e+014
3.32626e+014
3.34891e+014
3.37166e+014
3.39434e+014
3.41684e+014
3.43884e+014
3.4605e+014
3.48133e+014
3.50136e+014
3.52049e+014
3.53858e+014
3.55557e+014
3.57137e+014
3.58592e+014
3.59917e+014
3.61108e+014
3.62165e+014
3.63084e+014
3.63868e+014
3.64517e+014
3.65035e+014
3.65428e+014
3.65699e+014
3.65852e+014
3.65895e+014
3.65835e+014
3.65682e+014
3.65446e+014
3.65134e+014
3.64757e+014
3.6432e+014
3.63829e+014
3.63282e+014
3.62672e+014
3.61985e+014
3.61194e+014
3.6026e+014
3.59123e+014
3.57706e+014
3.55899e+014
3.53541e+014
3.50418e+014
3.46265e+014
3.40796e+014
3.33741e+014
3.24784e+014
3.13818e+014
3.00778e+014
2.85608e+014
2.68515e+014
2.4951e+014
2.28976e+014
2.07516e+014
1.85508e+014
1.6274e+014
1.38938e+014
1.13894e+014
8.73794e+013
5.91222e+013
2.89018e+013
-3.54043e+012
-3.87185e+013
-7.70942e+013
-1.19183e+014
-1.65549e+014
-2.16785e+014
-2.73523e+014
-3.36437e+014
-4.0625e+014
-4.83725e+014
-5.69652e+014
-6.64831e+014
-7.70043e+014
-8.8606e+014
-1.01354e+015
-1.15305e+015
-1.3051e+015
-1.46994e+015
-1.64773e+015
-1.83837e+015
-2.04153e+015
-2.25692e+015
-2.48386e+015
-2.72086e+015
-2.96746e+015
-3.22215e+015
-3.48308e+015
-3.74874e+015
-4.0173e+015
-4.28688e+015
-4.55554e+015
-4.82126e+015
-5.08201e+015
-5.33576e+015
-5.58055e+015
-5.81451e+015
-6.03585e+015
-6.24291e+015
-6.4342e+015
-6.60836e+015
-6.76421e+015
-6.9007e+015
-7.01698e+015
-7.11231e+015
-7.18611e+015
-7.23786e+015
-7.26731e+015
-7.27375e+015
-7.25643e+015
-7.21543e+015
-7.15092e+015
-7.06318e+015
-6.95259e+015
-6.81964e+015
-6.66491e+015
-6.4891e+015
-6.293e+015
-6.07753e+015
-5.8437e+015
-5.59265e+015
-5.32563e+015
-5.04403e+015
-4.74937e+015
-4.44333e+015
-4.1277e+015
-3.80445e+015
-3.4757e+015
-3.14375e+015
-2.81099e+015
-2.48001e+015
-2.15347e+015
-1.83412e+015
-1.52462e+015
-1.22819e+015
-9.45235e+014
-6.81615e+014
-4.15477e+014
-1.84745e+014
4.24171e+014
4.15075e+014
4.12706e+014
4.09038e+014
4.05365e+014
4.00821e+014
3.95583e+014
3.89403e+014
3.82745e+014
3.75751e+014
3.68659e+014
3.61673e+014
3.5497e+014
3.48687e+014
3.42927e+014
3.37754e+014
3.33202e+014
3.29278e+014
3.25964e+014
3.23224e+014
3.21009e+014
3.19261e+014
3.17916e+014
3.16911e+014
3.16181e+014
3.15667e+014
3.15312e+014
3.15067e+014
3.1489e+014
3.14744e+014
3.14599e+014
3.14433e+014
3.14227e+014
3.13974e+014
3.13678e+014
3.1334e+014
3.12955e+014
3.12534e+014
3.12093e+014
3.11645e+014
3.11209e+014
3.10804e+014
3.10448e+014
3.10163e+014
3.09967e+014
3.09879e+014
3.09917e+014
3.10096e+014
3.10424e+014
3.10905e+014
3.11547e+014
3.12351e+014
3.13319e+014
3.14448e+014
3.15735e+014
3.17172e+014
3.18751e+014
3.20461e+014
3.22289e+014
3.24222e+014
3.26242e+014
3.28334e+014
3.30481e+014
3.32666e+014
3.34871e+014
3.37078e+014
3.39305e+014
3.41476e+014
3.43568e+014
3.45592e+014
3.4755e+014
3.49432e+014
3.51214e+014
3.5289e+014
3.54451e+014
3.55891e+014
3.57205e+014
3.58392e+014
3.59448e+014
3.60374e+014
3.61173e+014
3.61845e+014
3.62397e+014
3.62835e+014
3.63164e+014
3.63389e+014
3.63521e+014
3.63569e+014
3.63541e+014
3.63447e+014
3.63295e+014
3.6309e+014
3.62837e+014
3.62532e+014
3.62166e+014
3.61721e+014
3.61171e+014
3.60475e+014
3.5958e+014
3.58412e+014
3.56867e+014
3.54801e+014
3.52057e+014
3.48439e+014
3.43665e+014
3.37413e+014
3.29483e+014
3.19482e+014
3.07365e+014
2.92966e+014
2.76272e+014
2.57648e+014
2.3745e+014
2.16663e+014
1.9508e+014
1.72372e+014
1.48528e+014
1.2351e+014
9.72237e+013
6.94995e+013
4.00686e+013
8.5692e+012
-2.52818e+013
-6.19995e+013
-1.02089e+014
-1.4609e+014
-1.94586e+014
-2.48204e+014
-3.07617e+014
-3.73544e+014
-4.46746e+014
-5.28011e+014
-6.18138e+014
-7.17922e+014
-8.28123e+014
-9.49445e+014
-1.08253e+015
-1.22788e+015
-1.38587e+015
-1.5567e+015
-1.74041e+015
-1.9368e+015
-2.14533e+015
-2.36535e+015
-2.59671e+015
-2.83796e+015
-3.08819e+015
-3.34593e+015
-3.60875e+015
-3.8755e+015
-4.14434e+015
-4.4134e+015
-4.68071e+015
-4.9443e+015
-5.20215e+015
-5.45232e+015
-5.69287e+015
-5.922e+015
-6.13796e+015
-6.33917e+015
-6.52416e+015
-6.69163e+015
-6.84042e+015
-6.96953e+015
-7.07812e+015
-7.16549e+015
-7.23107e+015
-7.27439e+015
-7.29516e+015
-7.29282e+015
-7.26691e+015
-7.21762e+015
-7.14517e+015
-7.04987e+015
-6.93217e+015
-6.7926e+015
-6.63183e+015
-6.45061e+015
-6.24981e+015
-6.0304e+015
-5.79345e+015
-5.54013e+015
-5.27172e+015
-4.98964e+015
-4.69541e+015
-4.39068e+015
-4.07724e+015
-3.75699e+015
-3.43197e+015
-3.1044e+015
-2.77655e+015
-2.45086e+015
-2.12983e+015
-1.81569e+015
-1.51062e+015
-1.21588e+015
-9.30775e+014
-6.52459e+014
-3.6514e+014
-6.33035e+013
4.2413e+014
4.17522e+014
4.15532e+014
4.12124e+014
4.08532e+014
4.04025e+014
3.98773e+014
3.92881e+014
3.86486e+014
3.79809e+014
3.73059e+014
3.66422e+014
3.60063e+014
3.54106e+014
3.48643e+014
3.43732e+014
3.39402e+014
3.35655e+014
3.32471e+014
3.29813e+014
3.27634e+014
3.25876e+014
3.24478e+014
3.23379e+014
3.22518e+014
3.21839e+014
3.2129e+014
3.20826e+014
3.20408e+014
3.20002e+014
3.19583e+014
3.19132e+014
3.18627e+014
3.18066e+014
3.17473e+014
3.16849e+014
3.16168e+014
3.15452e+014
3.14718e+014
3.13983e+014
3.13266e+014
3.12586e+014
3.11961e+014
3.11413e+014
3.1096e+014
3.10621e+014
3.10413e+014
3.10352e+014
3.10448e+014
3.10709e+014
3.11142e+014
3.11749e+014
3.1253e+014
3.13485e+014
3.14607e+014
3.15891e+014
3.17327e+014
3.18904e+014
3.20609e+014
3.22428e+014
3.24344e+014
3.26341e+014
3.28401e+014
3.30508e+014
3.32645e+014
3.34806e+014
3.3691e+014
3.39033e+014
3.41112e+014
3.43093e+014
3.45004e+014
3.46858e+014
3.4861e+014
3.50262e+014
3.51803e+014
3.5323e+014
3.54537e+014
3.55723e+014
3.56789e+014
3.57737e+014
3.58569e+014
3.59291e+014
3.59911e+014
3.60435e+014
3.60874e+014
3.61238e+014
3.61539e+014
3.61788e+014
3.61997e+014
3.62176e+014
3.62334e+014
3.62472e+014
3.62591e+014
3.6268e+014
3.62718e+014
3.62671e+014
3.6249e+014
3.62108e+014
3.61446e+014
3.6041e+014
3.58886e+014
3.56693e+014
3.53648e+014
3.49598e+014
3.44238e+014
3.37134e+014
3.28308e+014
3.17184e+014
3.03719e+014
2.87544e+014
2.69144e+014
2.49968e+014
2.29505e+014
2.07545e+014
1.84435e+014
1.60201e+014
1.34912e+014
1.08571e+014
8.10283e+013
5.20426e+013
2.13849e+013
-1.13389e+013
-4.66749e+013
-8.50124e+013
-1.26875e+014
-1.7283e+014
-2.23481e+014
-2.79492e+014
-3.41577e+014
-4.10497e+014
-4.87034e+014
-5.71986e+014
-6.6615e+014
-7.703e+014
-8.85172e+014
-1.01142e+015
-1.14962e+015
-1.3002e+015
-1.46348e+015
-1.6395e+015
-1.82832e+015
-2.02961e+015
-2.24162e+015
-2.46628e+015
-2.70214e+015
-2.94528e+015
-3.19761e+015
-3.45786e+015
-3.7215e+015
-3.98827e+015
-4.25644e+015
-4.52407e+015
-4.78926e+015
-5.05003e+015
-5.30442e+015
-5.55052e+015
-5.78646e+015
-6.01046e+015
-6.22084e+015
-6.41606e+015
-6.59468e+015
-6.75543e+015
-6.89717e+015
-7.01893e+015
-7.11985e+015
-7.19925e+015
-7.25657e+015
-7.29134e+015
-7.30326e+015
-7.29202e+015
-7.2575e+015
-7.1999e+015
-7.11944e+015
-7.01652e+015
-6.89162e+015
-6.74536e+015
-6.57846e+015
-6.39175e+015
-6.18618e+015
-5.96276e+015
-5.72263e+015
-5.467e+015
-5.1972e+015
-4.91465e+015
-4.6209e+015
-4.31757e+015
-4.0064e+015
-3.68924e+015
-3.36809e+015
-3.04505e+015
-2.72222e+015
-2.40165e+015
-2.08537e+015
-1.7748e+015
-1.47227e+015
-1.17343e+015
-8.75658e+014
-5.78521e+014
-3.06623e+014
5.7476e+013
4.24263e+014
4.21008e+014
4.19367e+014
4.16332e+014
4.12881e+014
4.08475e+014
4.03201e+014
3.97517e+014
3.91364e+014
3.84965e+014
3.78512e+014
3.72178e+014
3.66112e+014
3.60426e+014
3.55204e+014
3.50498e+014
3.46331e+014
3.42703e+014
3.39592e+014
3.36962e+014
3.34765e+014
3.32945e+014
3.31444e+014
3.30203e+014
3.29166e+014
3.2828e+014
3.27497e+014
3.26775e+014
3.26081e+014
3.25384e+014
3.24665e+014
3.23905e+014
3.23088e+014
3.22208e+014
3.21307e+014
3.20371e+014
3.19375e+014
3.18348e+014
3.17313e+014
3.16286e+014
3.15284e+014
3.14328e+014
3.13435e+014
3.12626e+014
3.1192e+014
3.11334e+014
3.10885e+014
3.10588e+014
3.10455e+014
3.10499e+014
3.10725e+014
3.11137e+014
3.11736e+014
3.12518e+014
3.13479e+014
3.14611e+014
3.15906e+014
3.17352e+014
3.18935e+014
3.2064e+014
3.22452e+014
3.24352e+014
3.26321e+014
3.28339e+014
3.30378e+014
3.32458e+014
3.34514e+014
3.3663e+014
3.38684e+014
3.40561e+014
3.42423e+014
3.44286e+014
3.46022e+014
3.47659e+014
3.49189e+014
3.5061e+014
3.5192e+014
3.5312e+014
3.54211e+014
3.55199e+014
3.5609e+014
3.56893e+014
3.57619e+014
3.58276e+014
3.58884e+014
3.59456e+014
3.60009e+014
3.6056e+014
3.61124e+014
3.61716e+014
3.62343e+014
3.63008e+014
3.63704e+014
3.6441e+014
3.65093e+014
3.65696e+014
3.66144e+014
3.66332e+014
3.6614e+014
3.6544e+014
3.64105e+014
3.61909e+014
3.58601e+014
3.54143e+014
3.48317e+014
3.40332e+014
3.30789e+014
3.18653e+014
3.03115e+014
2.85877e+014
2.66919e+014
2.45984e+014
2.23574e+014
1.99761e+014
1.74902e+014
1.49193e+014
1.22611e+014
9.50514e+013
6.63042e+013
3.60998e+013
4.09556e+012
-3.00631e+013
-6.69233e+013
-1.0692e+014
-1.50603e+014
-1.98559e+014
-2.5142e+014
-3.09874e+014
-3.74659e+014
-4.46545e+014
-5.26324e+014
-6.14788e+014
-7.12724e+014
-8.20889e+014
-9.3997e+014
-1.07059e+015
-1.21326e+015
-1.36838e+015
-1.53619e+015
-1.71669e+015
-1.91028e+015
-2.11559e+015
-2.33041e+015
-2.55729e+015
-2.79585e+015
-3.04217e+015
-3.29608e+015
-3.55628e+015
-3.81976e+015
-4.0853e+015
-4.35193e+015
-4.61744e+015
-4.87985e+015
-5.13723e+015
-5.38765e+015
-5.62924e+015
-5.86018e+015
-6.07874e+015
-6.28327e+015
-6.47226e+015
-6.64431e+015
-6.79815e+015
-6.93265e+015
-7.04685e+015
-7.13988e+015
-7.21106e+015
-7.25981e+015
-7.28564e+015
-7.28834e+015
-7.26793e+015
-7.2245e+015
-7.15821e+015
-7.06936e+015
-6.95838e+015
-6.82584e+015
-6.6724e+015
-6.49888e+015
-6.30619e+015
-6.09534e+015
-5.86744e+015
-5.6237e+015
-5.36541e+015
-5.09392e+015
-4.81066e+015
-4.51717e+015
-4.21506e+015
-3.90604e+015
-3.59193e+015
-3.27459e+015
-2.95592e+015
-2.63782e+015
-2.32201e+015
-2.01002e+015
-1.70251e+015
-1.39826e+015
-1.0995e+015
-8.07557e+014
-5.16019e+014
-3.11804e+014
7.67764e+013
4.25159e+014
4.25993e+014
4.2444e+014
4.21845e+014
4.18375e+014
4.14018e+014
4.08925e+014
4.03357e+014
3.97396e+014
3.91229e+014
3.85023e+014
3.78934e+014
3.73095e+014
3.67613e+014
3.62562e+014
3.57988e+014
3.53913e+014
3.50334e+014
3.47228e+014
3.44559e+014
3.42281e+014
3.4034e+014
3.38681e+014
3.37249e+014
3.3599e+014
3.34855e+014
3.33802e+014
3.32792e+014
3.31795e+014
3.30786e+014
3.29754e+014
3.28679e+014
3.27525e+014
3.26293e+014
3.25061e+014
3.23828e+014
3.22529e+014
3.21181e+014
3.19842e+014
3.18523e+014
3.17239e+014
3.16009e+014
3.14852e+014
3.13786e+014
3.1283e+014
3.12002e+014
3.11316e+014
3.10788e+014
3.1043e+014
3.10255e+014
3.10276e+014
3.10493e+014
3.10907e+014
3.11515e+014
3.12312e+014
3.13291e+014
3.14443e+014
3.15754e+014
3.17213e+014
3.18804e+014
3.20511e+014
3.22316e+014
3.242e+014
3.26148e+014
3.28134e+014
3.30154e+014
3.32143e+014
3.34112e+014
3.36151e+014
3.38089e+014
3.39927e+014
3.41727e+014
3.43436e+014
3.45059e+014
3.46586e+014
3.48014e+014
3.49342e+014
3.50573e+014
3.51712e+014
3.52765e+014
3.53745e+014
3.54663e+014
3.55536e+014
3.56377e+014
3.57212e+014
3.58062e+014
3.58953e+014
3.59907e+014
3.60947e+014
3.62094e+014
3.63359e+014
3.64745e+014
3.66238e+014
3.67809e+014
3.694e+014
3.7093e+014
3.72286e+014
3.73318e+014
3.7383e+014
3.73671e+014
3.72683e+014
3.70595e+014
3.67131e+014
3.62201e+014
3.5604e+014
3.47388e+014
3.36443e+014
3.23228e+014
3.06652e+014
2.87176e+014
2.66212e+014
2.43436e+014
2.18984e+014
1.93489e+014
1.67265e+014
1.403e+014
1.12485e+014
8.36599e+013
5.35996e+013
2.20112e+013
-1.14651e+013
-4.72285e+013
-8.57635e+013
-1.2757e+014
-1.73215e+014
-2.2331e+014
-2.7851e+014
-3.39517e+014
-4.07072e+014
-4.81946e+014
-5.64926e+014
-6.56795e+014
-7.58325e+014
-8.70238e+014
-9.93184e+014
-1.12772e+015
-1.2743e+015
-1.43328e+015
-1.6048e+015
-1.78877e+015
-1.98516e+015
-2.19308e+015
-2.41249e+015
-2.64342e+015
-2.8832e+015
-3.1294e+015
-3.3825e+015
-3.64169e+015
-3.90486e+015
-4.1695e+015
-4.43419e+015
-4.69701e+015
-4.95608e+015
-5.20951e+015
-5.45542e+015
-5.69198e+015
-5.91741e+015
-6.13001e+015
-6.32818e+015
-6.51043e+015
-6.67537e+015
-6.82176e+015
-6.94846e+015
-7.0545e+015
-7.13902e+015
-7.20131e+015
-7.2408e+015
-7.25694e+015
-7.24976e+015
-7.21958e+015
-7.16652e+015
-7.09079e+015
-6.99275e+015
-6.87289e+015
-6.73183e+015
-6.57035e+015
-6.38933e+015
-6.18977e+015
-5.97278e+015
-5.73955e+015
-5.49137e+015
-5.22957e+015
-4.95559e+015
-4.67092e+015
-4.37712e+015
-4.0758e+015
-3.76863e+015
-3.45738e+015
-3.14381e+015
-2.82965e+015
-2.51659e+015
-2.20612e+015
-1.8988e+015
-1.5998e+015
-1.30749e+015
-1.02137e+015
-7.48604e+014
-4.84725e+014
-3.6678e+014
1.12333e+013
4.27814e+014
4.32202e+014
4.30529e+014
4.28384e+014
4.24952e+014
4.20664e+014
4.15684e+014
4.10226e+014
4.04421e+014
3.98434e+014
3.92418e+014
3.86512e+014
3.80837e+014
3.75488e+014
3.70535e+014
3.6602e+014
3.61961e+014
3.58355e+014
3.55181e+014
3.52405e+014
3.49981e+014
3.47861e+014
3.45992e+014
3.44322e+014
3.42801e+014
3.41384e+014
3.40032e+014
3.38711e+014
3.37392e+014
3.36054e+014
3.34682e+014
3.33268e+014
3.318e+014
3.30272e+014
3.287e+014
3.27118e+014
3.25517e+014
3.23888e+014
3.22265e+014
3.20667e+014
3.19111e+014
3.17617e+014
3.16202e+014
3.14886e+014
3.13686e+014
3.1262e+014
3.11702e+014
3.10947e+014
3.10366e+014
3.09974e+014
3.09786e+014
3.09805e+014
3.1003e+014
3.10459e+014
3.11087e+014
3.11906e+014
3.12907e+014
3.14079e+014
3.15407e+014
3.16879e+014
3.18476e+014
3.20181e+014
3.21977e+014
3.23845e+014
3.25764e+014
3.27721e+014
3.29692e+014
3.31656e+014
3.33611e+014
3.35483e+014
3.37314e+014
3.39097e+014
3.40804e+014
3.42432e+014
3.43974e+014
3.45428e+014
3.46796e+014
3.48081e+014
3.49291e+014
3.50437e+014
3.51534e+014
3.52597e+014
3.53655e+014
3.5473e+014
3.55844e+014
3.57035e+014
3.58337e+014
3.59784e+014
3.61409e+014
3.63241e+014
3.65299e+014
3.6759e+014
3.70097e+014
3.72776e+014
3.75551e+014
3.78303e+014
3.80877e+014
3.83069e+014
3.84529e+014
3.85134e+014
3.84626e+014
3.82374e+014
3.78956e+014
3.74249e+014
3.66932e+014
3.57559e+014
3.45585e+014
3.29681e+014
3.11386e+014
2.90807e+014
2.67443e+014
2.42188e+014
2.15942e+014
1.89063e+014
1.6157e+014
1.33327e+014
1.04189e+014
7.39731e+013
4.24386e+013
9.27487e+012
-2.58867e+013
-6.34443e+013
-1.03876e+014
-1.47709e+014
-1.95527e+014
-2.47955e+014
-3.05666e+014
-3.6937e+014
-4.39813e+014
-5.17762e+014
-6.03991e+014
-6.99259e+014
-8.04318e+014
-9.19876e+014
-1.04655e+015
-1.18487e+015
-1.33522e+015
-1.49782e+015
-1.67278e+015
-1.85997e+015
-2.05917e+015
-2.26966e+015
-2.49051e+015
-2.7217e+015
-2.96205e+015
-3.20977e+015
-3.46371e+015
-3.72251e+015
-3.98412e+015
-4.24674e+015
-4.5087e+015
-4.76814e+015
-5.02322e+015
-5.27206e+015
-5.51282e+015
-5.7437e+015
-5.96296e+015
-6.16894e+015
-6.36006e+015
-6.53485e+015
-6.69196e+015
-6.83013e+015
-6.94825e+015
-7.04532e+015
-7.1205e+015
-7.17305e+015
-7.2024e+015
-7.208e+015
-7.19018e+015
-7.14945e+015
-7.0859e+015
-6.99982e+015
-6.89163e+015
-6.76188e+015
-6.6113e+015
-6.44074e+015
-6.25118e+015
-6.04372e+015
-5.81956e+015
-5.58e+015
-5.3264e+015
-5.06021e+015
-4.78292e+015
-4.49608e+015
-4.2013e+015
-3.90022e+015
-3.59452e+015
-3.28594e+015
-2.97619e+015
-2.667e+015
-2.36017e+015
-2.05751e+015
-1.76075e+015
-1.47305e+015
-1.19412e+015
-9.33618e+014
-6.97356e+014
-4.68497e+014
-4.32619e+014
-9.28844e+013
4.326e+014
4.38986e+014
4.37214e+014
4.35489e+014
4.32161e+014
4.2798e+014
4.23105e+014
4.17774e+014
4.12126e+014
4.06306e+014
4.0045e+014
3.94684e+014
3.89117e+014
3.83838e+014
3.78911e+014
3.74378e+014
3.70257e+014
3.66548e+014
3.63232e+014
3.60277e+014
3.57645e+014
3.55289e+014
3.53161e+014
3.51213e+014
3.49399e+014
3.47677e+014
3.46011e+014
3.4437e+014
3.42727e+014
3.41064e+014
3.39368e+014
3.37629e+014
3.35841e+014
3.34008e+014
3.32146e+014
3.30273e+014
3.28378e+014
3.26473e+014
3.2458e+014
3.22716e+014
3.20902e+014
3.19156e+014
3.17495e+014
3.15939e+014
3.14503e+014
3.13204e+014
3.12058e+014
3.11078e+014
3.10277e+014
3.09666e+014
3.09264e+014
3.09078e+014
3.09107e+014
3.09349e+014
3.09797e+014
3.10447e+014
3.11287e+014
3.12309e+014
3.13499e+014
3.14842e+014
3.16322e+014
3.17923e+014
3.19626e+014
3.21412e+014
3.2326e+014
3.25153e+014
3.27068e+014
3.28988e+014
3.30903e+014
3.32778e+014
3.34612e+014
3.36397e+014
3.38117e+014
3.39767e+014
3.41343e+014
3.42844e+014
3.44271e+014
3.45632e+014
3.46937e+014
3.482e+014
3.49439e+014
3.50679e+014
3.51952e+014
3.53288e+014
3.54719e+014
3.56294e+014
3.5806e+014
3.60065e+014
3.62357e+014
3.64978e+014
3.67961e+014
3.7132e+014
3.75041e+014
3.79068e+014
3.83301e+014
3.87578e+014
3.91689e+014
3.95378e+014
3.97834e+014
3.9908e+014
3.99384e+014
3.97437e+014
3.93461e+014
3.88243e+014
3.80416e+014
3.69474e+014
3.55628e+014
3.38812e+014
3.18283e+014
2.94286e+014
2.6848e+014
2.41817e+014
2.14342e+014
1.86157e+014
1.57269e+014
1.27573e+014
9.69351e+013
6.51634e+013
3.20051e+013
-2.87342e+012
-3.985e+013
-7.93316e+013
-1.2181e+014
-1.67827e+014
-2.17976e+014
-2.72896e+014
-3.33264e+014
-3.99795e+014
-4.73231e+014
-5.54337e+014
-6.43884e+014
-7.42622e+014
-8.51249e+014
-9.70411e+014
-1.10069e+015
-1.24257e+015
-1.39638e+015
-1.56232e+015
-1.74042e+015
-1.9305e+015
-2.13224e+015
-2.34504e+015
-2.56809e+015
-2.80068e+015
-3.04158e+015
-3.28936e+015
-3.54271e+015
-3.80014e+015
-4.05986e+015
-4.32006e+015
-4.57895e+015
-4.83468e+015
-5.08541e+015
-5.32927e+015
-5.56447e+015
-5.78922e+015
-6.00182e+015
-6.20062e+015
-6.38409e+015
-6.55078e+015
-6.69934e+015
-6.82855e+015
-6.93729e+015
-7.02459e+015
-7.08956e+015
-7.13152e+015
-7.14982e+015
-7.14409e+015
-7.1149e+015
-7.06276e+015
-6.98781e+015
-6.89041e+015
-6.77106e+015
-6.63038e+015
-6.46919e+015
-6.28844e+015
-6.08921e+015
-5.87269e+015
-5.64021e+015
-5.39315e+015
-5.13299e+015
-4.86126e+015
-4.57957e+015
-4.28957e+015
-3.99292e+015
-3.69139e+015
-3.38673e+015
-3.0807e+015
-2.77507e+015
-2.47176e+015
-2.17288e+015
-1.88065e+015
-1.5977e+015
-1.32851e+015
-1.07485e+015
-8.48099e+014
-6.46543e+014
-4.59466e+014
-5.02624e+014
-1.915e+014
4.38743e+014
4.45683e+014
4.43862e+014
4.42489e+014
4.39369e+014
4.35398e+014
4.30739e+014
4.25632e+014
4.20204e+014
4.14586e+014
4.08897e+014
4.03254e+014
3.97756e+014
3.9249e+014
3.87521e+014
3.82892e+014
3.78628e+014
3.74733e+014
3.71195e+014
3.67989e+014
3.65083e+014
3.62435e+014
3.60003e+014
3.57742e+014
3.55612e+014
3.53572e+014
3.51589e+014
3.49633e+014
3.47681e+014
3.45714e+014
3.4372e+014
3.41693e+014
3.39628e+014
3.37526e+014
3.35397e+014
3.33252e+014
3.31095e+014
3.28939e+014
3.26801e+014
3.24699e+014
3.22648e+014
3.20667e+014
3.18773e+014
3.16986e+014
3.15321e+014
3.13794e+014
3.12421e+014
3.11214e+014
3.10188e+014
3.09353e+014
3.08728e+014
3.08326e+014
3.08145e+014
3.08183e+014
3.08436e+014
3.08899e+014
3.09563e+014
3.10419e+014
3.11455e+014
3.12657e+014
3.1401e+014
3.15497e+014
3.171e+014
3.18801e+014
3.20578e+014
3.22412e+014
3.24283e+014
3.26172e+014
3.28065e+014
3.29936e+014
3.31779e+014
3.33581e+014
3.35332e+014
3.37025e+014
3.38655e+014
3.40223e+014
3.41732e+014
3.43191e+014
3.44611e+014
3.4601e+014
3.47413e+014
3.48847e+014
3.50352e+014
3.51963e+014
3.53726e+014
3.55703e+014
3.57954e+014
3.60545e+014
3.63543e+014
3.67013e+014
3.71006e+014
3.75553e+014
3.80647e+014
3.86226e+014
3.92157e+014
3.98206e+014
4.04063e+014
4.09424e+014
4.13521e+014
4.15433e+014
4.15336e+014
4.1355e+014
4.09471e+014
4.0281e+014
3.93829e+014
3.82114e+014
3.66678e+014
3.46414e+014
3.22596e+014
2.96977e+014
2.70049e+014
2.42131e+014
2.13387e+014
1.83889e+014
1.5362e+014
1.2249e+014
9.03518e+013
5.69992e+013
2.21584e+013
-1.45149e+013
-5.33947e+013
-9.49063e+013
-1.39553e+014
-1.87886e+014
-2.40506e+014
-2.98058e+014
-3.61225e+014
-4.30726e+014
-5.07306e+014
-5.91707e+014
-6.84668e+014
-7.86915e+014
-8.99132e+014
-1.02194e+015
-1.15587e+015
-1.30135e+015
-1.45867e+015
-1.62797e+015
-1.80922e+015
-2.00218e+015
-2.20645e+015
-2.42142e+015
-2.64625e+015
-2.88005e+015
-3.12164e+015
-3.36966e+015
-3.62264e+015
-3.87896e+015
-4.13692e+015
-4.39471e+015
-4.65051e+015
-4.90247e+015
-5.14874e+015
-5.38749e+015
-5.61692e+015
-5.83526e+015
-6.04083e+015
-6.23202e+015
-6.40732e+015
-6.56529e+015
-6.70463e+015
-6.82413e+015
-6.9227e+015
-6.99936e+015
-7.05328e+015
-7.08377e+015
-7.09012e+015
-7.07231e+015
-7.03098e+015
-6.96653e+015
-6.87926e+015
-6.76957e+015
-6.63807e+015
-6.48547e+015
-6.31267e+015
-6.1207e+015
-5.91075e+015
-5.68412e+015
-5.44223e+015
-5.1866e+015
-4.91881e+015
-4.64054e+015
-4.35353e+015
-4.05956e+015
-3.76048e+015
-3.45817e+015
-3.15454e+015
-2.85154e+015
-2.55124e+015
-2.2559e+015
-1.96822e+015
-1.69122e+015
-1.4283e+015
-1.18436e+015
-9.59586e+014
-7.71778e+014
-6.0738e+014
-4.66064e+014
-5.70646e+014
-2.63265e+014
4.45257e+014
4.51015e+014
4.49595e+014
4.48576e+014
4.45883e+014
4.42348e+014
4.38146e+014
4.33499e+014
4.28476e+014
4.23186e+014
4.17736e+014
4.12233e+014
4.06783e+014
4.01476e+014
3.96386e+014
3.91569e+014
3.8706e+014
3.82876e+014
3.79018e+014
3.75471e+014
3.7221e+014
3.69203e+014
3.66413e+014
3.63802e+014
3.61331e+014
3.58964e+014
3.56667e+014
3.54412e+014
3.52175e+014
3.49937e+014
3.47686e+014
3.45413e+014
3.43113e+014
3.40786e+014
3.38437e+014
3.36072e+014
3.33701e+014
3.31334e+014
3.28987e+014
3.26675e+014
3.24414e+014
3.2222e+014
3.20111e+014
3.18103e+014
3.16212e+014
3.14456e+014
3.1285e+014
3.11409e+014
3.10146e+014
3.09072e+014
3.08208e+014
3.07567e+014
3.07153e+014
3.06963e+014
3.06995e+014
3.07245e+014
3.07707e+014
3.08374e+014
3.09234e+014
3.10275e+014
3.11483e+014
3.12841e+014
3.14334e+014
3.1594e+014
3.17641e+014
3.19416e+014
3.21246e+014
3.2311e+014
3.24991e+014
3.26872e+014
3.28738e+014
3.30576e+014
3.32377e+014
3.34133e+014
3.3584e+014
3.37498e+014
3.3911e+014
3.40686e+014
3.4224e+014
3.43792e+014
3.45368e+014
3.47002e+014
3.48738e+014
3.50618e+014
3.527e+014
3.5506e+014
3.57773e+014
3.60926e+014
3.6461e+014
3.68917e+014
3.7393e+014
3.79706e+014
3.86257e+014
3.93523e+014
4.01365e+014
4.09554e+014
4.17556e+014
4.24447e+014
4.2966e+014
4.32284e+014
4.31684e+014
4.2859e+014
4.23553e+014
4.16402e+014
4.06796e+014
3.92866e+014
3.73828e+014
3.51133e+014
3.26054e+014
2.99374e+014
2.71424e+014
2.4244e+014
2.12533e+014
1.81769e+014
1.50143e+014
1.17568e+014
8.38973e+013
4.89144e+013
1.23209e+013
-2.62216e+013
-6.70876e+013
-1.10733e+014
-1.57666e+014
-2.08449e+014
-2.63689e+014
-3.24039e+014
-3.90186e+014
-4.62845e+014
-5.42746e+014
-6.30624e+014
-7.27209e+014
-8.33204e+014
-9.49261e+014
-1.07596e+015
-1.21381e+015
-1.36317e+015
-1.52429e+015
-1.69725e+015
-1.88197e+015
-2.07817e+015
-2.28538e+015
-2.50293e+015
-2.72995e+015
-2.96544e+015
-3.20821e+015
-3.45684e+015
-3.70978e+015
-3.9654e+015
-4.22196e+015
-4.47766e+015
-4.73064e+015
-4.97903e+015
-5.22098e+015
-5.45464e+015
-5.67821e+015
-5.88994e+015
-6.08816e+015
-6.27129e+015
-6.43782e+015
-6.58637e+015
-6.71566e+015
-6.82453e+015
-6.91194e+015
-6.97694e+015
-7.01874e+015
-7.03667e+015
-7.02993e+015
-6.99898e+015
-6.94437e+015
-6.86643e+015
-6.76571e+015
-6.64261e+015
-6.49785e+015
-6.33219e+015
-6.14665e+015
-5.94234e+015
-5.72059e+015
-5.48281e+015
-5.23054e+015
-4.96544e+015
-4.68924e+015
-4.40379e+015
-4.11099e+015
-3.81282e+015
-3.51139e+015
-3.20891e+015
-2.90767e+015
-2.61004e+015
-2.3184e+015
-2.03517e+015
-1.76303e+015
-1.5046e+015
-1.26443e+015
-1.0511e+015
-8.65085e+014
-7.2544e+014
-5.88992e+014
-4.87414e+014
-6.30744e+014
-3.16371e+014
4.50289e+014
4.54016e+014
4.53603e+014
4.52993e+014
4.51159e+014
4.48521e+014
4.45217e+014
4.41397e+014
4.37038e+014
4.32248e+014
4.27127e+014
4.21791e+014
4.16356e+014
4.10931e+014
4.05614e+014
4.00482e+014
3.95595e+014
3.90989e+014
3.86682e+014
3.82677e+014
3.78962e+014
3.75513e+014
3.72302e+014
3.69295e+014
3.66457e+014
3.63753e+014
3.61149e+014
3.58616e+014
3.56128e+014
3.53663e+014
3.51205e+014
3.48743e+014
3.46269e+014
3.43777e+014
3.41268e+014
3.38746e+014
3.36218e+014
3.33692e+014
3.31181e+014
3.28698e+014
3.26258e+014
3.23877e+014
3.21571e+014
3.19356e+014
3.17247e+014
3.15261e+014
3.13413e+014
3.11721e+014
3.102e+014
3.08868e+014
3.07741e+014
3.06833e+014
3.06153e+014
3.057e+014
3.05475e+014
3.05478e+014
3.05704e+014
3.06149e+014
3.06803e+014
3.07656e+014
3.08696e+014
3.09906e+014
3.11272e+014
3.12773e+014
3.14389e+014
3.16102e+014
3.17889e+014
3.19733e+014
3.21614e+014
3.23514e+014
3.25416e+014
3.27308e+014
3.29179e+014
3.31019e+014
3.32824e+014
3.34592e+014
3.36328e+014
3.38039e+014
3.39741e+014
3.41453e+014
3.43204e+014
3.45031e+014
3.46978e+014
3.49097e+014
3.51456e+014
3.5414e+014
3.57242e+014
3.60869e+014
3.65142e+014
3.70187e+014
3.76126e+014
3.83058e+014
3.91048e+014
4.00096e+014
4.10013e+014
4.20341e+014
4.30357e+014
4.38973e+014
4.44795e+014
4.46635e+014
4.446e+014
4.40136e+014
4.34422e+014
4.26665e+014
4.1475e+014
3.9809e+014
3.77481e+014
3.541e+014
3.28595e+014
3.0135e+014
2.72655e+014
2.42764e+014
2.11826e+014
1.79915e+014
1.47034e+014
1.13106e+014
7.79804e+013
4.1421e+013
3.12839e+012
-3.72259e+013
-8.00426e+013
-1.2579e+014
-1.74987e+014
-2.28204e+014
-2.86059e+014
-3.49213e+014
-4.18358e+014
-4.94208e+014
-5.77486e+014
-6.68923e+014
-7.69235e+014
-8.79105e+014
-9.99162e+014
-1.12996e+015
-1.27195e+015
-1.42548e+015
-1.59074e+015
-1.76776e+015
-1.95639e+015
-2.15629e+015
-2.36694e+015
-2.58763e+015
-2.81741e+015
-3.05529e+015
-3.29996e+015
-3.54992e+015
-3.80358e+015
-4.05928e+015
-4.31522e+015
-4.56956e+015
-4.82042e+015
-5.06589e+015
-5.30408e+015
-5.53313e+015
-5.75122e+015
-5.95661e+015
-6.14762e+015
-6.32266e+015
-6.48025e+015
-6.61902e+015
-6.73775e+015
-6.8353e+015
-6.91068e+015
-6.96301e+015
-6.9916e+015
-6.99593e+015
-6.97534e+015
-6.93002e+015
-6.86102e+015
-6.76847e+015
-6.6532e+015
-6.51552e+015
-6.3564e+015
-6.17661e+015
-5.97737e+015
-5.75985e+015
-5.52551e+015
-5.27588e+015
-5.01266e+015
-4.73766e+015
-4.45284e+015
-4.16027e+015
-3.86221e+015
-3.56101e+015
-3.25915e+015
-2.95915e+015
-2.66341e+015
-2.37421e+015
-2.09375e+015
-1.82452e+015
-1.5702e+015
-1.33485e+015
-1.1236e+015
-9.44558e+014
-7.97787e+014
-6.98296e+014
-5.8211e+014
-5.10089e+014
-6.88691e+014
-3.61509e+014
4.52944e+014
4.54908e+014
4.55469e+014
4.55779e+014
4.55526e+014
4.54549e+014
4.52858e+014
4.50508e+014
4.47225e+014
4.43146e+014
4.38399e+014
4.33149e+014
4.27578e+014
4.2184e+014
4.1607e+014
4.10384e+014
4.04876e+014
3.99612e+014
3.94638e+014
3.89976e+014
3.85629e+014
3.81587e+014
3.77832e+014
3.74336e+014
3.71065e+014
3.67985e+014
3.65059e+014
3.62254e+014
3.5954e+014
3.56888e+014
3.54277e+014
3.51689e+014
3.49108e+014
3.46524e+014
3.4393e+014
3.41324e+014
3.38709e+014
3.36089e+014
3.33472e+014
3.30869e+014
3.28291e+014
3.25753e+014
3.23269e+014
3.20856e+014
3.18531e+014
3.16309e+014
3.14208e+014
3.12242e+014
3.1043e+014
3.08792e+014
3.07366e+014
3.0615e+014
3.05156e+014
3.04391e+014
3.03861e+014
3.03569e+014
3.03513e+014
3.03693e+014
3.04099e+014
3.04725e+014
3.05558e+014
3.06585e+014
3.07798e+014
3.09172e+014
3.10689e+014
3.1233e+014
3.14073e+014
3.15898e+014
3.17785e+014
3.19714e+014
3.21668e+014
3.23632e+014
3.25593e+014
3.2754e+014
3.29466e+014
3.31368e+014
3.33248e+014
3.35111e+014
3.36972e+014
3.38848e+014
3.40767e+014
3.42766e+014
3.44888e+014
3.47188e+014
3.49741e+014
3.52637e+014
3.55982e+014
3.59902e+014
3.64542e+014
3.70069e+014
3.76655e+014
3.84462e+014
3.93602e+014
4.04073e+014
4.15696e+014
4.27988e+014
4.39986e+014
4.49952e+014
4.55712e+014
4.55795e+014
4.5188e+014
4.46781e+014
4.40024e+014
4.29956e+014
4.15952e+014
3.98195e+014
3.77354e+014
3.5384e+014
3.27999e+014
3.00209e+014
2.70798e+014
2.4003e+014
2.08081e+014
1.7504e+014
1.40914e+014
1.05625e+014
6.9016e+013
3.08168e+013
-9.26559e+012
-5.15631e+013
-9.65152e+013
-1.44598e+014
-1.96347e+014
-2.52347e+014
-3.13227e+014
-3.79655e+014
-4.52328e+014
-5.31963e+014
-6.19284e+014
-7.15013e+014
-8.19849e+014
-9.34453e+014
-1.05942e+015
-1.19528e+015
-1.34243e+015
-1.50118e+015
-1.67164e+015
-1.85381e+015
-2.04747e+015
-2.25224e+015
-2.46748e+015
-2.69236e+015
-2.92597e+015
-3.1672e+015
-3.41461e+015
-3.66668e+015
-3.92177e+015
-4.17812e+015
-4.43391e+015
-4.68722e+015
-4.93614e+015
-5.17871e+015
-5.41301e+015
-5.63714e+015
-5.84925e+015
-6.04756e+015
-6.23039e+015
-6.39615e+015
-6.54334e+015
-6.67065e+015
-6.77692e+015
-6.86108e+015
-6.92227e+015
-6.95975e+015
-6.97294e+015
-6.96153e+015
-6.92414e+015
-6.86126e+015
-6.77501e+015
-6.66513e+015
-6.53275e+015
-6.378e+015
-6.20187e+015
-6.00502e+015
-5.78894e+015
-5.55504e+015
-5.30504e+015
-5.04068e+015
-4.76392e+015
-4.47687e+015
-4.18181e+015
-3.88113e+015
-3.57727e+015
-3.27268e+015
-2.97009e+015
-2.67272e+015
-2.38403e+015
-2.10824e+015
-1.84793e+015
-1.60544e+015
-1.38363e+015
-1.18e+015
-9.99567e+014
-8.53664e+014
-7.46954e+014
-6.75166e+014
-5.7742e+014
-5.34041e+014
-7.2283e+014
-3.94148e+014
4.54598e+014
4.53987e+014
4.55819e+014
4.58705e+014
4.6116e+014
4.62306e+014
4.62411e+014
4.61582e+014
4.5923e+014
4.55632e+014
4.51001e+014
4.45567e+014
4.39567e+014
4.33229e+014
4.26747e+014
4.20278e+014
4.13948e+014
4.07853e+014
4.02061e+014
3.96614e+014
3.91538e+014
3.86826e+014
3.82467e+014
3.78438e+014
3.74707e+014
3.71239e+014
3.67995e+014
3.64937e+014
3.62029e+014
3.59237e+014
3.5653e+014
3.53883e+014
3.51273e+014
3.48679e+014
3.46085e+014
3.43482e+014
3.40866e+014
3.38234e+014
3.35588e+014
3.32935e+014
3.30284e+014
3.27645e+014
3.25031e+014
3.22459e+014
3.19946e+014
3.17509e+014
3.15169e+014
3.12944e+014
3.1085e+014
3.08911e+014
3.07168e+014
3.05631e+014
3.04302e+014
3.03196e+014
3.02326e+014
3.01701e+014
3.01327e+014
3.01203e+014
3.01325e+014
3.01694e+014
3.02307e+014
3.03139e+014
3.0419e+014
3.0542e+014
3.06816e+014
3.08366e+014
3.1005e+014
3.11846e+014
3.13732e+014
3.15689e+014
3.17695e+014
3.19733e+014
3.21789e+014
3.2385e+014
3.25904e+014
3.27947e+014
3.29976e+014
3.31995e+014
3.34011e+014
3.36043e+014
3.38112e+014
3.40251e+014
3.42503e+014
3.44919e+014
3.47575e+014
3.50561e+014
3.53992e+014
3.58008e+014
3.62773e+014
3.68487e+014
3.7537e+014
3.83633e+014
3.93468e+014
4.04986e+014
4.18116e+014
4.32355e+014
4.46219e+014
4.56501e+014
4.62426e+014
4.63216e+014
4.57639e+014
4.50599e+014
4.42592e+014
4.31792e+014
4.18056e+014
4.01127e+014
3.81025e+014
3.57875e+014
3.31992e+014
3.03824e+014
2.7376e+014
2.42128e+014
2.09165e+014
1.75007e+014
1.39689e+014
1.03151e+014
6.52301e+013
2.56513e+013
-1.58753e+013
-5.96979e+013
-1.06274e+014
-1.56092e+014
-2.09703e+014
-2.67707e+014
-3.30744e+014
-3.99493e+014
-4.74662e+014
-5.56976e+014
-6.47166e+014
-7.45958e+014
-8.5405e+014
-9.721e+014
-1.1007e+015
-1.24036e+015
-1.39147e+015
-1.55431e+015
-1.72897e+015
-1.91541e+015
-2.11335e+015
-2.32237e+015
-2.54179e+015
-2.77074e+015
-3.0083e+015
-3.25321e+015
-3.50392e+015
-3.7589e+015
-4.01642e+015
-4.27465e+015
-4.53169e+015
-4.78554e+015
-5.03423e+015
-5.27572e+015
-5.50804e+015
-5.72923e+015
-5.93739e+015
-6.13072e+015
-6.30751e+015
-6.46616e+015
-6.60506e+015
-6.72289e+015
-6.81846e+015
-6.89069e+015
-6.93869e+015
-6.96161e+015
-6.95878e+015
-6.9308e+015
-6.8764e+015
-6.79742e+015
-6.69612e+015
-6.56955e+015
-6.41996e+015
-6.24603e+015
-6.05122e+015
-5.83614e+015
-5.60316e+015
-5.35277e+015
-5.08683e+015
-4.80713e+015
-4.5157e+015
-4.21471e+015
-3.90653e+015
-3.5937e+015
-3.27925e+015
-2.96686e+015
-2.66051e+015
-2.36399e+015
-2.08167e+015
-1.81842e+015
-1.57664e+015
-1.35948e+015
-1.16947e+015
-1.00445e+015
-8.71065e+014
-7.68511e+014
-6.98324e+014
-6.49395e+014
-5.69245e+014
-5.53232e+014
-7.35437e+014
-4.15348e+014
4.56268e+014
4.56366e+014
4.59545e+014
4.64538e+014
4.69285e+014
4.72661e+014
4.74543e+014
4.74746e+014
4.72704e+014
4.69065e+014
4.64146e+014
4.58227e+014
4.516e+014
4.4452e+014
4.3721e+014
4.2986e+014
4.22627e+014
4.15631e+014
4.08961e+014
4.02675e+014
3.96796e+014
3.91346e+014
3.86326e+014
3.81715e+014
3.77483e+014
3.73594e+014
3.70008e+014
3.66682e+014
3.63574e+014
3.60645e+014
3.57856e+014
3.55173e+014
3.52565e+014
3.50004e+014
3.47464e+014
3.44928e+014
3.42382e+014
3.39814e+014
3.3722e+014
3.346e+014
3.31956e+014
3.29295e+014
3.26629e+014
3.2397e+014
3.21335e+014
3.18744e+014
3.16216e+014
3.1377e+014
3.11432e+014
3.09232e+014
3.07186e+014
3.05318e+014
3.03659e+014
3.02227e+014
3.01038e+014
3.00103e+014
2.99428e+014
2.9902e+014
2.98877e+014
2.98989e+014
2.99345e+014
2.99954e+014
3.00802e+014
3.01882e+014
3.03166e+014
3.0463e+014
3.06254e+014
3.08018e+014
3.099e+014
3.11879e+014
3.13931e+014
3.1604e+014
3.18185e+014
3.20352e+014
3.22527e+014
3.24699e+014
3.26865e+014
3.29021e+014
3.31173e+014
3.3333e+014
3.35508e+014
3.37733e+014
3.40043e+014
3.42484e+014
3.4512e+014
3.48033e+014
3.51328e+014
3.55134e+014
3.59613e+014
3.64958e+014
3.71388e+014
3.7914e+014
3.88441e+014
3.99442e+014
4.12099e+014
4.259e+014
4.39839e+014
4.50185e+014
4.5541e+014
4.55584e+014
4.50852e+014
4.43931e+014
4.36236e+014
4.25802e+014
4.12101e+014
3.94989e+014
3.74554e+014
3.51027e+014
3.2476e+014
2.96154e+014
2.65585e+014
2.33364e+014
1.99713e+014
1.64755e+014
1.2851e+014
9.08971e+013
5.17408e+013
1.07741e+013
-3.23264e+013
-7.79491e+013
-1.26557e+014
-1.78662e+014
-2.34835e+014
-2.9569e+014
-3.61882e+014
-4.34099e+014
-5.13055e+014
-5.99472e+014
-6.94077e+014
-7.9758e+014
-9.10658e+014
-1.03394e+015
-1.16797e+015
-1.31322e+015
-1.47002e+015
-1.63858e+015
-1.81892e+015
-2.01093e+015
-2.21426e+015
-2.42839e+015
-2.65258e+015
-2.88589e+015
-3.12722e+015
-3.37527e+015
-3.6285e+015
-3.88526e+015
-4.14379e+015
-4.4022e+015
-4.65852e+015
-4.91076e+015
-5.15687e+015
-5.39481e+015
-5.62257e+015
-5.83818e+015
-6.03971e+015
-6.22533e+015
-6.39331e+015
-6.54196e+015
-6.66977e+015
-6.77545e+015
-6.85787e+015
-6.916e+015
-6.94899e+015
-6.95626e+015
-6.93794e+015
-6.89368e+015
-6.82425e+015
-6.7294e+015
-6.60813e+015
-6.46313e+015
-6.29461e+015
-6.10558e+015
-5.89505e+015
-5.66414e+015
-5.41339e+015
-5.1455e+015
-4.86228e+015
-4.56565e+015
-4.25772e+015
-3.94083e+015
-3.61768e+015
-3.29139e+015
-2.96519e+015
-2.64258e+015
-2.32773e+015
-2.02507e+015
-1.73974e+015
-1.48026e+015
-1.25284e+015
-1.06099e+015
-9.07428e+014
-7.92814e+014
-7.15197e+014
-6.62906e+014
-6.27606e+014
-6.00738e+014
-5.53e+014
-5.59143e+014
-7.29909e+014
-4.21192e+014
)
;

boundaryField
{
    walls
    {
        type            zeroGradient;
    }
    inlet
    {
        type            zeroGradient;
    }
    outlet
    {
        type            fixedValue;
        value           uniform 0;
    }
    frontAndBack
    {
        type            empty;
    }
}


// ************************************************************************* //
