/*--------------------------------*- C++ -*----------------------------------*\
| =========                 |                                                 |
| \\      /  F ield         | OpenFOAM: The Open Source CFD Toolbox           |
|  \\    /   O peration     | Version:  5.x                                   |
|   \\  /    A nd           | Web:      www.OpenFOAM.org                      |
|    \\/     M anipulation  |                                                 |
\*---------------------------------------------------------------------------*/
/*   Windows 32 and 64 bit porting by blueCAPE: http://www.bluecape.com.pt   *\
|  Based on Windows porting (2.0.x v4) by Symscape: http://www.symscape.com   |
\*---------------------------------------------------------------------------*/
FoamFile
{
    version     2.0;
    format      ascii;
    class       volScalarField;
    location    "2771";
    object      nut;
}
// * * * * * * * * * * * * * * * * * * * * * * * * * * * * * * * * * * * * * //

dimensions      [0 2 -1 0 0 0 0];

internalField   nonuniform List<scalar> 
4000
(
5.0202e-005
4.65906e-005
4.33177e-005
4.03335e-005
3.76023e-005
3.50962e-005
3.27919e-005
3.06698e-005
2.87127e-005
2.69056e-005
2.52353e-005
2.369e-005
2.2259e-005
2.09329e-005
1.97031e-005
1.85617e-005
1.75017e-005
1.65168e-005
1.5601e-005
1.4749e-005
1.3956e-005
1.32175e-005
1.25294e-005
1.1888e-005
1.12897e-005
1.07315e-005
1.02104e-005
9.72377e-006
9.26908e-006
8.84407e-006
8.44663e-006
8.07483e-006
7.72687e-006
7.40108e-006
7.09593e-006
6.81001e-006
6.542e-006
6.29069e-006
6.05494e-006
5.83373e-006
5.62607e-006
5.43108e-006
5.24792e-006
5.07582e-006
4.91407e-006
4.74284e-006
4.52031e-006
4.3141e-006
4.12282e-006
3.94521e-006
3.78016e-006
3.62665e-006
3.48374e-006
3.35061e-006
3.2265e-006
3.1107e-006
3.0026e-006
2.90161e-006
2.80721e-006
2.71893e-006
2.63632e-006
2.55899e-006
2.48657e-006
2.41872e-006
2.35514e-006
2.29555e-006
2.23968e-006
2.18729e-006
2.13818e-006
2.09213e-006
2.04897e-006
2.00851e-006
1.97061e-006
1.93511e-006
1.90188e-006
1.87079e-006
1.84171e-006
1.81451e-006
1.78874e-006
1.76357e-006
1.73904e-006
1.71516e-006
1.69195e-006
1.6694e-006
1.64755e-006
1.62638e-006
1.6059e-006
1.58611e-006
1.567e-006
1.54857e-006
1.5308e-006
1.51369e-006
1.49722e-006
1.48137e-006
1.46614e-006
1.45152e-006
1.43748e-006
1.42401e-006
1.4111e-006
1.39873e-006
1.38689e-006
1.37556e-006
1.36473e-006
1.35439e-006
1.34452e-006
1.33511e-006
1.32614e-006
1.31761e-006
1.3095e-006
1.30179e-006
1.29448e-006
1.28756e-006
1.28101e-006
1.27482e-006
1.26899e-006
1.26351e-006
1.25836e-006
1.25354e-006
1.24904e-006
1.24485e-006
1.24097e-006
1.23739e-006
1.2341e-006
1.23109e-006
1.22836e-006
1.22591e-006
1.22372e-006
1.2218e-006
1.22013e-006
1.21872e-006
1.21755e-006
1.21663e-006
1.21595e-006
1.2155e-006
1.21529e-006
1.2153e-006
1.21554e-006
1.216e-006
1.21667e-006
1.21757e-006
1.21867e-006
1.21999e-006
1.22151e-006
1.22324e-006
1.22517e-006
1.22731e-006
1.22964e-006
1.23216e-006
1.23488e-006
1.2378e-006
1.2409e-006
1.24419e-006
1.24767e-006
1.25134e-006
1.25519e-006
1.25923e-006
1.26344e-006
1.26784e-006
1.27242e-006
1.27718e-006
1.28211e-006
1.28722e-006
1.29251e-006
1.29797e-006
1.30361e-006
1.30942e-006
1.3154e-006
1.32156e-006
1.32788e-006
1.33438e-006
1.34105e-006
1.34789e-006
1.3549e-006
1.36208e-006
1.36942e-006
1.37694e-006
1.38462e-006
1.39248e-006
1.4005e-006
1.40868e-006
1.41704e-006
1.42556e-006
1.43425e-006
1.44311e-006
1.45213e-006
1.46132e-006
1.47068e-006
1.4802e-006
1.48989e-006
1.49974e-006
1.50976e-006
1.51993e-006
1.53027e-006
1.54078e-006
1.55143e-006
1.56227e-006
1.57319e-006
1.58445e-006
1.59548e-006
1.6069e-006
0.00140547
0.000769897
0.000573239
0.000472478
0.000409257
0.000364986
0.000331799
0.000305713
0.000284515
0.000266839
0.000251797
0.000238783
0.000227374
0.000217262
0.000208219
0.000200068
0.000192674
0.000185925
0.000179734
0.000174029
0.000168752
0.000163853
0.00015929
0.000155028
0.000151038
0.000147293
0.000143772
0.000140455
0.000137323
0.000134363
0.00013156
0.000128903
0.000126382
0.000123986
0.000121708
0.000119538
0.000117471
0.000115499
0.000113618
0.000111821
0.000110104
0.000108463
0.000106893
0.000105391
0.000103953
0.000102576
0.000101258
9.9997e-005
9.87893e-005
9.76324e-005
9.6524e-005
9.5462e-005
9.44444e-005
9.34692e-005
9.25348e-005
9.16396e-005
9.0782e-005
8.99607e-005
8.91743e-005
8.84215e-005
8.77013e-005
8.70125e-005
8.63541e-005
8.57251e-005
8.51247e-005
8.45519e-005
8.4006e-005
8.34863e-005
8.29919e-005
8.25223e-005
8.20768e-005
8.16548e-005
8.12556e-005
8.08786e-005
8.05233e-005
8.01889e-005
7.98748e-005
7.95797e-005
7.90934e-005
7.81653e-005
7.72789e-005
7.64316e-005
7.56203e-005
7.48425e-005
7.40962e-005
7.33793e-005
7.26903e-005
7.20276e-005
7.13898e-005
7.07758e-005
7.01843e-005
6.96145e-005
6.90654e-005
6.8536e-005
6.80256e-005
6.75334e-005
6.70586e-005
6.66007e-005
6.61588e-005
6.57324e-005
6.53214e-005
6.49253e-005
6.45433e-005
6.41749e-005
6.38194e-005
6.34766e-005
6.31458e-005
6.28269e-005
6.25194e-005
6.2223e-005
6.19373e-005
6.16622e-005
6.13973e-005
6.11424e-005
6.08971e-005
6.06614e-005
6.04348e-005
6.02173e-005
6.00086e-005
5.98085e-005
5.96168e-005
5.94334e-005
5.92581e-005
5.90906e-005
5.89309e-005
5.87787e-005
5.8634e-005
5.84965e-005
5.83661e-005
5.82427e-005
5.81262e-005
5.80164e-005
5.79132e-005
5.78165e-005
5.77262e-005
5.76421e-005
5.75642e-005
5.74923e-005
5.74264e-005
5.73663e-005
5.73119e-005
5.72632e-005
5.72201e-005
5.71824e-005
5.715e-005
5.7123e-005
5.71012e-005
5.70844e-005
5.70728e-005
5.70661e-005
5.70643e-005
5.70674e-005
5.70752e-005
5.70877e-005
5.71048e-005
5.71264e-005
5.71525e-005
5.7183e-005
5.72179e-005
5.72571e-005
5.73005e-005
5.7348e-005
5.73997e-005
5.74554e-005
5.75151e-005
5.75788e-005
5.76463e-005
5.77178e-005
5.77929e-005
5.78719e-005
5.79545e-005
5.80408e-005
5.81306e-005
5.8224e-005
5.8321e-005
5.84214e-005
5.85252e-005
5.86324e-005
5.87429e-005
5.88567e-005
5.89738e-005
5.9094e-005
5.92175e-005
5.9344e-005
5.94736e-005
5.96062e-005
5.97418e-005
5.98802e-005
6.00215e-005
6.01656e-005
6.03123e-005
6.04618e-005
6.06133e-005
6.07686e-005
6.09225e-005
6.10882e-005
6.12381e-005
6.14012e-005
6.15638e-005
6.16438e-005
0.00582929
0.00341119
0.00245406
0.00194916
0.00163588
0.00142115
0.00126394
0.00114333
0.00104754
0.000969395
0.000904263
0.000849018
0.000801483
0.000760089
0.000723677
0.000691369
0.000662477
0.00063646
0.000612895
0.000591433
0.000571794
0.000553743
0.000537086
0.000521662
0.000507332
0.000493978
0.000481498
0.000469806
0.000458825
0.000448487
0.000438737
0.000429522
0.000420797
0.000412521
0.000404659
0.000397177
0.000390048
0.000383245
0.000376744
0.000370526
0.00036457
0.000358858
0.000353376
0.000348108
0.000343042
0.000338164
0.000333463
0.00032893
0.000324554
0.000320327
0.000316241
0.000312289
0.000308462
0.000304755
0.000301162
0.000297677
0.000294295
0.000291011
0.000287821
0.00028472
0.000281704
0.000278771
0.000275915
0.000273134
0.000270425
0.000267785
0.000265212
0.000262702
0.000260254
0.000257865
0.000255534
0.000253257
0.000251033
0.000248862
0.00024674
0.000244665
0.000242637
0.000240653
0.000238715
0.000236828
0.00023499
0.000233196
0.000231442
0.000229729
0.000228052
0.00022641
0.000224801
0.000223225
0.000221678
0.000220161
0.000218672
0.000217211
0.000215775
0.000214365
0.00021298
0.000211619
0.000210281
0.000208966
0.000207673
0.000206402
0.000205148
0.000203913
0.000202696
0.000201497
0.000200315
0.00019915
0.000198002
0.000196871
0.000195757
0.000194659
0.000193578
0.000192512
0.000191463
0.000190428
0.00018941
0.000188406
0.000187418
0.000186445
0.000185487
0.000184543
0.000183613
0.000182698
0.000181797
0.00018091
0.000180036
0.000179177
0.00017833
0.000177498
0.000176678
0.000175871
0.000175078
0.000174297
0.00017353
0.000172775
0.000172032
0.000171301
0.000170583
0.000169878
0.000169184
0.000168502
0.000167832
0.000167174
0.000166527
0.000165892
0.000165269
0.000164656
0.000164055
0.000163465
0.000162887
0.000162319
0.000161762
0.000161216
0.000160681
0.000160156
0.000159642
0.000159138
0.000158645
0.000158162
0.000157689
0.000157227
0.000156774
0.000156332
0.0001559
0.000155477
0.000155064
0.000154661
0.000154268
0.000153884
0.00015351
0.000153145
0.00015279
0.000152444
0.000152108
0.00015178
0.000151462
0.000151154
0.000150854
0.000150564
0.000150282
0.00015001
0.000149746
0.000149492
0.000149247
0.00014901
0.000148783
0.000148564
0.000148355
0.000148154
0.000147961
0.000147778
0.000147603
0.000147437
0.00014728
0.000147131
0.00014699
0.000146858
0.000146733
0.000146616
0.000146502
0.000146398
0.00843936
0.00640495
0.00508653
0.00421483
0.00360774
0.00316363
0.00282529
0.00255897
0.00234376
0.00216607
0.00201672
0.00188932
0.00177925
0.00168313
0.00159843
0.00152317
0.00145583
0.00139517
0.00134023
0.00129023
0.00124449
0.00120249
0.00116378
0.00112796
0.00109473
0.00106379
0.00103492
0.0010079
0.000982566
0.000958747
0.000936311
0.000915135
0.000895112
0.000876147
0.000858154
0.000841057
0.000824786
0.000809277
0.000794481
0.000780343
0.000766817
0.000753862
0.000741442
0.000729519
0.000718062
0.000707045
0.000696437
0.000686215
0.000676358
0.000666842
0.000657651
0.000648764
0.000640166
0.000631842
0.000623776
0.000615956
0.000608369
0.000601005
0.000593852
0.000586899
0.000580135
0.000573556
0.000567151
0.00056091
0.000554828
0.000548898
0.000543116
0.000537471
0.00053196
0.000526576
0.000521316
0.000516172
0.000511142
0.000506223
0.000501408
0.000496692
0.000492073
0.000487547
0.000483112
0.000478764
0.000474501
0.00047032
0.000466218
0.000462195
0.000458245
0.000454367
0.00045056
0.00044682
0.000443146
0.000439536
0.000435987
0.000432497
0.000429066
0.00042569
0.000422369
0.0004191
0.000415885
0.00041272
0.000409604
0.000406534
0.000403512
0.000400535
0.000397603
0.000394714
0.000391869
0.000389062
0.000386298
0.000383572
0.000380886
0.000378237
0.000375626
0.00037305
0.000370511
0.000368006
0.000365537
0.000363102
0.000360699
0.000358329
0.000355991
0.000353685
0.00035141
0.000349165
0.000346951
0.000344767
0.000342611
0.000340484
0.000338386
0.000336314
0.000334271
0.000332255
0.000330265
0.000328302
0.000326364
0.000324454
0.000322567
0.000320706
0.000318869
0.000317056
0.000315267
0.000313503
0.000311761
0.000310043
0.000308347
0.000306674
0.000305024
0.000303395
0.000301788
0.000300203
0.000298639
0.000297096
0.000295574
0.000294073
0.000292592
0.000291131
0.00028969
0.000288269
0.000286868
0.000285486
0.000284124
0.00028278
0.000281456
0.00028015
0.000278863
0.000277593
0.000276343
0.00027511
0.000273894
0.000272697
0.000271518
0.000270356
0.000269211
0.000268084
0.000266974
0.000265881
0.000264804
0.000263745
0.000262702
0.000261675
0.000260665
0.000259672
0.000258695
0.000257734
0.000256789
0.00025586
0.000254948
0.000254051
0.000253171
0.000252306
0.000251457
0.000250624
0.000249807
0.000249005
0.000248218
0.000247447
0.00024669
0.000245949
0.000245221
0.000244509
0.000243806
0.000243145
0.00936984
0.00820783
0.00716323
0.00630245
0.00560899
0.00504902
0.00459173
0.00421309
0.00389522
0.00362492
0.00339236
0.0031902
0.00301282
0.00285592
0.00271613
0.00259076
0.00247767
0.0023751
0.00228165
0.00219613
0.00211757
0.00204513
0.00197812
0.00191593
0.00185807
0.00180407
0.00175358
0.00170624
0.00166177
0.0016199
0.00158042
0.00154312
0.00150782
0.00147435
0.00144259
0.00141239
0.00138363
0.00135623
0.00133007
0.00130507
0.00128116
0.00125826
0.00123631
0.00121524
0.00119501
0.00117555
0.00115683
0.00113881
0.00112143
0.00110467
0.00108848
0.00107285
0.00105773
0.00104311
0.00102895
0.00101523
0.00100194
0.000989046
0.000976534
0.000964383
0.000952578
0.000941103
0.000929941
0.000919081
0.000908507
0.000898208
0.000888172
0.000878387
0.000868844
0.000859533
0.000850443
0.000841566
0.000832894
0.000824419
0.000816132
0.000808028
0.000800098
0.000792335
0.000784736
0.000777292
0.000769999
0.000762851
0.000755844
0.000748973
0.000742233
0.00073562
0.00072913
0.000722759
0.000716503
0.00071036
0.000704324
0.000698394
0.000692566
0.000686838
0.000681204
0.000675665
0.000670215
0.000664853
0.000659579
0.00065439
0.000649282
0.000644251
0.000639296
0.000634418
0.000629616
0.000624884
0.00062022
0.000615626
0.000611101
0.000606638
0.00060224
0.000597903
0.000593626
0.000589412
0.000585256
0.000581154
0.00057711
0.000573121
0.000569185
0.000565301
0.000561471
0.00055769
0.00055396
0.000550279
0.000546644
0.000543057
0.000539515
0.000536019
0.000532567
0.00052916
0.000525796
0.000522473
0.000519191
0.00051595
0.000512752
0.000509591
0.00050647
0.000503387
0.000500343
0.000497334
0.000494363
0.000491427
0.000488527
0.000485661
0.000482831
0.000480035
0.000477273
0.000474543
0.000471845
0.000469179
0.000466546
0.000463943
0.000461372
0.000458831
0.000456321
0.00045384
0.000451388
0.000448964
0.000446571
0.000444205
0.000441867
0.000439558
0.000437276
0.00043502
0.000432791
0.000430589
0.000428413
0.000426263
0.000424139
0.00042204
0.000419966
0.000417918
0.000415895
0.000413896
0.000411921
0.000409971
0.000408045
0.000406142
0.000404262
0.000402407
0.000400575
0.000398767
0.000396981
0.000395219
0.000393479
0.000391762
0.000390068
0.000388396
0.000386746
0.000385119
0.000383515
0.000381931
0.000380369
0.00037883
0.000377312
0.000375816
0.000374339
0.000372883
0.000371448
0.000370113
0.00971739
0.00910354
0.00842963
0.00777467
0.0071745
0.00663955
0.00616822
0.00575409
0.00538965
0.0050677
0.00478194
0.00452701
0.00429842
0.00409242
0.00390593
0.00373637
0.00358157
0.00343971
0.00330925
0.00318891
0.00307754
0.00297421
0.00287806
0.00278838
0.00270455
0.00262601
0.00255228
0.00248294
0.0024176
0.00235593
0.00229763
0.00224243
0.00219008
0.00214037
0.00209311
0.00204812
0.00200523
0.0019643
0.00192519
0.0018878
0.001852
0.00181769
0.00178478
0.00175319
0.00172284
0.00169364
0.00166555
0.00163849
0.0016124
0.00158723
0.00156294
0.00153947
0.00151678
0.00149484
0.0014736
0.00145303
0.00143311
0.00141379
0.00139505
0.00137686
0.00135919
0.00134203
0.00132535
0.00130912
0.00129334
0.00127798
0.00126301
0.00124844
0.00123423
0.00122038
0.00120687
0.00119369
0.00118082
0.00116826
0.00115598
0.00114399
0.00113226
0.0011208
0.00110958
0.0010986
0.00108786
0.00107734
0.00106704
0.00105695
0.00104706
0.00103737
0.00102786
0.00101854
0.0010094
0.00100043
0.000991621
0.000982976
0.000974488
0.000966152
0.000957963
0.000949917
0.00094201
0.000934238
0.000926598
0.000919085
0.000911696
0.000904428
0.000897278
0.000890242
0.000883318
0.000876502
0.000869792
0.000863185
0.000856679
0.000850271
0.000843959
0.00083774
0.000831613
0.000825575
0.000819624
0.000813758
0.000807975
0.000802273
0.000796651
0.000791108
0.00078564
0.000780247
0.000774927
0.000769678
0.000764499
0.000759389
0.000754347
0.00074937
0.000744457
0.000739608
0.000734822
0.000730096
0.00072543
0.000720823
0.000716273
0.000711781
0.000707343
0.00070296
0.000698631
0.000694355
0.00069013
0.000685956
0.000681832
0.000677757
0.000673731
0.000669753
0.000665821
0.000661935
0.000658095
0.000654299
0.000650547
0.000646839
0.000643173
0.000639549
0.000635966
0.000632424
0.000628923
0.00062546
0.000622038
0.000618653
0.000615306
0.000611997
0.000608725
0.000605489
0.00060229
0.000599126
0.000595997
0.000592902
0.000589842
0.000586816
0.000583824
0.000580864
0.000577937
0.000575043
0.000572181
0.000569351
0.000566552
0.000563784
0.000561047
0.000558341
0.000555666
0.00055302
0.000550405
0.000547819
0.000545262
0.000542736
0.000540238
0.000537769
0.000535329
0.000532917
0.000530534
0.000528179
0.000525852
0.000523553
0.000521281
0.000519036
0.000516817
0.000514627
0.000512472
0.000510501
0.00986196
0.0095358
0.00913011
0.00868591
0.00823443
0.00779546
0.00737963
0.00699177
0.00663318
0.00630313
0.00599988
0.00572132
0.00546527
0.00522958
0.00501227
0.00481152
0.00462571
0.00445336
0.0042932
0.00414407
0.00400493
0.00387487
0.00375308
0.00363882
0.00353146
0.00343042
0.00333517
0.00324524
0.00316023
0.00307974
0.00300344
0.00293101
0.00286218
0.00279669
0.0027343
0.0026748
0.00261801
0.00256373
0.00251182
0.00246211
0.00241447
0.00236879
0.00232493
0.0022828
0.00224228
0.0022033
0.00216576
0.00212959
0.00209471
0.00206105
0.00202855
0.00199715
0.00196679
0.00193742
0.001909
0.00188147
0.0018548
0.00182895
0.00180387
0.00177953
0.0017559
0.00173295
0.00171064
0.00168895
0.00166786
0.00164733
0.00162735
0.00160789
0.00158893
0.00157046
0.00155244
0.00153487
0.00151773
0.001501
0.00148466
0.00146871
0.00145312
0.00143789
0.001423
0.00140844
0.00139419
0.00138025
0.00136661
0.00135325
0.00134017
0.00132736
0.00131481
0.00130251
0.00129045
0.00127862
0.00126702
0.00125565
0.00124449
0.00123353
0.00122277
0.00121222
0.00120185
0.00119166
0.00118166
0.00117183
0.00116217
0.00115267
0.00114333
0.00113415
0.00112512
0.00111624
0.0011075
0.00109891
0.00109044
0.00108212
0.00107392
0.00106585
0.0010579
0.00105007
0.00104236
0.00103477
0.00102729
0.00101991
0.00101265
0.00100549
0.000998427
0.000991467
0.000984606
0.00097784
0.000971168
0.000964588
0.000958096
0.000951693
0.000945375
0.000939142
0.000932991
0.000926921
0.000920929
0.000915016
0.000909178
0.000903415
0.000897726
0.000892108
0.00088656
0.000881081
0.00087567
0.000870326
0.000865047
0.000859832
0.000854679
0.000849589
0.00084456
0.000839591
0.00083468
0.000829827
0.000825031
0.00082029
0.000815604
0.000810972
0.000806393
0.000801867
0.000797392
0.000792967
0.000788592
0.000784266
0.000779989
0.000775759
0.000771576
0.00076744
0.000763349
0.000759302
0.0007553
0.000751342
0.000747427
0.000743554
0.000739723
0.000735933
0.000732185
0.000728477
0.000724808
0.00072118
0.00071759
0.000714039
0.000710526
0.000707051
0.000703613
0.000700213
0.000696849
0.000693521
0.00069023
0.000686974
0.000683754
0.000680568
0.000677418
0.000674303
0.000671221
0.000668174
0.000665161
0.000662182
0.000659235
0.000656322
0.000653441
0.000650596
0.000647803
0.000645287
0.00992704
0.00974612
0.009502
0.00921047
0.00888877
0.00855209
0.00821204
0.00787688
0.00755196
0.00724059
0.00694457
0.00666467
0.00640091
0.00615291
0.00592007
0.0057016
0.00549661
0.00530426
0.00512365
0.00495396
0.00479438
0.00464418
0.00450268
0.0043692
0.00424317
0.00412405
0.00401132
0.00390453
0.00380326
0.00370711
0.00361573
0.0035288
0.003446
0.00336708
0.00329177
0.00321984
0.00315107
0.00308528
0.00302227
0.00296188
0.00290395
0.00284834
0.00279492
0.00274356
0.00269414
0.00264657
0.00260073
0.00255653
0.0025139
0.00247275
0.002433
0.00239458
0.00235744
0.00232149
0.0022867
0.002253
0.00222035
0.00218869
0.00215797
0.00212817
0.00209923
0.00207113
0.00204381
0.00201726
0.00199144
0.00196631
0.00194185
0.00191804
0.00189485
0.00187225
0.00185021
0.00182873
0.00180778
0.00178733
0.00176737
0.00174789
0.00172885
0.00171026
0.00169209
0.00167433
0.00165696
0.00163997
0.00162335
0.00160708
0.00159116
0.00157557
0.0015603
0.00154534
0.00153068
0.00151632
0.00150224
0.00148843
0.00147489
0.0014616
0.00144857
0.00143578
0.00142323
0.0014109
0.0013988
0.00138692
0.00137524
0.00136377
0.0013525
0.00134142
0.00133053
0.00131983
0.0013093
0.00129895
0.00128876
0.00127874
0.00126889
0.00125918
0.00124964
0.00124024
0.00123098
0.00122187
0.0012129
0.00120406
0.00119536
0.00118678
0.00117833
0.00117001
0.0011618
0.00115371
0.00114574
0.00113788
0.00113013
0.00112248
0.00111495
0.00110751
0.00110018
0.00109295
0.00108581
0.00107877
0.00107182
0.00106496
0.00105819
0.00105151
0.00104491
0.0010384
0.00103197
0.00102562
0.00101935
0.00101316
0.00100705
0.00100101
0.000995039
0.000989144
0.00098332
0.000977567
0.000971881
0.000966263
0.000960712
0.000955224
0.000949801
0.00094444
0.000939142
0.000933904
0.000928725
0.000923606
0.000918543
0.000913538
0.000908589
0.000903695
0.000898854
0.000894068
0.000889334
0.000884652
0.000880021
0.00087544
0.000870909
0.000866427
0.000861993
0.000857607
0.000853267
0.000848974
0.000844727
0.000840525
0.000836368
0.000832255
0.000828186
0.000824161
0.000820177
0.000816237
0.000812338
0.00080848
0.000804664
0.000800889
0.000797153
0.000793458
0.000789803
0.000786186
0.00078261
0.000779071
0.000775571
0.000772109
0.000768685
0.000765304
0.000761993
0.000759044
0.00995688
0.00984669
0.00968971
0.00948999
0.00925522
0.00899465
0.0087173
0.00843106
0.00814236
0.0078562
0.00757616
0.00730475
0.00704364
0.00679375
0.0065556
0.00632924
0.00611451
0.00591109
0.00571855
0.00553634
0.00536393
0.00520078
0.00504632
0.00490004
0.0047614
0.00462992
0.00450513
0.0043866
0.00427393
0.00416674
0.00406467
0.00396739
0.00387461
0.00378603
0.00370141
0.00362048
0.00354305
0.00346888
0.00339778
0.00332959
0.00326414
0.00320126
0.00314081
0.00308266
0.00302669
0.00297277
0.00292081
0.00287069
0.00282233
0.00277562
0.0027305
0.00268688
0.00264469
0.00260386
0.00256433
0.00252604
0.00248893
0.00245295
0.00241804
0.00238416
0.00235127
0.00231932
0.00228827
0.00225808
0.00222872
0.00220016
0.00217236
0.00214529
0.00211893
0.00209324
0.00206821
0.0020438
0.00201999
0.00199676
0.00197409
0.00195196
0.00193035
0.00190924
0.00188862
0.00186846
0.00184874
0.00182947
0.00181062
0.00179217
0.00177412
0.00175645
0.00173914
0.0017222
0.0017056
0.00168933
0.00167339
0.00165776
0.00164244
0.00162741
0.00161267
0.00159821
0.00158403
0.0015701
0.00155643
0.00154301
0.00152983
0.00151688
0.00150417
0.00149167
0.00147939
0.00146733
0.00145546
0.0014438
0.00143233
0.00142105
0.00140995
0.00139904
0.0013883
0.00137773
0.00136732
0.00135708
0.001347
0.00133708
0.0013273
0.00131768
0.00130819
0.00129885
0.00128965
0.00128058
0.00127164
0.00126283
0.00125415
0.00124559
0.00123715
0.00122883
0.00122062
0.00121253
0.00120454
0.00119667
0.0011889
0.00118123
0.00117367
0.0011662
0.00115884
0.00115157
0.00114439
0.0011373
0.0011303
0.0011234
0.00111657
0.00110984
0.00110318
0.00109661
0.00109012
0.00108371
0.00107738
0.00107112
0.00106493
0.00105882
0.00105278
0.00104681
0.00104092
0.00103509
0.00102932
0.00102363
0.00101799
0.00101243
0.00100692
0.00100148
0.000996094
0.000990771
0.000985507
0.000980301
0.000975153
0.00097006
0.000965023
0.000960041
0.000955113
0.000950237
0.000945415
0.000940643
0.000935924
0.000931254
0.000926634
0.000922062
0.00091754
0.000913064
0.000908637
0.000904256
0.000899922
0.000895633
0.00089139
0.000887192
0.000883038
0.000878928
0.000874862
0.000870839
0.000866859
0.000862921
0.000859026
0.000855174
0.000851363
0.000847599
0.000843921
0.000840665
0.00996873
0.0098874
0.00976779
0.00960978
0.00941692
0.00919508
0.00895132
0.00869268
0.00842563
0.00815555
0.00788677
0.00762257
0.00736535
0.00711671
0.0068777
0.00664888
0.00643049
0.0062225
0.00602475
0.0058369
0.00565855
0.00548929
0.00532864
0.00517613
0.00503132
0.00489373
0.00476295
0.00463855
0.00452014
0.00440737
0.00429987
0.00419733
0.00409944
0.00400593
0.00391652
0.00383096
0.00374905
0.00367055
0.00359527
0.00352303
0.00345366
0.00338699
0.00332288
0.00326119
0.00320179
0.00314456
0.00308939
0.00303616
0.00298479
0.00293517
0.00288722
0.00284087
0.00279602
0.00275262
0.0027106
0.00266988
0.00263042
0.00259215
0.00255502
0.00251899
0.002484
0.00245001
0.00241698
0.00238487
0.00235364
0.00232326
0.00229368
0.00226489
0.00223684
0.00220952
0.00218289
0.00215692
0.00213159
0.00210688
0.00208277
0.00205924
0.00203625
0.0020138
0.00199187
0.00197043
0.00194947
0.00192898
0.00190894
0.00188933
0.00187014
0.00185136
0.00183297
0.00181496
0.00179732
0.00178004
0.00176311
0.00174651
0.00173024
0.00171428
0.00169863
0.00168328
0.00166822
0.00165344
0.00163894
0.0016247
0.00161071
0.00159698
0.00158349
0.00157024
0.00155722
0.00154442
0.00153185
0.00151949
0.00150733
0.00149538
0.00148362
0.00147206
0.00146068
0.00144949
0.00143847
0.00142763
0.00141696
0.00140646
0.00139611
0.00138593
0.00137589
0.00136601
0.00135628
0.00134669
0.00133724
0.00132793
0.00131875
0.0013097
0.00130078
0.00129199
0.00128332
0.00127477
0.00126633
0.00125802
0.00124981
0.00124172
0.00123374
0.00122586
0.00121808
0.00121041
0.00120283
0.00119536
0.00118798
0.00118069
0.0011735
0.00116639
0.00115938
0.00115245
0.00114561
0.00113885
0.00113217
0.00112558
0.00111906
0.00111262
0.00110626
0.00109997
0.00109376
0.00108762
0.00108155
0.00107555
0.00106962
0.00106375
0.00105796
0.00105223
0.00104656
0.00104096
0.00103541
0.00102993
0.00102452
0.00101916
0.00101386
0.00100861
0.00100343
0.000998295
0.00099322
0.000988199
0.000983233
0.000978319
0.000973458
0.000968648
0.000963889
0.000959181
0.000954522
0.000949913
0.000945352
0.000940839
0.000936374
0.000931956
0.000927585
0.000923259
0.000918981
0.000914746
0.000910557
0.000906413
0.000902314
0.000898258
0.000894247
0.000890286
0.000886418
0.000882997
0.00996871
0.00988713
0.00976696
0.00960814
0.00941421
0.00919123
0.00894633
0.00868661
0.00841863
0.00814782
0.00787848
0.00761392
0.00735649
0.00710778
0.0068688
0.0066401
0.0064219
0.00621415
0.00601667
0.00582912
0.00565108
0.00548212
0.00532179
0.00516958
0.00502507
0.00488778
0.00475727
0.00463315
0.004515
0.00440248
0.00429522
0.0041929
0.00409522
0.0040019
0.00391267
0.0038273
0.00374555
0.00366721
0.00359208
0.00351998
0.00345074
0.0033842
0.00332021
0.00325863
0.00319933
0.00314219
0.00308711
0.00303397
0.00298267
0.00293313
0.00288525
0.00283896
0.00279418
0.00275084
0.00270887
0.00266821
0.0026288
0.00259058
0.00255349
0.0025175
0.00248255
0.0024486
0.00241561
0.00238353
0.00235233
0.00232198
0.00229243
0.00226366
0.00223564
0.00220834
0.00218173
0.00215578
0.00213048
0.00210579
0.00208169
0.00205817
0.0020352
0.00201277
0.00199085
0.00196942
0.00194848
0.00192799
0.00190796
0.00188836
0.00186918
0.00185041
0.00183203
0.00181403
0.0017964
0.00177913
0.0017622
0.00174561
0.00172934
0.00171339
0.00169775
0.0016824
0.00166735
0.00165257
0.00163807
0.00162383
0.00160985
0.00159613
0.00158264
0.00156939
0.00155638
0.00154359
0.00153101
0.00151865
0.0015065
0.00149455
0.0014828
0.00147124
0.00145987
0.00144868
0.00143766
0.00142683
0.00141616
0.00140566
0.00139532
0.00138513
0.0013751
0.00136523
0.00135549
0.00134591
0.00133646
0.00132715
0.00131798
0.00130893
0.00130002
0.00129123
0.00128256
0.00127402
0.00126559
0.00125728
0.00124908
0.00124099
0.001233
0.00122513
0.00121736
0.00120969
0.00120212
0.00119465
0.00118727
0.00117999
0.0011728
0.0011657
0.00115869
0.00115177
0.00114493
0.00113818
0.0011315
0.00112491
0.0011184
0.00111197
0.00110561
0.00109933
0.00109312
0.00108698
0.00108092
0.00107492
0.001069
0.00106314
0.00105735
0.00105162
0.00104596
0.00104036
0.00103482
0.00102935
0.00102393
0.00101858
0.00101328
0.00100804
0.00100286
0.000997736
0.000992666
0.00098765
0.000982688
0.000977778
0.000972922
0.000968116
0.000963362
0.000958657
0.000954003
0.000949399
0.000944842
0.000940334
0.000935874
0.00093146
0.000927093
0.000922772
0.000918498
0.000914268
0.000910084
0.000905945
0.00090185
0.000897799
0.000893793
0.000889837
0.000885971
0.000882536
0.00995683
0.0098458
0.00968704
0.00948457
0.00924652
0.0089824
0.00870161
0.0084123
0.0081211
0.00783297
0.00755152
0.00727926
0.0070177
0.00676777
0.00652982
0.0063039
0.00608978
0.00588707
0.00569533
0.00551398
0.00534248
0.00518023
0.00502668
0.00488128
0.00474351
0.00461287
0.0044889
0.00437114
0.00425922
0.00415273
0.00405133
0.00395469
0.0038625
0.0037745
0.00369041
0.00360999
0.00353303
0.00345931
0.00338864
0.00332085
0.00325576
0.00319323
0.00313311
0.00307528
0.00301959
0.00296595
0.00291424
0.00286437
0.00281623
0.00276974
0.00272482
0.0026814
0.00263939
0.00259873
0.00255936
0.00252122
0.00248425
0.0024484
0.00241362
0.00237986
0.00234708
0.00231523
0.00228428
0.00225419
0.00222492
0.00219644
0.00216872
0.00214173
0.00211543
0.00208981
0.00206484
0.00204049
0.00201674
0.00199356
0.00197094
0.00194886
0.00192729
0.00190622
0.00188563
0.00186551
0.00184583
0.00182659
0.00180776
0.00178935
0.00177132
0.00175367
0.00173639
0.00171947
0.00170289
0.00168664
0.00167072
0.00165511
0.0016398
0.0016248
0.00161007
0.00159563
0.00158145
0.00156754
0.00155389
0.00154048
0.00152731
0.00151438
0.00150167
0.00148919
0.00147692
0.00146486
0.00145301
0.00144136
0.0014299
0.00141863
0.00140754
0.00139664
0.00138591
0.00137535
0.00136495
0.00135472
0.00134465
0.00133474
0.00132498
0.00131536
0.00130589
0.00129656
0.00128736
0.00127831
0.00126938
0.00126058
0.00125191
0.00124336
0.00123494
0.00122663
0.00121843
0.00121035
0.00120238
0.00119452
0.00118676
0.00117911
0.00117156
0.00116411
0.00115675
0.0011495
0.00114233
0.00113526
0.00112828
0.00112138
0.00111458
0.00110786
0.00110122
0.00109466
0.00108819
0.00108179
0.00107547
0.00106922
0.00106306
0.00105696
0.00105094
0.00104498
0.0010391
0.00103329
0.00102754
0.00102186
0.00101624
0.00101069
0.0010052
0.000999767
0.0009944
0.000989092
0.000983844
0.000978653
0.000973519
0.000968442
0.00096342
0.000958453
0.000953539
0.000948678
0.00094387
0.000939114
0.000934408
0.000929753
0.000925147
0.00092059
0.000916082
0.000911621
0.000907208
0.000902842
0.000898521
0.000894247
0.000890018
0.000885833
0.000881694
0.000877598
0.000873546
0.000869537
0.000865572
0.000861649
0.000857768
0.00085393
0.000850134
0.000846385
0.000842717
0.000839424
0.00992702
0.00974433
0.00949658
0.00919978
0.0088721
0.00852943
0.008184
0.00784434
0.00751598
0.00720217
0.00690458
0.00662382
0.00635983
0.00611211
0.00587992
0.00566237
0.00545853
0.00526745
0.00508822
0.00491995
0.00476183
0.00461309
0.004473
0.00434093
0.00421626
0.00409843
0.00398695
0.00388135
0.00378121
0.00368614
0.00359577
0.00350979
0.0034279
0.00334984
0.00327533
0.00320415
0.0031361
0.00307098
0.0030086
0.0029488
0.00289143
0.00283635
0.00278341
0.00273251
0.00268353
0.00263635
0.0025909
0.00254706
0.00250477
0.00246393
0.00242448
0.00238635
0.00234947
0.00231378
0.00227922
0.00224574
0.00221329
0.00218182
0.0021513
0.00212167
0.0020929
0.00206494
0.00203778
0.00201136
0.00198566
0.00196066
0.00193632
0.00191262
0.00188952
0.00186702
0.00184508
0.00182368
0.0018028
0.00178243
0.00176255
0.00174313
0.00172416
0.00170562
0.00168751
0.0016698
0.00165248
0.00163553
0.00161895
0.00160273
0.00158684
0.00157129
0.00155605
0.00154113
0.0015265
0.00151217
0.00149811
0.00148433
0.00147082
0.00145756
0.00144455
0.00143178
0.00141925
0.00140695
0.00139487
0.001383
0.00137135
0.0013599
0.00134864
0.00133758
0.00132671
0.00131603
0.00130552
0.00129518
0.00128502
0.00127502
0.00126518
0.0012555
0.00124597
0.00123659
0.00122735
0.00121826
0.00120931
0.00120049
0.00119181
0.00118325
0.00117482
0.00116652
0.00115833
0.00115027
0.00114231
0.00113448
0.00112675
0.00111913
0.00111161
0.0011042
0.00109689
0.00108968
0.00108257
0.00107555
0.00106863
0.0010618
0.00105505
0.0010484
0.00104183
0.00103534
0.00102894
0.00102262
0.00101637
0.00101021
0.00100412
0.000998107
0.000992167
0.0009863
0.000980504
0.000974777
0.000969119
0.000963529
0.000958004
0.000952545
0.000947149
0.000941816
0.000936544
0.000931333
0.000926182
0.00092109
0.000916055
0.000911077
0.000906155
0.000901288
0.000896475
0.000891715
0.000887008
0.000882352
0.000877747
0.000873193
0.000868688
0.000864232
0.000859824
0.000855464
0.00085115
0.000846883
0.000842662
0.000838485
0.000834353
0.000830265
0.000826221
0.000822219
0.000818261
0.000814345
0.00081047
0.000806637
0.000802845
0.000799094
0.000795383
0.000791712
0.000788081
0.000784488
0.000780936
0.000777421
0.000773946
0.000770508
0.000767109
0.000763751
0.00076046
0.000757461
0.00986228
0.00953279
0.00912023
0.00866715
0.00820667
0.0077597
0.00733749
0.00694491
0.00658308
0.00625105
0.00594685
0.0056682
0.00541269
0.00517803
0.00496209
0.00476298
0.00457896
0.00440851
0.00425028
0.00410309
0.00396587
0.0038377
0.00371773
0.00360523
0.00349956
0.00340012
0.0033064
0.00321793
0.00313428
0.00305509
0.00298
0.00290873
0.00284097
0.00277649
0.00271505
0.00265645
0.00260049
0.002547
0.00249583
0.00244682
0.00239983
0.00235475
0.00231147
0.00226987
0.00222985
0.00219134
0.00215425
0.00211849
0.002084
0.00205071
0.00201855
0.00198747
0.00195742
0.00192834
0.00190019
0.00187291
0.00184648
0.00182084
0.00179597
0.00177183
0.00174839
0.00172561
0.00170347
0.00168194
0.00166099
0.0016406
0.00162075
0.00160141
0.00158257
0.0015642
0.00154629
0.00152882
0.00151177
0.00149512
0.00147886
0.00146298
0.00144747
0.0014323
0.00141747
0.00140296
0.00138877
0.00137488
0.00136129
0.00134798
0.00133494
0.00132217
0.00130966
0.00129739
0.00128537
0.00127358
0.00126201
0.00125067
0.00123953
0.00122861
0.00121788
0.00120736
0.00119702
0.00118686
0.00117688
0.00116708
0.00115745
0.00114798
0.00113867
0.00112951
0.00112051
0.00111166
0.00110295
0.00109438
0.00108595
0.00107765
0.00106948
0.00106144
0.00105352
0.00104573
0.00103805
0.00103049
0.00102304
0.0010157
0.00100846
0.00100133
0.000994309
0.000987384
0.000980558
0.000973827
0.000967191
0.000960646
0.000954192
0.000947826
0.000941546
0.000935351
0.000929238
0.000923206
0.000917254
0.00091138
0.000905582
0.000899858
0.000894209
0.000888631
0.000883124
0.000877686
0.000872315
0.000867011
0.000861773
0.000856599
0.000851489
0.00084644
0.000841452
0.000836524
0.000831654
0.000826842
0.000822087
0.000817388
0.000812743
0.000808153
0.000803615
0.000799129
0.000794695
0.000790311
0.000785977
0.000781692
0.000777454
0.000773265
0.000769122
0.000765025
0.000760973
0.000756966
0.000753003
0.000749083
0.000745206
0.000741372
0.000737579
0.000733828
0.000730117
0.000726446
0.000722814
0.000719223
0.00071567
0.000712155
0.000708678
0.000705238
0.000701836
0.000698471
0.000695142
0.000691849
0.000688592
0.00068537
0.000682184
0.000679033
0.000675916
0.000672834
0.000669786
0.000666772
0.000663792
0.000660846
0.000657933
0.000655052
0.000652205
0.000649391
0.000646626
0.000644061
0.00971918
0.00909883
0.00841251
0.00774419
0.00713272
0.00658939
0.00611236
0.00569477
0.00532862
0.00500629
0.00472109
0.00446741
0.00424053
0.00403657
0.00385232
0.00368509
0.00353267
0.00339318
0.00326506
0.00314698
0.0030378
0.00293656
0.00284241
0.00275463
0.0026726
0.00259576
0.00252363
0.00245579
0.00239186
0.00233152
0.00227446
0.00222041
0.00216916
0.00212047
0.00207416
0.00203006
0.001988
0.00194786
0.00190949
0.00187278
0.00183762
0.00180391
0.00177156
0.0017405
0.00171063
0.0016819
0.00165423
0.00162757
0.00160186
0.00157705
0.00155309
0.00152993
0.00150754
0.00148588
0.0014649
0.00144457
0.00142487
0.00140577
0.00138723
0.00136922
0.00135174
0.00133474
0.00131822
0.00130214
0.0012865
0.00127126
0.00125643
0.00124197
0.00122787
0.00121412
0.00120071
0.00118762
0.00117483
0.00116235
0.00115015
0.00113822
0.00112656
0.00111516
0.001104
0.00109308
0.00108239
0.00107192
0.00106167
0.00105162
0.00104178
0.00103212
0.00102266
0.00101338
0.00100427
0.00099534
0.000986571
0.000977963
0.000969512
0.000961212
0.000953059
0.00094505
0.00093718
0.000929446
0.000921842
0.000914367
0.000907016
0.000899786
0.000892675
0.000885678
0.000878793
0.000872017
0.000865348
0.000858783
0.000852319
0.000845954
0.000839685
0.000833511
0.000827429
0.000821436
0.000815531
0.000809712
0.000803976
0.000798323
0.000792749
0.000787255
0.000781836
0.000776493
0.000771224
0.000766026
0.000760899
0.000755841
0.00075085
0.000745926
0.000741066
0.000736271
0.000731538
0.000726866
0.000722254
0.000717701
0.000713206
0.000708768
0.000704385
0.000700057
0.000695783
0.000691561
0.000687392
0.000683273
0.000679204
0.000675185
0.000671213
0.00066729
0.000663413
0.000659581
0.000655795
0.000652054
0.000648357
0.000644702
0.00064109
0.00063752
0.00063399
0.000630502
0.000627053
0.000623643
0.000620273
0.00061694
0.000613645
0.000610387
0.000607166
0.000603981
0.000600831
0.000597717
0.000594638
0.000591592
0.000588581
0.000585603
0.000582659
0.000579746
0.000576867
0.000574019
0.000571203
0.000568418
0.000565664
0.000562942
0.000560249
0.000557587
0.000554955
0.000552352
0.00054978
0.000547236
0.000544721
0.000542235
0.000539779
0.00053735
0.00053495
0.000532578
0.000530234
0.000527919
0.000525632
0.000523372
0.000521137
0.000518931
0.000516751
0.000514599
0.000512476
0.000510467
0.00937829
0.00820171
0.00713561
0.0062579
0.00555356
0.00498756
0.0045276
0.00414849
0.00383154
0.00356302
0.00333276
0.0031332
0.00295857
0.00280445
0.00266741
0.00254473
0.00243423
0.00233415
0.00224305
0.00215977
0.00208331
0.00201285
0.0019477
0.00188725
0.00183102
0.00177855
0.00172948
0.00168347
0.00164024
0.00159953
0.00156113
0.00152483
0.00149047
0.00145788
0.00142693
0.00139748
0.00136944
0.0013427
0.00131715
0.00129273
0.00126936
0.00124696
0.00122548
0.00120485
0.00118503
0.00116595
0.00114759
0.0011299
0.00111283
0.00109636
0.00108045
0.00106508
0.0010502
0.00103581
0.00102186
0.00100835
0.000995239
0.00098252
0.000970172
0.000958177
0.000946518
0.00093518
0.000924149
0.00091341
0.000902952
0.000892763
0.00088283
0.000873143
0.000863692
0.000854467
0.000845459
0.000836659
0.000828059
0.000819652
0.00081143
0.000803386
0.000795514
0.000787808
0.000780262
0.00077287
0.000765627
0.000758529
0.00075157
0.000744746
0.000738053
0.000731486
0.000725042
0.000718716
0.000712507
0.000706409
0.000700416
0.000694531
0.000688749
0.000683065
0.000677478
0.000671987
0.000666586
0.000661273
0.000656048
0.000650907
0.000645848
0.000640868
0.000635967
0.000631141
0.00062639
0.000621712
0.000617104
0.000612564
0.000608093
0.000603686
0.000599345
0.000595066
0.00059085
0.000586693
0.000582595
0.000578555
0.000574572
0.000570644
0.00056677
0.000562948
0.000559178
0.000555458
0.000551791
0.000548172
0.000544601
0.000541076
0.000537597
0.000534164
0.000530776
0.000527431
0.00052413
0.000520872
0.000517655
0.000514479
0.000511342
0.000508244
0.000505187
0.000502167
0.000499185
0.00049624
0.000493331
0.000490458
0.000487621
0.000484818
0.00048205
0.000479315
0.000476613
0.000473944
0.000471307
0.000468703
0.00046613
0.000463587
0.000461074
0.000458591
0.00045614
0.000453717
0.000451323
0.000448957
0.000446619
0.000444309
0.000442027
0.000439772
0.000437544
0.000435343
0.000433168
0.000431018
0.000428895
0.000426797
0.000424723
0.000422675
0.000420652
0.000418653
0.000416678
0.000414728
0.0004128
0.000410897
0.000409016
0.00040716
0.000405326
0.000403515
0.000401726
0.00039996
0.000398216
0.000396496
0.000394797
0.000393121
0.000391467
0.000389835
0.000388224
0.000386636
0.000385068
0.000383522
0.000381998
0.000380496
0.000379014
0.000377552
0.00037611
0.000374689
0.000373285
0.000371931
0.00847704
0.00639984
0.00504872
0.00416141
0.00354857
0.00310362
0.00276679
0.00250305
0.00229085
0.0021163
0.00197006
0.00184566
0.00173845
0.00164504
0.00156286
0.00148995
0.00142478
0.00136616
0.00131311
0.00126486
0.00122075
0.00118026
0.00114294
0.00110842
0.00107639
0.00104657
0.00101873
0.000992681
0.000968235
0.000945246
0.000923581
0.000903122
0.000883765
0.000865419
0.000848002
0.00083144
0.000815666
0.000800626
0.000786263
0.000772528
0.00075938
0.000746778
0.000734685
0.000723068
0.000711898
0.00070115
0.000690793
0.000680806
0.00067117
0.000661862
0.000652866
0.000644163
0.000635738
0.000627578
0.000619666
0.000611991
0.000604543
0.000597307
0.000590276
0.000583439
0.000576787
0.000570314
0.000564008
0.000557865
0.000551874
0.000546034
0.000540334
0.000534769
0.000529336
0.000524026
0.000518835
0.000513761
0.000508796
0.000503938
0.000499184
0.000494528
0.00048997
0.000485505
0.000481132
0.000476845
0.000472642
0.00046852
0.000464477
0.000460511
0.000456618
0.000452797
0.000449043
0.000445357
0.000441736
0.000438178
0.000434681
0.000431243
0.000427864
0.000424539
0.000421271
0.000418055
0.00041489
0.000411777
0.000408713
0.000405697
0.000402727
0.000399803
0.000396924
0.000394089
0.000391296
0.000388545
0.000385835
0.000383164
0.000380533
0.00037794
0.000375384
0.000372865
0.000370382
0.000367934
0.000365522
0.000363143
0.000360797
0.000358485
0.000356204
0.000353955
0.000351737
0.00034955
0.000347392
0.000345265
0.000343166
0.000341096
0.000339054
0.00033704
0.000335053
0.000333093
0.000331159
0.000329252
0.00032737
0.000325514
0.000323683
0.000321876
0.000320094
0.000318336
0.000316601
0.00031489
0.000313202
0.000311536
0.000309893
0.000308272
0.000306674
0.000305096
0.00030354
0.000302006
0.000300492
0.000298999
0.000297526
0.000296073
0.00029464
0.000293227
0.000291834
0.00029046
0.000289104
0.000287767
0.000286449
0.00028515
0.000283869
0.000282606
0.000281361
0.000280134
0.000278924
0.000277732
0.000276556
0.000275398
0.000274257
0.000273132
0.000272025
0.000270933
0.000269859
0.000268801
0.000267758
0.000266732
0.000265722
0.000264728
0.000263749
0.000262786
0.000261839
0.000260907
0.000259991
0.000259091
0.000258205
0.000257335
0.00025648
0.000255641
0.000254816
0.000254007
0.000253213
0.000252433
0.000251668
0.000250919
0.000250183
0.000249462
0.000248754
0.00024806
0.000247375
0.000246702
0.0059713
0.00341111
0.0024198
0.00190795
0.00159504
0.00138279
0.00122853
0.00111083
0.00101773
0.000942026
0.000879102
0.000825862
0.000780153
0.000740423
0.000705524
0.000674589
0.00064695
0.000622083
0.000599573
0.000579084
0.00056034
0.000543118
0.000527227
0.000512514
0.000498842
0.000486099
0.000474187
0.000463023
0.000452535
0.000442658
0.000433337
0.000424522
0.000416171
0.000408245
0.000400711
0.000393537
0.000386697
0.000380165
0.00037392
0.000367942
0.000362213
0.000356716
0.000351435
0.000346358
0.000341471
0.000336764
0.000332226
0.000327847
0.000323619
0.000319533
0.000315582
0.000311759
0.000308055
0.000304467
0.000300988
0.000297613
0.000294338
0.000291156
0.000288066
0.000285061
0.000282139
0.000279296
0.000276529
0.000273835
0.000271211
0.000268654
0.000266163
0.000263733
0.000261363
0.000259051
0.000256795
0.000254592
0.00025244
0.000250342
0.000248302
0.000246315
0.000244376
0.000242482
0.00024063
0.000238818
0.000237044
0.000235306
0.000233603
0.000231933
0.000230295
0.000228687
0.000227109
0.00022556
0.000224038
0.000222543
0.000221074
0.00021963
0.000218211
0.000216815
0.000215443
0.000214094
0.000212766
0.000211461
0.000210176
0.000208912
0.000207669
0.000206445
0.00020524
0.000204055
0.000202888
0.00020174
0.000200609
0.000199497
0.000198401
0.000197323
0.000196262
0.000195217
0.000194189
0.000193177
0.00019218
0.0001912
0.000190234
0.000189284
0.000188349
0.000187428
0.000186522
0.00018563
0.000184753
0.00018389
0.00018304
0.000182205
0.000181383
0.000180574
0.000179779
0.000178996
0.000178227
0.00017747
0.000176726
0.000175994
0.000175276
0.000174569
0.000173874
0.000173191
0.000172521
0.000171862
0.000171215
0.000170579
0.000169955
0.000169342
0.00016874
0.00016815
0.00016757
0.000167001
0.000166443
0.000165896
0.000165359
0.000164833
0.000164317
0.000163812
0.000163317
0.000162831
0.000162356
0.000161891
0.000161435
0.00016099
0.000160554
0.000160127
0.000159711
0.000159303
0.000158905
0.000158517
0.000158137
0.000157766
0.000157405
0.000157053
0.00015671
0.000156375
0.00015605
0.000155733
0.000155425
0.000155125
0.000154835
0.000154552
0.000154279
0.000154014
0.000153757
0.000153509
0.00015327
0.000153039
0.000152816
0.000152601
0.000152395
0.000152197
0.000152008
0.000151827
0.000151654
0.000151489
0.000151332
0.000151184
0.000151043
0.00015091
0.000150784
0.000150665
0.000150548
0.000150426
0.00156618
0.000770998
0.000561767
0.000459784
0.000397284
0.000354082
0.000321933
0.000296794
0.000276424
0.000259473
0.000245073
0.000232638
0.000221755
0.000212123
0.00020352
0.000195775
0.000188755
0.000182354
0.000176488
0.000171087
0.000166096
0.000161465
0.000157156
0.000153135
0.000149373
0.000145845
0.000142529
0.000139408
0.000136463
0.000133682
0.00013105
0.000128557
0.000126193
0.000123948
0.000121814
0.000119785
0.000117852
0.000116011
0.000114255
0.000112581
0.000110982
0.000109455
0.000107995
0.000106601
0.00010527
0.000103997
0.000102781
0.000101618
0.000100506
9.94417e-005
9.84239e-005
9.74504e-005
9.6519e-005
9.56281e-005
9.47762e-005
9.39619e-005
9.31836e-005
9.24401e-005
9.17302e-005
9.10527e-005
9.04066e-005
8.97907e-005
8.92041e-005
8.86457e-005
8.8115e-005
8.76109e-005
8.71329e-005
8.66799e-005
8.62514e-005
8.58466e-005
8.54646e-005
8.51046e-005
8.47651e-005
8.41437e-005
8.31679e-005
8.22355e-005
8.13433e-005
8.04881e-005
7.96674e-005
7.88789e-005
7.81206e-005
7.73907e-005
7.66876e-005
7.60101e-005
7.53568e-005
7.47266e-005
7.41185e-005
7.35313e-005
7.29644e-005
7.24167e-005
7.18875e-005
7.13762e-005
7.0882e-005
7.04044e-005
6.99427e-005
6.94964e-005
6.90649e-005
6.86479e-005
6.82448e-005
6.78551e-005
6.74786e-005
6.71147e-005
6.67632e-005
6.64236e-005
6.60957e-005
6.57792e-005
6.54736e-005
6.51788e-005
6.48945e-005
6.46204e-005
6.43562e-005
6.41016e-005
6.38566e-005
6.36208e-005
6.3394e-005
6.3176e-005
6.29667e-005
6.27658e-005
6.25732e-005
6.23886e-005
6.2212e-005
6.20432e-005
6.18819e-005
6.1728e-005
6.15814e-005
6.14419e-005
6.13095e-005
6.11839e-005
6.1065e-005
6.09528e-005
6.0847e-005
6.07475e-005
6.06543e-005
6.05672e-005
6.04861e-005
6.0411e-005
6.03416e-005
6.0278e-005
6.022e-005
6.01675e-005
6.01205e-005
6.00788e-005
6.00423e-005
6.00109e-005
5.99847e-005
5.99634e-005
5.9947e-005
5.99354e-005
5.99286e-005
5.99265e-005
5.99289e-005
5.99359e-005
5.99473e-005
5.99631e-005
5.99832e-005
6.00076e-005
6.00362e-005
6.00689e-005
6.01056e-005
6.01464e-005
6.0191e-005
6.02396e-005
6.02919e-005
6.03481e-005
6.04079e-005
6.04714e-005
6.05385e-005
6.06091e-005
6.06832e-005
6.07607e-005
6.08416e-005
6.09258e-005
6.10134e-005
6.11042e-005
6.11982e-005
6.12954e-005
6.13957e-005
6.1499e-005
6.16054e-005
6.17148e-005
6.18271e-005
6.19423e-005
6.20604e-005
6.21813e-005
6.2305e-005
6.24314e-005
6.25605e-005
6.26922e-005
6.28265e-005
6.29632e-005
6.31023e-005
6.32438e-005
6.33872e-005
6.35339e-005
6.36795e-005
6.38361e-005
6.39791e-005
6.41296e-005
6.42921e-005
6.43518e-005
4.92792e-005
4.57662e-005
4.25495e-005
3.96014e-005
3.68958e-005
3.44097e-005
3.21225e-005
3.0016e-005
2.80742e-005
2.62825e-005
2.4628e-005
2.30991e-005
2.16852e-005
2.03769e-005
1.91655e-005
1.80432e-005
1.70029e-005
1.60379e-005
1.51425e-005
1.43112e-005
1.3539e-005
1.28213e-005
1.2154e-005
1.15333e-005
1.09557e-005
1.04179e-005
9.91689e-006
9.45004e-006
9.0148e-006
8.60885e-006
8.23005e-006
7.87645e-006
7.54623e-006
7.23772e-006
6.94936e-006
6.67974e-006
6.42755e-006
6.19155e-006
5.97064e-006
5.76378e-006
5.57e-006
5.38841e-006
5.2182e-006
5.00744e-006
4.77699e-006
4.5637e-006
4.36606e-006
4.18277e-006
4.01262e-006
3.85453e-006
3.70752e-006
3.57071e-006
3.44328e-006
3.32451e-006
3.21373e-006
3.11036e-006
3.01383e-006
2.92364e-006
2.83933e-006
2.76049e-006
2.68675e-006
2.61773e-006
2.55313e-006
2.49265e-006
2.43602e-006
2.383e-006
2.33335e-006
2.28687e-006
2.24337e-006
2.20266e-006
2.16459e-006
2.12897e-006
2.09566e-006
2.06396e-006
2.03309e-006
2.00309e-006
1.97396e-006
1.9457e-006
1.91831e-006
1.89181e-006
1.86617e-006
1.84141e-006
1.8175e-006
1.79443e-006
1.77219e-006
1.75075e-006
1.73011e-006
1.71023e-006
1.69111e-006
1.67272e-006
1.65504e-006
1.63805e-006
1.62173e-006
1.60607e-006
1.59103e-006
1.57661e-006
1.56278e-006
1.54953e-006
1.53683e-006
1.52468e-006
1.51306e-006
1.50194e-006
1.49133e-006
1.48119e-006
1.47152e-006
1.4623e-006
1.45353e-006
1.44518e-006
1.43725e-006
1.42973e-006
1.4226e-006
1.41585e-006
1.40948e-006
1.40347e-006
1.39782e-006
1.39252e-006
1.38755e-006
1.38292e-006
1.3786e-006
1.37461e-006
1.37092e-006
1.36753e-006
1.36444e-006
1.36163e-006
1.35911e-006
1.35687e-006
1.3549e-006
1.3532e-006
1.35175e-006
1.35057e-006
1.34964e-006
1.34895e-006
1.34851e-006
1.34831e-006
1.34835e-006
1.34862e-006
1.34912e-006
1.34984e-006
1.35079e-006
1.35195e-006
1.35334e-006
1.35493e-006
1.35674e-006
1.35876e-006
1.36098e-006
1.3634e-006
1.36603e-006
1.36885e-006
1.37188e-006
1.37509e-006
1.3785e-006
1.3821e-006
1.38589e-006
1.38987e-006
1.39404e-006
1.39838e-006
1.40292e-006
1.40763e-006
1.41252e-006
1.41759e-006
1.42284e-006
1.42827e-006
1.43387e-006
1.43964e-006
1.44559e-006
1.4517e-006
1.45799e-006
1.46445e-006
1.47108e-006
1.47788e-006
1.48484e-006
1.49197e-006
1.49927e-006
1.50673e-006
1.51435e-006
1.52214e-006
1.53009e-006
1.53821e-006
1.54649e-006
1.55492e-006
1.56352e-006
1.57228e-006
1.5812e-006
1.59028e-006
1.59952e-006
1.60891e-006
1.61846e-006
1.62817e-006
1.63804e-006
1.64806e-006
1.65823e-006
1.66855e-006
1.679e-006
1.68961e-006
1.70033e-006
1.71125e-006
1.72219e-006
1.73356e-006
1.7445e-006
1.75556e-006
)
;

boundaryField
{
    walls
    {
        type            nutkWallFunction;
        Cmu             0.09;
        kappa           0.41;
        E               9.8;
        value           uniform 0;
    }
    inlet
    {
        type            calculated;
        value           nonuniform List<scalar> 
20
(
0.00344823
0.00548709
0.01
0.01
0.01
0.01
0.01
0.01
0.01
0.01
0.01
0.01
0.01
0.01
0.01
0.01
0.01
0.01
0.00970784
0.001125
)
;
    }
    outlet
    {
        type            calculated;
        value           nonuniform List<scalar> 
20
(
1.60695e-006
6.16535e-005
0.000146398
0.000243145
0.000370113
0.000510501
0.000645287
0.000759044
0.000840665
0.000882997
0.000882536
0.000839424
0.000757461
0.000644061
0.000510467
0.000371931
0.000246702
0.000150426
6.43548e-005
1.75566e-006
)
;
    }
    frontAndBack
    {
        type            empty;
    }
}


// ************************************************************************* //
