/*--------------------------------*- C++ -*----------------------------------*\
| =========                 |                                                 |
| \\      /  F ield         | OpenFOAM: The Open Source CFD Toolbox           |
|  \\    /   O peration     | Version:  5.x                                   |
|   \\  /    A nd           | Web:      www.OpenFOAM.org                      |
|    \\/     M anipulation  |                                                 |
\*---------------------------------------------------------------------------*/
/*   Windows 32 and 64 bit porting by blueCAPE: http://www.bluecape.com.pt   *\
|  Based on Windows porting (2.0.x v4) by Symscape: http://www.symscape.com   |
\*---------------------------------------------------------------------------*/
FoamFile
{
    version     2.0;
    format      ascii;
    class       volScalarField;
    location    "5000";
    object      omega;
}
// * * * * * * * * * * * * * * * * * * * * * * * * * * * * * * * * * * * * * //

dimensions      [0 0 -1 0 0 0 0];

internalField   nonuniform List<scalar> 
4000
(
1.57352e+007
2.34694e+007
2.941e+007
3.38973e+007
3.75594e+007
4.06856e+007
4.34304e+007
4.58877e+007
4.81161e+007
5.01578e+007
5.20433e+007
5.37954e+007
5.54324e+007
5.69677e+007
5.84131e+007
5.97779e+007
6.10701e+007
6.22961e+007
6.34615e+007
6.45709e+007
6.56284e+007
6.66375e+007
6.7601e+007
6.85215e+007
6.94012e+007
7.0242e+007
7.10455e+007
7.18132e+007
7.25471e+007
7.32482e+007
7.39167e+007
7.45535e+007
7.51595e+007
7.57355e+007
7.62819e+007
7.67993e+007
7.72881e+007
7.77487e+007
7.81813e+007
7.85867e+007
7.89659e+007
7.93188e+007
7.96457e+007
7.99461e+007
8.02198e+007
8.04674e+007
8.06891e+007
8.08852e+007
8.10559e+007
8.12016e+007
8.13226e+007
8.14195e+007
8.14929e+007
8.15434e+007
8.1572e+007
8.15796e+007
8.15674e+007
8.15364e+007
8.14921e+007
8.14353e+007
8.13665e+007
8.12888e+007
8.12053e+007
8.11196e+007
8.10359e+007
8.09586e+007
8.08931e+007
8.08439e+007
8.08164e+007
8.08183e+007
8.08545e+007
8.0931e+007
8.10552e+007
8.12341e+007
8.14745e+007
8.17833e+007
8.21676e+007
8.2634e+007
8.31891e+007
8.38387e+007
8.45881e+007
8.5442e+007
8.64041e+007
8.74772e+007
8.86632e+007
8.99635e+007
9.13901e+007
9.29318e+007
9.45849e+007
9.63486e+007
9.82207e+007
1.00198e+008
1.02277e+008
1.04452e+008
1.0672e+008
1.09073e+008
1.11512e+008
1.14038e+008
1.16643e+008
1.19319e+008
1.22058e+008
1.24852e+008
1.277e+008
1.30598e+008
1.33542e+008
1.36528e+008
1.39553e+008
1.42613e+008
1.45706e+008
1.48829e+008
1.51979e+008
1.55153e+008
1.58349e+008
1.61562e+008
1.64801e+008
1.68073e+008
1.71359e+008
1.74658e+008
1.7797e+008
1.81294e+008
1.84628e+008
1.87972e+008
1.91323e+008
1.9468e+008
1.98044e+008
2.01413e+008
2.04782e+008
2.08155e+008
2.11527e+008
2.14885e+008
2.1823e+008
2.21562e+008
2.24875e+008
2.28165e+008
2.31426e+008
2.34654e+008
2.37844e+008
2.4099e+008
2.44089e+008
2.47133e+008
2.50117e+008
2.53035e+008
2.5588e+008
2.58645e+008
2.61327e+008
2.63962e+008
2.66494e+008
2.68921e+008
2.71239e+008
2.73443e+008
2.75529e+008
2.7749e+008
2.79319e+008
2.81012e+008
2.82558e+008
2.83945e+008
2.85179e+008
2.86273e+008
2.87221e+008
2.88012e+008
2.88629e+008
2.89053e+008
2.89281e+008
2.89312e+008
2.89142e+008
2.88766e+008
2.8818e+008
2.87381e+008
2.86365e+008
2.85128e+008
2.83668e+008
2.81976e+008
2.80049e+008
2.77977e+008
2.75679e+008
2.73154e+008
2.70402e+008
2.67426e+008
2.64225e+008
2.60796e+008
2.57136e+008
2.53239e+008
2.49099e+008
2.44707e+008
2.40037e+008
2.35048e+008
2.29735e+008
2.24067e+008
2.17976e+008
2.11398e+008
2.04244e+008
1.9639e+008
1.87673e+008
1.7787e+008
1.66657e+008
1.53543e+008
1.37822e+008
1.1817e+008
9.20019e+007
5.93536e+007
1.5577e+007
1.13662e+007
1.17106e+007
1.26358e+007
1.36027e+007
1.4518e+007
1.5368e+007
1.61565e+007
1.68885e+007
1.75703e+007
1.82075e+007
1.88049e+007
1.93667e+007
1.98962e+007
2.03965e+007
2.08701e+007
2.13192e+007
2.17457e+007
2.21513e+007
2.25376e+007
2.29056e+007
2.32567e+007
2.35917e+007
2.39116e+007
2.4217e+007
2.45088e+007
2.47874e+007
2.50534e+007
2.53078e+007
2.55512e+007
2.57834e+007
2.60045e+007
2.62149e+007
2.64147e+007
2.66042e+007
2.67835e+007
2.6953e+007
2.71126e+007
2.72625e+007
2.74031e+007
2.75344e+007
2.76566e+007
2.77697e+007
2.78737e+007
2.79687e+007
2.80547e+007
2.8132e+007
2.82006e+007
2.82606e+007
2.83123e+007
2.83558e+007
2.83912e+007
2.84189e+007
2.84391e+007
2.84521e+007
2.84583e+007
2.84584e+007
2.84531e+007
2.84449e+007
2.84344e+007
2.84208e+007
2.84049e+007
2.83874e+007
2.83695e+007
2.83524e+007
2.83372e+007
2.8325e+007
2.8318e+007
2.83186e+007
2.83285e+007
2.83498e+007
2.83841e+007
2.8433e+007
2.84986e+007
2.85836e+007
2.86902e+007
2.88207e+007
2.89774e+007
2.91624e+007
2.93777e+007
2.96251e+007
2.99063e+007
3.02227e+007
3.05756e+007
3.0966e+007
3.13957e+007
3.18712e+007
3.23899e+007
3.2948e+007
3.35446e+007
3.41787e+007
3.48494e+007
3.55558e+007
3.62967e+007
3.70707e+007
3.78768e+007
3.87144e+007
3.95835e+007
4.048e+007
4.14024e+007
4.2349e+007
4.33181e+007
4.43086e+007
4.5319e+007
4.63482e+007
4.73948e+007
4.84577e+007
4.95357e+007
5.06277e+007
5.17326e+007
5.28494e+007
5.39772e+007
5.51155e+007
5.62644e+007
5.74284e+007
5.86141e+007
5.98095e+007
6.10115e+007
6.22188e+007
6.34303e+007
6.46449e+007
6.58615e+007
6.70791e+007
6.82964e+007
6.95113e+007
7.07216e+007
7.19292e+007
7.31369e+007
7.43386e+007
7.55337e+007
7.67186e+007
7.78891e+007
7.90448e+007
8.01848e+007
8.13074e+007
8.2411e+007
8.34937e+007
8.45539e+007
8.55897e+007
8.65995e+007
8.75817e+007
8.85348e+007
8.94576e+007
9.03493e+007
9.12133e+007
9.20751e+007
9.2909e+007
9.37081e+007
9.447e+007
9.51931e+007
9.58758e+007
9.65168e+007
9.71145e+007
9.76675e+007
9.81742e+007
9.8633e+007
9.9044e+007
9.94089e+007
9.97259e+007
9.99919e+007
1.00203e+008
1.00357e+008
1.00451e+008
1.00485e+008
1.00456e+008
1.00362e+008
1.00203e+008
9.99762e+007
9.96805e+007
9.93143e+007
9.88768e+007
9.83682e+007
9.77967e+007
9.72025e+007
9.65445e+007
9.581e+007
9.4995e+007
9.40965e+007
9.31118e+007
9.20377e+007
9.08708e+007
8.96069e+007
8.82395e+007
8.6759e+007
8.51644e+007
8.34531e+007
8.16147e+007
7.9649e+007
7.75323e+007
7.52391e+007
7.27485e+007
7.00362e+007
6.7071e+007
6.3817e+007
6.02426e+007
5.63555e+007
5.2351e+007
4.88427e+007
4.85236e+007
6.52997e+007
1.83815e+007
1.06774e+007
9.28935e+006
9.20702e+006
9.48117e+006
9.87117e+006
1.02966e+007
1.07263e+007
1.11468e+007
1.15525e+007
1.19411e+007
1.2312e+007
1.26654e+007
1.30017e+007
1.33219e+007
1.36267e+007
1.3917e+007
1.41936e+007
1.44572e+007
1.47087e+007
1.49487e+007
1.51778e+007
1.53965e+007
1.56055e+007
1.58051e+007
1.59957e+007
1.61778e+007
1.63518e+007
1.6518e+007
1.66769e+007
1.68284e+007
1.69727e+007
1.711e+007
1.72404e+007
1.7364e+007
1.7481e+007
1.75914e+007
1.76955e+007
1.77934e+007
1.7885e+007
1.79707e+007
1.80503e+007
1.8124e+007
1.81917e+007
1.82537e+007
1.83099e+007
1.83605e+007
1.84055e+007
1.8445e+007
1.84791e+007
1.8508e+007
1.85319e+007
1.85508e+007
1.8565e+007
1.85747e+007
1.85803e+007
1.85821e+007
1.85808e+007
1.85773e+007
1.8572e+007
1.85648e+007
1.85563e+007
1.85469e+007
1.85373e+007
1.85281e+007
1.85203e+007
1.85145e+007
1.85121e+007
1.85143e+007
1.85223e+007
1.85372e+007
1.85602e+007
1.85925e+007
1.86354e+007
1.86904e+007
1.87591e+007
1.88428e+007
1.8943e+007
1.90611e+007
1.91983e+007
1.93559e+007
1.95351e+007
1.97368e+007
1.99619e+007
2.02114e+007
2.04865e+007
2.07898e+007
2.11199e+007
2.14758e+007
2.18569e+007
2.22626e+007
2.26923e+007
2.31456e+007
2.36218e+007
2.41203e+007
2.46404e+007
2.51817e+007
2.57433e+007
2.63235e+007
2.69214e+007
2.75359e+007
2.81663e+007
2.88116e+007
2.9471e+007
3.01437e+007
3.08288e+007
3.15255e+007
3.22332e+007
3.2951e+007
3.36783e+007
3.44145e+007
3.5159e+007
3.59116e+007
3.66727e+007
3.74436e+007
3.82253e+007
3.90141e+007
3.98081e+007
4.06059e+007
4.14066e+007
4.22093e+007
4.30131e+007
4.38172e+007
4.46206e+007
4.54224e+007
4.62216e+007
4.70185e+007
4.78127e+007
4.86019e+007
4.93848e+007
5.01599e+007
5.09254e+007
5.16802e+007
5.24234e+007
5.31539e+007
5.38707e+007
5.45727e+007
5.52587e+007
5.59278e+007
5.6579e+007
5.72114e+007
5.78244e+007
5.84177e+007
5.89917e+007
5.95487e+007
6.00944e+007
6.0622e+007
6.1128e+007
6.16104e+007
6.20682e+007
6.25002e+007
6.29058e+007
6.32842e+007
6.36346e+007
6.39563e+007
6.42488e+007
6.45119e+007
6.47456e+007
6.49489e+007
6.51203e+007
6.52581e+007
6.53609e+007
6.54276e+007
6.54571e+007
6.54482e+007
6.53999e+007
6.53111e+007
6.51807e+007
6.50078e+007
6.47916e+007
6.45317e+007
6.42293e+007
6.3888e+007
6.35178e+007
6.31068e+007
6.26484e+007
6.21386e+007
6.15746e+007
6.09539e+007
6.02743e+007
5.95333e+007
5.87282e+007
5.7856e+007
5.69132e+007
5.58985e+007
5.48099e+007
5.36444e+007
5.24032e+007
5.10813e+007
4.9674e+007
4.81808e+007
4.66063e+007
4.49639e+007
4.32864e+007
4.16493e+007
4.02309e+007
3.9473e+007
4.05795e+007
4.76894e+007
7.79862e+007
2.0268e+007
1.10523e+007
8.81071e+006
8.21751e+006
8.14269e+006
8.27519e+006
8.49985e+006
8.76626e+006
9.04979e+006
9.33762e+006
9.62277e+006
9.90138e+006
1.01714e+007
1.04316e+007
1.06816e+007
1.09213e+007
1.11508e+007
1.13704e+007
1.15803e+007
1.1781e+007
1.19729e+007
1.21563e+007
1.23317e+007
1.24993e+007
1.26594e+007
1.28125e+007
1.29588e+007
1.30985e+007
1.3232e+007
1.33595e+007
1.34811e+007
1.35969e+007
1.3707e+007
1.38116e+007
1.39108e+007
1.40047e+007
1.40933e+007
1.41769e+007
1.42553e+007
1.43289e+007
1.43976e+007
1.44614e+007
1.45205e+007
1.45749e+007
1.46246e+007
1.46698e+007
1.47104e+007
1.47466e+007
1.47785e+007
1.48061e+007
1.48295e+007
1.4849e+007
1.48646e+007
1.48764e+007
1.48848e+007
1.489e+007
1.48923e+007
1.4892e+007
1.48899e+007
1.48861e+007
1.48809e+007
1.48746e+007
1.48676e+007
1.48605e+007
1.48537e+007
1.4848e+007
1.48441e+007
1.48427e+007
1.48449e+007
1.48516e+007
1.48636e+007
1.48819e+007
1.49075e+007
1.49415e+007
1.49851e+007
1.50393e+007
1.51053e+007
1.51843e+007
1.52774e+007
1.53856e+007
1.551e+007
1.56514e+007
1.58107e+007
1.59886e+007
1.61861e+007
1.64039e+007
1.66432e+007
1.69034e+007
1.71842e+007
1.74851e+007
1.7806e+007
1.81463e+007
1.85057e+007
1.88836e+007
1.92798e+007
1.96935e+007
2.01246e+007
2.05718e+007
2.10343e+007
2.15115e+007
2.20024e+007
2.25066e+007
2.30231e+007
2.35514e+007
2.40909e+007
2.46407e+007
2.52004e+007
2.57693e+007
2.63468e+007
2.69324e+007
2.75256e+007
2.8126e+007
2.87334e+007
2.93478e+007
2.99697e+007
3.05986e+007
3.12331e+007
3.18718e+007
3.25138e+007
3.31581e+007
3.38041e+007
3.4451e+007
3.50979e+007
3.57443e+007
3.63894e+007
3.70326e+007
3.76734e+007
3.83112e+007
3.89444e+007
3.9572e+007
4.01931e+007
4.08064e+007
4.1411e+007
4.20061e+007
4.25908e+007
4.31641e+007
4.37254e+007
4.42738e+007
4.48085e+007
4.53288e+007
4.58342e+007
4.63243e+007
4.67989e+007
4.72583e+007
4.77036e+007
4.81361e+007
4.85533e+007
4.89532e+007
4.93348e+007
4.96968e+007
5.00387e+007
5.03598e+007
5.06596e+007
5.09374e+007
5.11929e+007
5.14256e+007
5.16352e+007
5.18215e+007
5.19837e+007
5.21206e+007
5.22314e+007
5.23151e+007
5.23707e+007
5.23973e+007
5.23942e+007
5.23604e+007
5.2295e+007
5.21974e+007
5.20668e+007
5.19026e+007
5.17047e+007
5.14735e+007
5.12105e+007
5.09183e+007
5.05924e+007
5.0229e+007
4.98253e+007
4.93789e+007
4.88881e+007
4.83509e+007
4.77658e+007
4.71312e+007
4.64455e+007
4.57075e+007
4.49169e+007
4.40738e+007
4.31787e+007
4.22352e+007
4.12468e+007
4.02196e+007
3.9166e+007
3.8108e+007
3.70846e+007
3.61659e+007
3.54828e+007
3.52964e+007
3.61792e+007
3.95982e+007
5.04778e+007
8.85116e+007
2.18449e+007
1.15833e+007
8.8075e+006
7.89606e+006
7.6027e+006
7.57407e+006
7.67445e+006
7.84164e+006
8.04376e+006
8.26321e+006
8.48974e+006
8.71721e+006
8.94188e+006
9.16146e+006
9.37457e+006
9.58045e+006
9.77871e+006
9.9692e+006
1.0152e+007
1.03272e+007
1.04949e+007
1.06556e+007
1.08093e+007
1.09563e+007
1.1097e+007
1.12314e+007
1.136e+007
1.14828e+007
1.16001e+007
1.17121e+007
1.1819e+007
1.19207e+007
1.20175e+007
1.21094e+007
1.21966e+007
1.2279e+007
1.23569e+007
1.24303e+007
1.24993e+007
1.25639e+007
1.26243e+007
1.26804e+007
1.27323e+007
1.27801e+007
1.28238e+007
1.28635e+007
1.28992e+007
1.29311e+007
1.29591e+007
1.29835e+007
1.30042e+007
1.30215e+007
1.30354e+007
1.30461e+007
1.30538e+007
1.30587e+007
1.30611e+007
1.30613e+007
1.30597e+007
1.30566e+007
1.30522e+007
1.30468e+007
1.30409e+007
1.30348e+007
1.3029e+007
1.30242e+007
1.3021e+007
1.302e+007
1.3022e+007
1.30277e+007
1.30381e+007
1.30539e+007
1.30761e+007
1.31055e+007
1.31431e+007
1.319e+007
1.32471e+007
1.33155e+007
1.33961e+007
1.34898e+007
1.35975e+007
1.37201e+007
1.38583e+007
1.40129e+007
1.41845e+007
1.43738e+007
1.45813e+007
1.4807e+007
1.50507e+007
1.53121e+007
1.5591e+007
1.58872e+007
1.62002e+007
1.65297e+007
1.68753e+007
1.72366e+007
1.76131e+007
1.80038e+007
1.84083e+007
1.88258e+007
1.92557e+007
1.96974e+007
2.01503e+007
2.06137e+007
2.10871e+007
2.15699e+007
2.20615e+007
2.25614e+007
2.30692e+007
2.35842e+007
2.41062e+007
2.46347e+007
2.51694e+007
2.57103e+007
2.62574e+007
2.681e+007
2.73672e+007
2.7928e+007
2.84917e+007
2.90575e+007
2.96247e+007
3.01927e+007
3.07608e+007
3.13283e+007
3.18946e+007
3.24593e+007
3.30217e+007
3.35809e+007
3.41359e+007
3.46859e+007
3.523e+007
3.57674e+007
3.62971e+007
3.68185e+007
3.73308e+007
3.78332e+007
3.83251e+007
3.88057e+007
3.92745e+007
3.97308e+007
4.01743e+007
4.06046e+007
4.10216e+007
4.14253e+007
4.18162e+007
4.21943e+007
4.25585e+007
4.29076e+007
4.32406e+007
4.35568e+007
4.38556e+007
4.41363e+007
4.43985e+007
4.46418e+007
4.48657e+007
4.50697e+007
4.52537e+007
4.54172e+007
4.55595e+007
4.56799e+007
4.57775e+007
4.58515e+007
4.59013e+007
4.59259e+007
4.59249e+007
4.58972e+007
4.58424e+007
4.57597e+007
4.56485e+007
4.55083e+007
4.5339e+007
4.51406e+007
4.49136e+007
4.46586e+007
4.43731e+007
4.40549e+007
4.37019e+007
4.33123e+007
4.28847e+007
4.24178e+007
4.19106e+007
4.13622e+007
4.07721e+007
4.01403e+007
3.94678e+007
3.87561e+007
3.80087e+007
3.72313e+007
3.64327e+007
3.5626e+007
3.48324e+007
3.40858e+007
3.3442e+007
3.29944e+007
3.29078e+007
3.34933e+007
3.54077e+007
4.03002e+007
5.36955e+007
9.78334e+007
2.31201e+007
1.20618e+007
8.93397e+006
7.81191e+006
7.37222e+006
7.23441e+006
7.25013e+006
7.34995e+006
7.49733e+006
7.67145e+006
7.85979e+006
8.05455e+006
8.25076e+006
8.44523e+006
8.6359e+006
8.82149e+006
9.00122e+006
9.17465e+006
9.3416e+006
9.502e+006
9.65593e+006
9.8035e+006
9.94487e+006
1.00802e+007
1.02098e+007
1.03337e+007
1.04522e+007
1.05655e+007
1.06737e+007
1.0777e+007
1.08755e+007
1.09693e+007
1.10586e+007
1.11433e+007
1.12237e+007
1.12998e+007
1.13716e+007
1.14393e+007
1.15029e+007
1.15625e+007
1.16182e+007
1.16699e+007
1.17178e+007
1.17619e+007
1.18022e+007
1.18388e+007
1.18718e+007
1.19012e+007
1.19272e+007
1.19497e+007
1.19689e+007
1.19849e+007
1.19979e+007
1.20079e+007
1.20151e+007
1.20199e+007
1.20223e+007
1.20227e+007
1.20213e+007
1.20185e+007
1.20145e+007
1.20096e+007
1.20042e+007
1.19987e+007
1.19934e+007
1.1989e+007
1.1986e+007
1.19851e+007
1.19869e+007
1.19921e+007
1.20014e+007
1.20157e+007
1.20358e+007
1.20624e+007
1.20966e+007
1.21392e+007
1.21912e+007
1.22534e+007
1.23267e+007
1.24121e+007
1.25103e+007
1.26222e+007
1.27484e+007
1.28896e+007
1.30464e+007
1.32194e+007
1.3409e+007
1.36151e+007
1.38378e+007
1.40769e+007
1.43322e+007
1.46034e+007
1.48904e+007
1.51926e+007
1.55098e+007
1.58415e+007
1.61872e+007
1.65462e+007
1.6918e+007
1.73019e+007
1.76974e+007
1.81039e+007
1.85208e+007
1.89476e+007
1.93837e+007
1.98286e+007
2.02817e+007
2.07425e+007
2.12107e+007
2.16856e+007
2.21671e+007
2.26546e+007
2.31478e+007
2.36466e+007
2.41509e+007
2.46598e+007
2.51727e+007
2.56889e+007
2.62077e+007
2.67284e+007
2.72503e+007
2.7773e+007
2.82957e+007
2.88178e+007
2.93389e+007
2.98583e+007
3.03755e+007
3.08895e+007
3.13997e+007
3.19052e+007
3.24053e+007
3.28992e+007
3.33862e+007
3.38655e+007
3.43366e+007
3.47988e+007
3.52513e+007
3.56937e+007
3.61254e+007
3.65459e+007
3.69547e+007
3.73517e+007
3.77365e+007
3.81091e+007
3.84697e+007
3.8818e+007
3.91532e+007
3.94743e+007
3.97808e+007
4.00719e+007
4.03471e+007
4.06058e+007
4.08476e+007
4.10721e+007
4.12788e+007
4.14673e+007
4.16372e+007
4.17883e+007
4.19197e+007
4.20308e+007
4.2121e+007
4.21895e+007
4.22358e+007
4.22591e+007
4.22587e+007
4.22341e+007
4.21845e+007
4.21094e+007
4.20084e+007
4.18808e+007
4.17266e+007
4.15454e+007
4.13375e+007
4.11026e+007
4.08394e+007
4.0546e+007
4.02211e+007
3.98632e+007
3.94715e+007
3.90448e+007
3.85828e+007
3.80851e+007
3.75519e+007
3.69842e+007
3.63839e+007
3.5754e+007
3.50998e+007
3.44291e+007
3.37543e+007
3.3093e+007
3.24724e+007
3.19349e+007
3.15473e+007
3.14186e+007
3.17363e+007
3.28467e+007
3.54689e+007
4.13915e+007
5.64833e+007
1.05823e+008
2.39957e+007
1.23516e+007
9.06793e+006
7.8129e+006
7.27636e+006
7.06415e+006
7.02119e+006
7.07396e+006
7.18311e+006
7.32576e+006
7.48785e+006
7.66041e+006
7.83758e+006
8.01549e+006
8.19157e+006
8.36413e+006
8.53211e+006
8.69483e+006
8.85191e+006
9.00318e+006
9.14859e+006
9.28818e+006
9.42204e+006
9.55031e+006
9.67315e+006
9.7907e+006
9.90315e+006
1.00107e+007
1.01134e+007
1.02114e+007
1.03049e+007
1.0394e+007
1.04787e+007
1.05592e+007
1.06355e+007
1.07078e+007
1.0776e+007
1.08403e+007
1.09007e+007
1.09573e+007
1.10101e+007
1.10592e+007
1.11047e+007
1.11465e+007
1.11848e+007
1.12196e+007
1.12509e+007
1.12789e+007
1.13035e+007
1.1325e+007
1.13433e+007
1.13585e+007
1.13709e+007
1.13805e+007
1.13875e+007
1.13921e+007
1.13945e+007
1.13949e+007
1.13937e+007
1.13911e+007
1.13873e+007
1.13827e+007
1.13775e+007
1.13722e+007
1.13672e+007
1.1363e+007
1.13602e+007
1.13592e+007
1.13608e+007
1.13656e+007
1.13742e+007
1.13875e+007
1.14062e+007
1.14311e+007
1.14631e+007
1.1503e+007
1.15517e+007
1.16101e+007
1.1679e+007
1.17592e+007
1.18516e+007
1.19569e+007
1.20757e+007
1.22088e+007
1.23566e+007
1.25198e+007
1.26985e+007
1.28929e+007
1.3103e+007
1.33287e+007
1.35698e+007
1.38262e+007
1.40975e+007
1.43835e+007
1.46837e+007
1.49978e+007
1.53252e+007
1.56653e+007
1.60176e+007
1.63815e+007
1.67565e+007
1.7142e+007
1.75374e+007
1.79422e+007
1.8356e+007
1.8778e+007
1.9208e+007
1.96453e+007
2.00896e+007
2.05403e+007
2.09972e+007
2.14598e+007
2.19278e+007
2.2401e+007
2.2879e+007
2.33613e+007
2.38471e+007
2.4336e+007
2.48272e+007
2.53202e+007
2.58144e+007
2.63091e+007
2.68039e+007
2.72982e+007
2.77913e+007
2.82828e+007
2.87721e+007
2.92584e+007
2.97409e+007
3.02191e+007
3.06922e+007
3.11594e+007
3.16203e+007
3.2074e+007
3.252e+007
3.29577e+007
3.33865e+007
3.38058e+007
3.42152e+007
3.46142e+007
3.50023e+007
3.53794e+007
3.57451e+007
3.60994e+007
3.6442e+007
3.67728e+007
3.7091e+007
3.7396e+007
3.7687e+007
3.79636e+007
3.82252e+007
3.84712e+007
3.87013e+007
3.89149e+007
3.91117e+007
3.92913e+007
3.94532e+007
3.9597e+007
3.9722e+007
3.98278e+007
3.99135e+007
3.99788e+007
4.00228e+007
4.0045e+007
4.00447e+007
4.00215e+007
3.99746e+007
3.99036e+007
3.98081e+007
3.96875e+007
3.95415e+007
3.937e+007
3.91727e+007
3.89495e+007
3.86991e+007
3.84204e+007
3.81121e+007
3.77734e+007
3.74034e+007
3.70016e+007
3.65678e+007
3.61022e+007
3.56056e+007
3.50795e+007
3.45266e+007
3.39512e+007
3.33597e+007
3.27615e+007
3.21711e+007
3.16092e+007
3.11069e+007
3.07115e+007
3.04966e+007
3.05814e+007
3.11689e+007
3.26323e+007
3.57425e+007
4.23999e+007
5.82504e+007
1.12022e+008
2.44089e+007
1.23994e+007
9.16361e+006
7.83615e+006
7.23979e+006
6.97901e+006
6.89665e+006
6.91736e+006
7.00031e+006
7.1214e+006
7.26559e+006
7.42314e+006
7.58755e+006
7.75448e+006
7.92099e+006
8.08511e+006
8.24554e+006
8.40144e+006
8.5523e+006
8.69785e+006
8.83795e+006
8.97259e+006
9.10181e+006
9.22571e+006
9.34442e+006
9.45808e+006
9.56682e+006
9.67081e+006
9.77017e+006
9.86503e+006
9.9555e+006
1.00417e+007
1.01237e+007
1.02015e+007
1.02754e+007
1.03453e+007
1.04113e+007
1.04735e+007
1.0532e+007
1.05868e+007
1.06379e+007
1.06855e+007
1.07294e+007
1.07699e+007
1.0807e+007
1.08407e+007
1.0871e+007
1.08981e+007
1.09219e+007
1.09427e+007
1.09604e+007
1.09752e+007
1.09872e+007
1.09965e+007
1.10033e+007
1.10078e+007
1.10102e+007
1.10107e+007
1.10096e+007
1.1007e+007
1.10033e+007
1.09988e+007
1.09938e+007
1.09886e+007
1.09838e+007
1.09797e+007
1.09768e+007
1.09758e+007
1.09772e+007
1.09816e+007
1.09898e+007
1.10024e+007
1.10202e+007
1.1044e+007
1.10746e+007
1.11127e+007
1.11594e+007
1.12153e+007
1.12814e+007
1.13584e+007
1.14471e+007
1.15483e+007
1.16626e+007
1.17906e+007
1.19329e+007
1.209e+007
1.22621e+007
1.24494e+007
1.26518e+007
1.28695e+007
1.31021e+007
1.33496e+007
1.36116e+007
1.38878e+007
1.41779e+007
1.44815e+007
1.47979e+007
1.51268e+007
1.54675e+007
1.58195e+007
1.61822e+007
1.65552e+007
1.69378e+007
1.73294e+007
1.77297e+007
1.81381e+007
1.8554e+007
1.8977e+007
1.94068e+007
1.98427e+007
2.02845e+007
2.07318e+007
2.11843e+007
2.16416e+007
2.21033e+007
2.2569e+007
2.30381e+007
2.35099e+007
2.39839e+007
2.44595e+007
2.49362e+007
2.54135e+007
2.58907e+007
2.63673e+007
2.68429e+007
2.73168e+007
2.77885e+007
2.82573e+007
2.87225e+007
2.91834e+007
2.96395e+007
3.00901e+007
3.05346e+007
3.09724e+007
3.14028e+007
3.18253e+007
3.22394e+007
3.26446e+007
3.30403e+007
3.34262e+007
3.38018e+007
3.41668e+007
3.45211e+007
3.48643e+007
3.51963e+007
3.55168e+007
3.58251e+007
3.61206e+007
3.64027e+007
3.66708e+007
3.69245e+007
3.71633e+007
3.73867e+007
3.75942e+007
3.77854e+007
3.79598e+007
3.81171e+007
3.82567e+007
3.83781e+007
3.84806e+007
3.85637e+007
3.86269e+007
3.86694e+007
3.86908e+007
3.86903e+007
3.86676e+007
3.8622e+007
3.85531e+007
3.84603e+007
3.83434e+007
3.82019e+007
3.80356e+007
3.78443e+007
3.76277e+007
3.73848e+007
3.71147e+007
3.68164e+007
3.64893e+007
3.61328e+007
3.57466e+007
3.53309e+007
3.4886e+007
3.44134e+007
3.39148e+007
3.33937e+007
3.2855e+007
3.23057e+007
3.17565e+007
3.12227e+007
3.07266e+007
3.0301e+007
2.9995e+007
2.98852e+007
3.00949e+007
3.08348e+007
3.24965e+007
3.58961e+007
4.30551e+007
5.92025e+007
1.16416e+008
2.44718e+007
1.23034e+007
9.21552e+006
7.85713e+006
7.22796e+006
6.93841e+006
6.83188e+006
6.83261e+006
6.89909e+006
7.00659e+006
7.13952e+006
7.28765e+006
7.44411e+006
7.60425e+006
7.76489e+006
7.92386e+006
8.07972e+006
8.23152e+006
8.37867e+006
8.52081e+006
8.65778e+006
8.7895e+006
8.916e+006
9.03735e+006
9.15366e+006
9.26504e+006
9.37164e+006
9.47359e+006
9.57101e+006
9.66403e+006
9.75275e+006
9.83726e+006
9.91767e+006
9.99405e+006
1.00665e+007
1.01351e+007
1.01998e+007
1.02609e+007
1.03182e+007
1.03719e+007
1.04221e+007
1.04687e+007
1.05119e+007
1.05516e+007
1.0588e+007
1.0621e+007
1.06507e+007
1.06773e+007
1.07007e+007
1.07211e+007
1.07385e+007
1.0753e+007
1.07648e+007
1.07739e+007
1.07806e+007
1.07851e+007
1.07874e+007
1.07879e+007
1.07868e+007
1.07842e+007
1.07806e+007
1.07761e+007
1.07712e+007
1.0766e+007
1.07612e+007
1.07571e+007
1.07543e+007
1.07532e+007
1.07544e+007
1.07586e+007
1.07664e+007
1.07786e+007
1.07958e+007
1.08189e+007
1.08485e+007
1.08856e+007
1.0931e+007
1.09854e+007
1.10498e+007
1.11248e+007
1.12113e+007
1.131e+007
1.14216e+007
1.15467e+007
1.16858e+007
1.18393e+007
1.20076e+007
1.21909e+007
1.23891e+007
1.26022e+007
1.28301e+007
1.30726e+007
1.33295e+007
1.36004e+007
1.3885e+007
1.41828e+007
1.44933e+007
1.48161e+007
1.51504e+007
1.54959e+007
1.5852e+007
1.6218e+007
1.65935e+007
1.69779e+007
1.73707e+007
1.77713e+007
1.81794e+007
1.85943e+007
1.90157e+007
1.94432e+007
1.98763e+007
2.03146e+007
2.0758e+007
2.12059e+007
2.1658e+007
2.21138e+007
2.25728e+007
2.30344e+007
2.3498e+007
2.39631e+007
2.44292e+007
2.48958e+007
2.53623e+007
2.58283e+007
2.62931e+007
2.67562e+007
2.72172e+007
2.76752e+007
2.81298e+007
2.85802e+007
2.9026e+007
2.94665e+007
2.99011e+007
3.03292e+007
3.07503e+007
3.11638e+007
3.15691e+007
3.19659e+007
3.23537e+007
3.27319e+007
3.31003e+007
3.34585e+007
3.38062e+007
3.41433e+007
3.44694e+007
3.47842e+007
3.50871e+007
3.53775e+007
3.56548e+007
3.59185e+007
3.61682e+007
3.64032e+007
3.66231e+007
3.68274e+007
3.70158e+007
3.71876e+007
3.73425e+007
3.74799e+007
3.75993e+007
3.77002e+007
3.77818e+007
3.78437e+007
3.78853e+007
3.7906e+007
3.79052e+007
3.78824e+007
3.78372e+007
3.7769e+007
3.76774e+007
3.7562e+007
3.74225e+007
3.72587e+007
3.70703e+007
3.6857e+007
3.6618e+007
3.63526e+007
3.60599e+007
3.57394e+007
3.53908e+007
3.5014e+007
3.46092e+007
3.41773e+007
3.37197e+007
3.32387e+007
3.27379e+007
3.22224e+007
3.17e+007
3.11814e+007
3.0682e+007
3.02243e+007
2.98404e+007
2.95787e+007
2.95132e+007
2.97633e+007
3.05343e+007
3.22124e+007
3.56225e+007
4.28691e+007
5.90457e+007
1.16855e+008
2.43553e+007
1.21761e+007
9.23595e+006
7.86918e+006
7.22565e+006
6.92274e+006
6.80471e+006
6.79581e+006
6.85431e+006
6.95521e+006
7.08266e+006
7.22621e+006
7.37882e+006
7.53567e+006
7.69347e+006
7.84996e+006
8.00364e+006
8.15348e+006
8.29886e+006
8.4394e+006
8.57488e+006
8.70523e+006
8.83046e+006
8.95062e+006
9.06581e+006
9.17614e+006
9.28175e+006
9.38276e+006
9.47929e+006
9.57146e+006
9.65938e+006
9.74313e+006
9.82282e+006
9.89853e+006
9.97032e+006
1.00383e+007
1.01025e+007
1.0163e+007
1.02198e+007
1.02731e+007
1.03228e+007
1.0369e+007
1.04118e+007
1.04512e+007
1.04872e+007
1.052e+007
1.05495e+007
1.05758e+007
1.0599e+007
1.06192e+007
1.06364e+007
1.06508e+007
1.06625e+007
1.06716e+007
1.06782e+007
1.06826e+007
1.06849e+007
1.06854e+007
1.06842e+007
1.06817e+007
1.06781e+007
1.06736e+007
1.06686e+007
1.06635e+007
1.06586e+007
1.06545e+007
1.06516e+007
1.06504e+007
1.06515e+007
1.06556e+007
1.06632e+007
1.06751e+007
1.06919e+007
1.07145e+007
1.07437e+007
1.07802e+007
1.08248e+007
1.08785e+007
1.09419e+007
1.1016e+007
1.11014e+007
1.11989e+007
1.13091e+007
1.14328e+007
1.15704e+007
1.17223e+007
1.1889e+007
1.20704e+007
1.22668e+007
1.24781e+007
1.27041e+007
1.29447e+007
1.31996e+007
1.34685e+007
1.3751e+007
1.40467e+007
1.4355e+007
1.46755e+007
1.50076e+007
1.53507e+007
1.57042e+007
1.60676e+007
1.64404e+007
1.68219e+007
1.72117e+007
1.76092e+007
1.80139e+007
1.84254e+007
1.88431e+007
1.92668e+007
1.96959e+007
2.01301e+007
2.05691e+007
2.10126e+007
2.146e+007
2.1911e+007
2.23649e+007
2.28213e+007
2.32797e+007
2.37394e+007
2.42e+007
2.46611e+007
2.5122e+007
2.55823e+007
2.60414e+007
2.64989e+007
2.69541e+007
2.74065e+007
2.78554e+007
2.83004e+007
2.87408e+007
2.9176e+007
2.96055e+007
3.00286e+007
3.04449e+007
3.08539e+007
3.1255e+007
3.16477e+007
3.20315e+007
3.24062e+007
3.27712e+007
3.31263e+007
3.34712e+007
3.38056e+007
3.41293e+007
3.44418e+007
3.47426e+007
3.50311e+007
3.53067e+007
3.55689e+007
3.58172e+007
3.6051e+007
3.62698e+007
3.64733e+007
3.66607e+007
3.68318e+007
3.6986e+007
3.71227e+007
3.72415e+007
3.73416e+007
3.74227e+007
3.7484e+007
3.7525e+007
3.75452e+007
3.75439e+007
3.75207e+007
3.74751e+007
3.74067e+007
3.7315e+007
3.71997e+007
3.70605e+007
3.68971e+007
3.67093e+007
3.64969e+007
3.62592e+007
3.59954e+007
3.57049e+007
3.53873e+007
3.50423e+007
3.46701e+007
3.42709e+007
3.38457e+007
3.33962e+007
3.29246e+007
3.24347e+007
3.19318e+007
3.14233e+007
3.09197e+007
3.0436e+007
2.99932e+007
2.96211e+007
2.93637e+007
2.92875e+007
2.94971e+007
3.017e+007
3.16354e+007
3.45936e+007
4.08584e+007
5.51574e+007
1.02737e+008
2.43685e+007
1.21804e+007
9.239e+006
7.87124e+006
7.22721e+006
6.92403e+006
6.80586e+006
6.79687e+006
6.85531e+006
6.95615e+006
7.08355e+006
7.22704e+006
7.37959e+006
7.53637e+006
7.69411e+006
7.85054e+006
8.00415e+006
8.15395e+006
8.29928e+006
8.43976e+006
8.57521e+006
8.70552e+006
8.83072e+006
8.95086e+006
9.06603e+006
9.17635e+006
9.28195e+006
9.38295e+006
9.47949e+006
9.57166e+006
9.65959e+006
9.74335e+006
9.82305e+006
9.89877e+006
9.97059e+006
1.00386e+007
1.01028e+007
1.01633e+007
1.02202e+007
1.02735e+007
1.03232e+007
1.03695e+007
1.04123e+007
1.04517e+007
1.04877e+007
1.05205e+007
1.055e+007
1.05763e+007
1.05996e+007
1.06197e+007
1.0637e+007
1.06514e+007
1.0663e+007
1.06721e+007
1.06787e+007
1.06831e+007
1.06854e+007
1.06858e+007
1.06846e+007
1.0682e+007
1.06783e+007
1.06738e+007
1.06688e+007
1.06636e+007
1.06587e+007
1.06545e+007
1.06515e+007
1.06502e+007
1.06512e+007
1.06552e+007
1.06627e+007
1.06744e+007
1.06911e+007
1.07136e+007
1.07426e+007
1.07789e+007
1.08233e+007
1.08768e+007
1.094e+007
1.10139e+007
1.10991e+007
1.11964e+007
1.13065e+007
1.14301e+007
1.15677e+007
1.17197e+007
1.18864e+007
1.20681e+007
1.22648e+007
1.24765e+007
1.2703e+007
1.29443e+007
1.31999e+007
1.34697e+007
1.37531e+007
1.40498e+007
1.43592e+007
1.46808e+007
1.5014e+007
1.53582e+007
1.57129e+007
1.60774e+007
1.64512e+007
1.68336e+007
1.72243e+007
1.76225e+007
1.80279e+007
1.84399e+007
1.8858e+007
1.9282e+007
1.97112e+007
2.01454e+007
2.05842e+007
2.10274e+007
2.14744e+007
2.19248e+007
2.2378e+007
2.28336e+007
2.3291e+007
2.37497e+007
2.42092e+007
2.46691e+007
2.51287e+007
2.55877e+007
2.60455e+007
2.65016e+007
2.69555e+007
2.74065e+007
2.78542e+007
2.82978e+007
2.8737e+007
2.91711e+007
2.95995e+007
3.00217e+007
3.04371e+007
3.08453e+007
3.12458e+007
3.1638e+007
3.20215e+007
3.2396e+007
3.2761e+007
3.31162e+007
3.34613e+007
3.3796e+007
3.41201e+007
3.44332e+007
3.47347e+007
3.5024e+007
3.53004e+007
3.55635e+007
3.58127e+007
3.60475e+007
3.62673e+007
3.64716e+007
3.66599e+007
3.68318e+007
3.69866e+007
3.71239e+007
3.72431e+007
3.73436e+007
3.74248e+007
3.74861e+007
3.75269e+007
3.75467e+007
3.75449e+007
3.7521e+007
3.74745e+007
3.74051e+007
3.73122e+007
3.71957e+007
3.70552e+007
3.68906e+007
3.67016e+007
3.6488e+007
3.62492e+007
3.59845e+007
3.56933e+007
3.53753e+007
3.50303e+007
3.46584e+007
3.426e+007
3.38362e+007
3.33884e+007
3.29191e+007
3.24318e+007
3.19316e+007
3.14256e+007
3.09236e+007
3.04391e+007
2.99908e+007
2.96049e+007
2.93187e+007
2.91862e+007
2.92889e+007
2.97549e+007
3.0797e+007
3.27914e+007
3.64327e+007
4.29044e+007
5.21788e+007
2.45123e+007
1.23172e+007
9.22456e+006
7.86325e+006
7.23263e+006
6.94232e+006
6.83538e+006
6.83586e+006
6.90215e+006
7.00949e+006
7.14225e+006
7.2902e+006
7.44647e+006
7.60642e+006
7.76686e+006
7.92563e+006
8.08131e+006
8.23294e+006
8.37993e+006
8.52193e+006
8.65877e+006
8.79039e+006
8.9168e+006
9.03808e+006
9.15433e+006
9.26568e+006
9.37225e+006
9.47419e+006
9.57161e+006
9.66464e+006
9.75338e+006
9.83792e+006
9.91837e+006
9.9948e+006
1.00673e+007
1.01359e+007
1.02007e+007
1.02618e+007
1.03192e+007
1.0373e+007
1.04233e+007
1.047e+007
1.05132e+007
1.0553e+007
1.05894e+007
1.06225e+007
1.06523e+007
1.06789e+007
1.07023e+007
1.07227e+007
1.07401e+007
1.07546e+007
1.07663e+007
1.07755e+007
1.07821e+007
1.07865e+007
1.07887e+007
1.07891e+007
1.07879e+007
1.07852e+007
1.07814e+007
1.07768e+007
1.07717e+007
1.07664e+007
1.07614e+007
1.07571e+007
1.0754e+007
1.07526e+007
1.07536e+007
1.07575e+007
1.0765e+007
1.07768e+007
1.07935e+007
1.08161e+007
1.08452e+007
1.08818e+007
1.09265e+007
1.09804e+007
1.10441e+007
1.11185e+007
1.12044e+007
1.13026e+007
1.14138e+007
1.15386e+007
1.16776e+007
1.18312e+007
1.19999e+007
1.21838e+007
1.23829e+007
1.25973e+007
1.28268e+007
1.30712e+007
1.33303e+007
1.36038e+007
1.38911e+007
1.4192e+007
1.45057e+007
1.48318e+007
1.51696e+007
1.55185e+007
1.58779e+007
1.62473e+007
1.66259e+007
1.70131e+007
1.74085e+007
1.78115e+007
1.82215e+007
1.86381e+007
1.90607e+007
1.94889e+007
1.99224e+007
2.03607e+007
2.08036e+007
2.12506e+007
2.17014e+007
2.21556e+007
2.26124e+007
2.30716e+007
2.35324e+007
2.39944e+007
2.44572e+007
2.49202e+007
2.5383e+007
2.5845e+007
2.63058e+007
2.67649e+007
2.72217e+007
2.76757e+007
2.81263e+007
2.85729e+007
2.9015e+007
2.9452e+007
2.98833e+007
3.03085e+007
3.0727e+007
3.11382e+007
3.15417e+007
3.1937e+007
3.23237e+007
3.27013e+007
3.30695e+007
3.34279e+007
3.37762e+007
3.41142e+007
3.44417e+007
3.47582e+007
3.50631e+007
3.53558e+007
3.56356e+007
3.5902e+007
3.61544e+007
3.63923e+007
3.6615e+007
3.68221e+007
3.70129e+007
3.71871e+007
3.73441e+007
3.74833e+007
3.7604e+007
3.77058e+007
3.77879e+007
3.78498e+007
3.78908e+007
3.79104e+007
3.79079e+007
3.7883e+007
3.78351e+007
3.77639e+007
3.76689e+007
3.755e+007
3.74067e+007
3.72391e+007
3.7047e+007
3.68302e+007
3.6588e+007
3.63199e+007
3.60251e+007
3.57034e+007
3.53547e+007
3.49789e+007
3.45766e+007
3.41486e+007
3.36965e+007
3.32224e+007
3.27298e+007
3.22231e+007
3.17087e+007
3.11956e+007
3.06955e+007
3.02243e+007
2.98037e+007
2.94632e+007
2.92436e+007
2.92017e+007
2.94175e+007
3.00036e+007
3.11115e+007
3.29087e+007
3.54233e+007
3.79511e+007
2.44772e+007
1.24238e+007
9.17836e+006
7.8462e+006
7.2476e+006
6.98569e+006
6.9027e+006
6.92302e+006
7.00567e+006
7.12647e+006
7.27037e+006
7.42759e+006
7.59167e+006
7.75826e+006
7.92443e+006
8.08821e+006
8.24832e+006
8.40392e+006
8.55451e+006
8.69981e+006
8.83969e+006
8.97414e+006
9.10321e+006
9.22699e+006
9.3456e+006
9.45918e+006
9.56788e+006
9.67183e+006
9.77119e+006
9.86607e+006
9.95657e+006
1.00428e+007
1.01248e+007
1.02028e+007
1.02767e+007
1.03467e+007
1.04128e+007
1.04752e+007
1.05337e+007
1.05886e+007
1.06399e+007
1.06875e+007
1.07316e+007
1.07722e+007
1.08094e+007
1.08431e+007
1.08735e+007
1.09007e+007
1.09246e+007
1.09454e+007
1.09631e+007
1.09779e+007
1.09898e+007
1.09991e+007
1.10058e+007
1.10102e+007
1.10125e+007
1.10128e+007
1.10115e+007
1.10087e+007
1.10048e+007
1.10001e+007
1.09948e+007
1.09894e+007
1.09842e+007
1.09798e+007
1.09766e+007
1.09751e+007
1.09761e+007
1.098e+007
1.09876e+007
1.09996e+007
1.10167e+007
1.10396e+007
1.10693e+007
1.11065e+007
1.11521e+007
1.1207e+007
1.1272e+007
1.13479e+007
1.14356e+007
1.15358e+007
1.16494e+007
1.17768e+007
1.19189e+007
1.20761e+007
1.22487e+007
1.2437e+007
1.2641e+007
1.28607e+007
1.3096e+007
1.33466e+007
1.36123e+007
1.38928e+007
1.41876e+007
1.44962e+007
1.48181e+007
1.51526e+007
1.5499e+007
1.58568e+007
1.62253e+007
1.66038e+007
1.69916e+007
1.73882e+007
1.7793e+007
1.82053e+007
1.86246e+007
1.90505e+007
1.94823e+007
1.99197e+007
2.03623e+007
2.08096e+007
2.12614e+007
2.17173e+007
2.2177e+007
2.26399e+007
2.31055e+007
2.35733e+007
2.40427e+007
2.45132e+007
2.49844e+007
2.54557e+007
2.59266e+007
2.63968e+007
2.68656e+007
2.73327e+007
2.77976e+007
2.82595e+007
2.8718e+007
2.91724e+007
2.96222e+007
3.00669e+007
3.05059e+007
3.09387e+007
3.13646e+007
3.17833e+007
3.21941e+007
3.25967e+007
3.29905e+007
3.33752e+007
3.37503e+007
3.41156e+007
3.44707e+007
3.48154e+007
3.51496e+007
3.54728e+007
3.57843e+007
3.60835e+007
3.63697e+007
3.66422e+007
3.69005e+007
3.71439e+007
3.73719e+007
3.75839e+007
3.77793e+007
3.79577e+007
3.81184e+007
3.82609e+007
3.83846e+007
3.84887e+007
3.85727e+007
3.86359e+007
3.86775e+007
3.86971e+007
3.8694e+007
3.86677e+007
3.86178e+007
3.85439e+007
3.84456e+007
3.83228e+007
3.81751e+007
3.80026e+007
3.78052e+007
3.75828e+007
3.73346e+007
3.706e+007
3.67584e+007
3.64294e+007
3.60726e+007
3.56883e+007
3.52767e+007
3.48386e+007
3.43753e+007
3.38889e+007
3.33822e+007
3.28593e+007
3.23257e+007
3.1789e+007
3.12593e+007
3.07496e+007
3.0277e+007
2.9864e+007
2.95397e+007
2.93411e+007
2.93143e+007
2.95119e+007
2.99824e+007
3.07351e+007
3.1655e+007
3.23606e+007
2.40909e+007
1.23868e+007
9.08798e+006
7.82682e+006
7.28752e+006
7.07393e+006
7.03022e+006
7.08248e+006
7.1912e+006
7.33342e+006
7.49506e+006
7.66713e+006
7.84379e+006
8.02117e+006
8.19673e+006
8.36879e+006
8.53629e+006
8.69856e+006
8.85524e+006
9.00615e+006
9.15124e+006
9.29054e+006
9.42417e+006
9.55224e+006
9.67492e+006
9.79236e+006
9.90472e+006
1.00122e+007
1.01149e+007
1.02129e+007
1.03065e+007
1.03956e+007
1.04804e+007
1.05609e+007
1.06373e+007
1.07097e+007
1.0778e+007
1.08425e+007
1.0903e+007
1.09598e+007
1.10127e+007
1.1062e+007
1.11076e+007
1.11496e+007
1.11881e+007
1.1223e+007
1.12544e+007
1.12825e+007
1.13072e+007
1.13287e+007
1.1347e+007
1.13623e+007
1.13746e+007
1.13841e+007
1.1391e+007
1.13955e+007
1.13978e+007
1.13981e+007
1.13967e+007
1.13938e+007
1.13897e+007
1.13848e+007
1.13793e+007
1.13737e+007
1.13683e+007
1.13637e+007
1.13604e+007
1.13589e+007
1.13599e+007
1.13639e+007
1.13718e+007
1.13842e+007
1.14018e+007
1.14256e+007
1.14563e+007
1.14948e+007
1.1542e+007
1.15988e+007
1.1666e+007
1.17446e+007
1.18354e+007
1.19392e+007
1.20568e+007
1.2189e+007
1.23363e+007
1.24994e+007
1.26788e+007
1.28744e+007
1.30865e+007
1.3315e+007
1.35597e+007
1.38205e+007
1.4097e+007
1.43889e+007
1.46957e+007
1.50169e+007
1.5352e+007
1.57001e+007
1.60606e+007
1.64328e+007
1.68161e+007
1.72095e+007
1.76126e+007
1.80246e+007
1.84449e+007
1.88728e+007
1.93078e+007
1.97493e+007
2.01968e+007
2.06499e+007
2.1108e+007
2.15709e+007
2.20382e+007
2.25097e+007
2.2985e+007
2.34636e+007
2.39449e+007
2.44283e+007
2.49132e+007
2.53991e+007
2.58856e+007
2.6372e+007
2.68581e+007
2.73432e+007
2.78269e+007
2.83088e+007
2.87884e+007
2.9265e+007
2.9738e+007
3.02068e+007
3.06709e+007
3.11296e+007
3.15825e+007
3.20289e+007
3.24684e+007
3.29003e+007
3.33243e+007
3.37396e+007
3.4146e+007
3.45429e+007
3.49301e+007
3.53071e+007
3.56737e+007
3.60297e+007
3.63751e+007
3.67094e+007
3.70318e+007
3.73417e+007
3.76382e+007
3.79207e+007
3.81884e+007
3.84408e+007
3.86772e+007
3.8897e+007
3.90997e+007
3.92846e+007
3.94513e+007
3.95992e+007
3.97276e+007
3.98357e+007
3.99228e+007
3.99881e+007
4.00311e+007
4.00509e+007
4.00471e+007
4.00191e+007
3.99665e+007
3.98887e+007
3.97856e+007
3.96569e+007
3.95025e+007
3.93225e+007
3.9117e+007
3.8886e+007
3.86285e+007
3.83437e+007
3.80309e+007
3.76897e+007
3.73196e+007
3.69206e+007
3.64929e+007
3.60372e+007
3.55544e+007
3.50463e+007
3.45153e+007
3.39647e+007
3.33993e+007
3.28253e+007
3.22511e+007
3.16871e+007
3.11465e+007
3.06461e+007
3.02064e+007
2.98515e+007
2.9608e+007
2.9501e+007
2.95443e+007
2.97219e+007
2.99581e+007
3.00976e+007
2.32401e+007
1.21066e+007
8.95908e+006
7.82998e+006
7.38731e+006
7.24807e+006
7.26297e+006
7.36218e+006
7.50897e+006
7.68247e+006
7.87013e+006
8.06417e+006
8.25964e+006
8.45335e+006
8.64328e+006
8.82816e+006
9.00722e+006
9.18003e+006
9.3464e+006
9.50629e+006
9.65976e+006
9.80693e+006
9.94796e+006
1.0083e+007
1.02123e+007
1.03361e+007
1.04544e+007
1.05676e+007
1.06757e+007
1.0779e+007
1.08775e+007
1.09713e+007
1.10606e+007
1.11455e+007
1.1226e+007
1.13022e+007
1.13741e+007
1.1442e+007
1.15058e+007
1.15655e+007
1.16214e+007
1.16733e+007
1.17214e+007
1.17656e+007
1.18062e+007
1.1843e+007
1.18761e+007
1.19057e+007
1.19317e+007
1.19544e+007
1.19737e+007
1.19897e+007
1.20027e+007
1.20127e+007
1.20199e+007
1.20245e+007
1.20268e+007
1.20271e+007
1.20256e+007
1.20226e+007
1.20183e+007
1.20131e+007
1.20074e+007
1.20015e+007
1.19958e+007
1.1991e+007
1.19875e+007
1.1986e+007
1.19871e+007
1.19914e+007
1.19998e+007
1.20129e+007
1.20316e+007
1.20567e+007
1.20892e+007
1.21298e+007
1.21797e+007
1.22396e+007
1.23106e+007
1.23936e+007
1.24895e+007
1.25992e+007
1.27234e+007
1.28631e+007
1.30189e+007
1.31915e+007
1.33815e+007
1.3589e+007
1.38139e+007
1.40564e+007
1.43161e+007
1.45929e+007
1.48864e+007
1.51962e+007
1.55219e+007
1.58629e+007
1.62187e+007
1.65883e+007
1.69709e+007
1.73659e+007
1.77725e+007
1.81897e+007
1.8617e+007
1.90535e+007
1.94986e+007
1.99515e+007
2.04117e+007
2.08785e+007
2.13514e+007
2.183e+007
2.23136e+007
2.2802e+007
2.32949e+007
2.37921e+007
2.42934e+007
2.4798e+007
2.53054e+007
2.58149e+007
2.63259e+007
2.68377e+007
2.735e+007
2.78621e+007
2.83736e+007
2.8884e+007
2.9393e+007
2.98999e+007
3.04045e+007
3.09058e+007
3.14034e+007
3.18964e+007
3.23845e+007
3.28669e+007
3.33431e+007
3.38125e+007
3.42746e+007
3.47287e+007
3.51742e+007
3.56108e+007
3.60379e+007
3.6455e+007
3.68617e+007
3.72578e+007
3.7643e+007
3.80172e+007
3.83804e+007
3.87325e+007
3.90724e+007
3.93992e+007
3.97121e+007
4.00102e+007
4.02928e+007
4.05592e+007
4.08088e+007
4.10408e+007
4.12547e+007
4.14499e+007
4.16259e+007
4.17822e+007
4.19179e+007
4.20323e+007
4.21244e+007
4.21934e+007
4.22387e+007
4.22594e+007
4.22549e+007
4.22246e+007
4.21681e+007
4.20849e+007
4.19748e+007
4.18375e+007
4.16731e+007
4.14819e+007
4.12641e+007
4.102e+007
4.07482e+007
4.04478e+007
4.01177e+007
3.97572e+007
3.93659e+007
3.89435e+007
3.84901e+007
3.80061e+007
3.7492e+007
3.69493e+007
3.63798e+007
3.57861e+007
3.51721e+007
3.45429e+007
3.39053e+007
3.32675e+007
3.26397e+007
3.20344e+007
3.14669e+007
3.09542e+007
3.05142e+007
3.01627e+007
2.99087e+007
2.97461e+007
2.96462e+007
2.9558e+007
2.1988e+007
1.16368e+007
8.8381e+006
7.91937e+006
7.62319e+006
7.59321e+006
7.69271e+006
7.85911e+006
8.06039e+006
8.27891e+006
8.50445e+006
8.73088e+006
8.95449e+006
9.17301e+006
9.3851e+006
9.58999e+006
9.78732e+006
9.97696e+006
1.01589e+007
1.03334e+007
1.05005e+007
1.06606e+007
1.08138e+007
1.09604e+007
1.11007e+007
1.12348e+007
1.13631e+007
1.14857e+007
1.16029e+007
1.17148e+007
1.18215e+007
1.19232e+007
1.202e+007
1.21119e+007
1.21991e+007
1.22817e+007
1.23597e+007
1.24332e+007
1.25023e+007
1.25671e+007
1.26276e+007
1.26839e+007
1.27361e+007
1.27841e+007
1.2828e+007
1.2868e+007
1.29039e+007
1.2936e+007
1.29643e+007
1.29889e+007
1.30098e+007
1.30272e+007
1.30412e+007
1.3052e+007
1.30598e+007
1.30647e+007
1.30672e+007
1.30674e+007
1.30658e+007
1.30626e+007
1.30581e+007
1.30526e+007
1.30465e+007
1.30402e+007
1.30343e+007
1.30291e+007
1.30255e+007
1.30239e+007
1.30252e+007
1.30301e+007
1.30393e+007
1.30538e+007
1.30742e+007
1.31017e+007
1.3137e+007
1.31814e+007
1.32356e+007
1.33008e+007
1.33781e+007
1.34683e+007
1.35726e+007
1.36918e+007
1.3827e+007
1.39789e+007
1.41485e+007
1.43366e+007
1.45438e+007
1.47704e+007
1.50162e+007
1.52811e+007
1.5565e+007
1.58676e+007
1.61884e+007
1.65271e+007
1.68832e+007
1.7256e+007
1.7645e+007
1.80491e+007
1.84675e+007
1.88993e+007
1.93435e+007
1.97993e+007
2.02658e+007
2.07422e+007
2.12277e+007
2.17215e+007
2.2223e+007
2.27315e+007
2.32463e+007
2.3767e+007
2.42929e+007
2.48237e+007
2.53592e+007
2.58992e+007
2.64438e+007
2.69923e+007
2.75436e+007
2.80971e+007
2.86519e+007
2.92075e+007
2.97634e+007
3.03189e+007
3.08735e+007
3.14269e+007
3.19784e+007
3.25278e+007
3.30745e+007
3.36178e+007
3.41569e+007
3.4691e+007
3.52195e+007
3.57419e+007
3.62573e+007
3.67653e+007
3.72652e+007
3.77564e+007
3.82382e+007
3.87102e+007
3.91717e+007
3.96222e+007
4.00614e+007
4.04888e+007
4.09044e+007
4.13082e+007
4.17006e+007
4.20816e+007
4.24499e+007
4.28042e+007
4.31435e+007
4.34669e+007
4.37734e+007
4.40623e+007
4.43328e+007
4.45844e+007
4.48162e+007
4.50278e+007
4.52187e+007
4.53884e+007
4.5536e+007
4.56605e+007
4.5761e+007
4.58363e+007
4.58856e+007
4.5908e+007
4.5903e+007
4.58698e+007
4.58079e+007
4.57167e+007
4.5596e+007
4.54457e+007
4.5266e+007
4.50572e+007
4.48205e+007
4.45562e+007
4.42624e+007
4.39374e+007
4.35799e+007
4.31888e+007
4.27636e+007
4.23037e+007
4.18088e+007
4.12791e+007
4.07149e+007
4.01169e+007
3.94865e+007
3.88254e+007
3.81367e+007
3.74245e+007
3.66943e+007
3.59524e+007
3.52067e+007
3.44673e+007
3.37465e+007
3.30586e+007
3.24195e+007
3.18454e+007
3.1351e+007
3.09475e+007
3.06401e+007
3.04284e+007
2.0433e+007
1.1114e+007
8.84865e+006
8.24899e+006
8.17189e+006
8.30315e+006
8.52675e+006
8.79198e+006
9.07421e+006
9.36063e+006
9.6443e+006
9.9214e+006
1.01899e+007
1.04486e+007
1.06972e+007
1.09355e+007
1.11638e+007
1.13821e+007
1.1591e+007
1.17907e+007
1.19816e+007
1.21642e+007
1.23387e+007
1.25056e+007
1.26651e+007
1.28176e+007
1.29634e+007
1.31027e+007
1.32358e+007
1.3363e+007
1.34842e+007
1.35998e+007
1.37098e+007
1.38142e+007
1.39133e+007
1.40071e+007
1.40957e+007
1.41792e+007
1.42577e+007
1.43314e+007
1.44002e+007
1.44642e+007
1.45235e+007
1.45781e+007
1.46281e+007
1.46736e+007
1.47145e+007
1.4751e+007
1.47832e+007
1.48112e+007
1.48351e+007
1.48549e+007
1.48709e+007
1.48832e+007
1.4892e+007
1.48976e+007
1.49004e+007
1.49006e+007
1.4899e+007
1.48957e+007
1.48909e+007
1.4885e+007
1.48784e+007
1.48716e+007
1.48651e+007
1.48596e+007
1.48557e+007
1.48543e+007
1.48561e+007
1.4862e+007
1.48729e+007
1.48897e+007
1.49133e+007
1.49449e+007
1.49855e+007
1.50362e+007
1.50982e+007
1.51727e+007
1.52609e+007
1.53639e+007
1.54828e+007
1.56187e+007
1.57728e+007
1.59459e+007
1.61393e+007
1.6354e+007
1.65912e+007
1.68508e+007
1.71326e+007
1.74364e+007
1.7762e+007
1.81089e+007
1.84768e+007
1.88652e+007
1.92734e+007
1.97009e+007
2.01471e+007
2.06108e+007
2.10908e+007
2.15862e+007
2.20957e+007
2.26183e+007
2.3153e+007
2.36989e+007
2.4255e+007
2.48204e+007
2.53944e+007
2.59761e+007
2.65647e+007
2.71597e+007
2.77603e+007
2.83663e+007
2.89773e+007
2.95933e+007
3.0215e+007
3.08415e+007
3.14714e+007
3.21035e+007
3.27369e+007
3.33709e+007
3.40048e+007
3.46381e+007
3.52701e+007
3.59004e+007
3.65284e+007
3.71537e+007
3.7776e+007
3.83944e+007
3.90077e+007
3.96152e+007
4.02162e+007
4.08097e+007
4.13953e+007
4.1972e+007
4.25393e+007
4.30963e+007
4.36425e+007
4.4177e+007
4.46994e+007
4.52089e+007
4.5705e+007
4.61875e+007
4.66561e+007
4.71112e+007
4.75538e+007
4.79852e+007
4.84029e+007
4.88049e+007
4.91898e+007
4.95564e+007
4.99038e+007
5.02312e+007
5.05378e+007
5.08227e+007
5.10852e+007
5.13246e+007
5.15407e+007
5.17334e+007
5.19015e+007
5.20439e+007
5.21591e+007
5.22457e+007
5.23026e+007
5.2329e+007
5.2324e+007
5.22868e+007
5.22168e+007
5.21134e+007
5.19761e+007
5.18048e+007
5.15997e+007
5.13619e+007
5.10936e+007
5.07963e+007
5.04662e+007
5.01003e+007
4.96966e+007
4.92537e+007
4.87706e+007
4.82465e+007
4.76809e+007
4.70732e+007
4.64235e+007
4.57316e+007
4.49983e+007
4.42246e+007
4.34123e+007
4.25653e+007
4.16878e+007
4.07841e+007
3.98608e+007
3.89266e+007
3.79931e+007
3.70748e+007
3.61899e+007
3.53604e+007
3.46123e+007
3.39755e+007
3.3483e+007
3.31693e+007
1.85667e+007
1.07492e+007
9.34094e+006
9.25461e+006
9.52723e+006
9.91577e+006
1.03394e+007
1.07671e+007
1.11855e+007
1.1589e+007
1.19754e+007
1.2344e+007
1.26952e+007
1.30295e+007
1.33476e+007
1.36504e+007
1.39388e+007
1.42136e+007
1.44756e+007
1.47255e+007
1.49639e+007
1.51916e+007
1.5409e+007
1.56166e+007
1.5815e+007
1.60044e+007
1.61855e+007
1.63584e+007
1.65237e+007
1.66816e+007
1.68323e+007
1.69758e+007
1.71123e+007
1.7242e+007
1.7365e+007
1.74815e+007
1.75915e+007
1.76951e+007
1.77925e+007
1.78839e+007
1.79693e+007
1.80489e+007
1.81226e+007
1.81906e+007
1.82527e+007
1.83093e+007
1.83603e+007
1.84058e+007
1.84459e+007
1.84809e+007
1.85107e+007
1.85356e+007
1.85557e+007
1.85712e+007
1.85824e+007
1.85896e+007
1.85931e+007
1.85936e+007
1.85921e+007
1.85888e+007
1.85838e+007
1.85774e+007
1.85701e+007
1.85625e+007
1.85553e+007
1.85493e+007
1.85453e+007
1.85443e+007
1.85474e+007
1.85556e+007
1.857e+007
1.85917e+007
1.86219e+007
1.86618e+007
1.87129e+007
1.87765e+007
1.88541e+007
1.89472e+007
1.90572e+007
1.91855e+007
1.93336e+007
1.95028e+007
1.96944e+007
1.99097e+007
2.015e+007
2.04169e+007
2.07133e+007
2.10384e+007
2.13912e+007
2.17716e+007
2.21791e+007
2.26135e+007
2.30742e+007
2.35606e+007
2.40717e+007
2.46068e+007
2.51658e+007
2.57473e+007
2.63494e+007
2.69709e+007
2.76103e+007
2.82658e+007
2.89365e+007
2.96211e+007
3.03186e+007
3.10277e+007
3.17473e+007
3.24765e+007
3.32142e+007
3.39596e+007
3.47118e+007
3.54701e+007
3.62343e+007
3.70047e+007
3.77831e+007
3.8569e+007
3.93591e+007
4.01516e+007
4.09453e+007
4.17392e+007
4.25327e+007
4.3325e+007
4.41152e+007
4.49028e+007
4.5687e+007
4.64673e+007
4.72436e+007
4.80152e+007
4.87801e+007
4.95372e+007
5.02856e+007
5.10241e+007
5.17519e+007
5.24682e+007
5.31719e+007
5.38623e+007
5.45383e+007
5.51992e+007
5.5844e+007
5.6472e+007
5.70825e+007
5.76749e+007
5.82491e+007
5.88055e+007
5.93467e+007
5.98783e+007
6.03937e+007
6.08892e+007
6.13632e+007
6.18142e+007
6.22413e+007
6.26436e+007
6.30202e+007
6.33701e+007
6.3692e+007
6.39851e+007
6.42499e+007
6.44874e+007
6.4696e+007
6.48741e+007
6.50194e+007
6.51292e+007
6.52024e+007
6.52382e+007
6.52355e+007
6.51934e+007
6.51107e+007
6.49865e+007
6.48201e+007
6.4611e+007
6.43592e+007
6.40667e+007
6.37387e+007
6.3381e+007
6.29832e+007
6.25396e+007
6.20472e+007
6.1504e+007
6.09084e+007
6.02593e+007
5.95552e+007
5.87952e+007
5.79782e+007
5.71033e+007
5.61703e+007
5.51789e+007
5.41298e+007
5.30276e+007
5.18745e+007
5.06728e+007
4.94282e+007
4.81491e+007
4.68485e+007
4.55444e+007
4.42617e+007
4.3034e+007
4.1905e+007
4.09297e+007
4.0175e+007
3.97205e+007
1.5758e+007
1.14632e+007
1.18017e+007
1.27264e+007
1.36915e+007
1.46037e+007
1.54501e+007
1.62348e+007
1.69632e+007
1.76414e+007
1.82752e+007
1.88694e+007
1.94279e+007
1.99542e+007
2.04514e+007
2.09218e+007
2.13678e+007
2.17912e+007
2.21937e+007
2.25768e+007
2.29417e+007
2.32895e+007
2.36214e+007
2.3938e+007
2.42402e+007
2.45287e+007
2.48041e+007
2.50669e+007
2.53182e+007
2.55585e+007
2.57876e+007
2.60058e+007
2.62132e+007
2.64102e+007
2.6597e+007
2.67739e+007
2.69409e+007
2.70982e+007
2.72459e+007
2.73845e+007
2.75142e+007
2.7635e+007
2.77472e+007
2.78506e+007
2.79452e+007
2.80313e+007
2.81091e+007
2.81787e+007
2.82404e+007
2.82942e+007
2.83404e+007
2.83792e+007
2.84109e+007
2.84358e+007
2.84543e+007
2.84666e+007
2.84734e+007
2.84754e+007
2.84753e+007
2.84732e+007
2.84685e+007
2.84616e+007
2.84534e+007
2.84448e+007
2.84367e+007
2.84303e+007
2.84268e+007
2.84277e+007
2.84349e+007
2.845e+007
2.84744e+007
2.85098e+007
2.85578e+007
2.86204e+007
2.86997e+007
2.87978e+007
2.89168e+007
2.90591e+007
2.92268e+007
2.94222e+007
2.96473e+007
2.99041e+007
3.01946e+007
3.05207e+007
3.0884e+007
3.12872e+007
3.17379e+007
3.22334e+007
3.2771e+007
3.33503e+007
3.39713e+007
3.46334e+007
3.5336e+007
3.60782e+007
3.68583e+007
3.76749e+007
3.85286e+007
3.94194e+007
4.03425e+007
4.1297e+007
4.22797e+007
4.32873e+007
4.43191e+007
4.53733e+007
4.64481e+007
4.75418e+007
4.86524e+007
4.97784e+007
5.0918e+007
5.20699e+007
5.32323e+007
5.44042e+007
5.55843e+007
5.67726e+007
5.79754e+007
5.91942e+007
6.04187e+007
6.16459e+007
6.2874e+007
6.41019e+007
6.53282e+007
6.65518e+007
6.77714e+007
6.89857e+007
7.01935e+007
7.13936e+007
7.25861e+007
7.37723e+007
7.4947e+007
7.61085e+007
7.7255e+007
7.83843e+007
7.94953e+007
8.05865e+007
8.16566e+007
8.27041e+007
8.37275e+007
8.47255e+007
8.56967e+007
8.66397e+007
8.75535e+007
8.84369e+007
8.92891e+007
9.01102e+007
9.0904e+007
9.1697e+007
9.24631e+007
9.31965e+007
9.38955e+007
9.4559e+007
9.51863e+007
9.57765e+007
9.63288e+007
9.6842e+007
9.73138e+007
9.7741e+007
9.81278e+007
9.84792e+007
9.87915e+007
9.9064e+007
9.92903e+007
9.94636e+007
9.95845e+007
9.96524e+007
9.96656e+007
9.96222e+007
9.952e+007
9.93569e+007
9.91311e+007
9.8841e+007
9.8485e+007
9.80635e+007
9.75914e+007
9.70923e+007
9.65289e+007
9.58906e+007
9.51732e+007
9.43736e+007
9.3489e+007
9.25166e+007
9.14536e+007
9.02971e+007
8.90442e+007
8.76915e+007
8.62373e+007
8.46801e+007
8.30173e+007
8.12596e+007
7.94024e+007
7.7445e+007
7.53928e+007
7.3257e+007
7.10562e+007
6.88193e+007
6.65892e+007
6.44274e+007
6.24169e+007
6.0664e+007
5.93006e+007
5.85071e+007
1.60367e+007
2.37714e+007
2.97139e+007
3.41944e+007
3.78503e+007
4.09721e+007
4.37142e+007
4.61691e+007
4.83954e+007
5.04348e+007
5.23177e+007
5.40669e+007
5.57003e+007
5.72313e+007
5.86713e+007
6.00293e+007
6.1313e+007
6.25291e+007
6.3683e+007
6.47794e+007
6.58225e+007
6.68158e+007
6.77622e+007
6.86646e+007
6.95251e+007
7.03459e+007
7.11286e+007
7.18747e+007
7.25864e+007
7.32652e+007
7.39113e+007
7.45256e+007
7.51092e+007
7.56629e+007
7.61873e+007
7.66833e+007
7.71514e+007
7.75923e+007
7.80067e+007
7.83949e+007
7.87579e+007
7.9096e+007
7.94094e+007
7.96988e+007
7.99649e+007
8.02081e+007
8.0429e+007
8.06282e+007
8.08064e+007
8.09642e+007
8.11025e+007
8.1222e+007
8.13235e+007
8.1408e+007
8.14763e+007
8.15295e+007
8.15688e+007
8.15953e+007
8.16143e+007
8.16246e+007
8.16266e+007
8.16228e+007
8.16155e+007
8.16073e+007
8.16008e+007
8.15987e+007
8.16032e+007
8.16194e+007
8.16537e+007
8.17102e+007
8.17934e+007
8.19066e+007
8.20534e+007
8.22395e+007
8.24709e+007
8.27539e+007
8.30944e+007
8.34988e+007
8.39732e+007
8.45239e+007
8.51567e+007
8.58776e+007
8.66916e+007
8.76036e+007
8.86172e+007
8.97357e+007
9.09755e+007
9.23299e+007
9.37986e+007
9.53835e+007
9.70856e+007
9.89053e+007
1.00842e+008
1.02895e+008
1.05064e+008
1.07347e+008
1.0974e+008
1.12243e+008
1.1485e+008
1.1755e+008
1.20343e+008
1.23226e+008
1.26193e+008
1.29237e+008
1.32354e+008
1.35538e+008
1.38784e+008
1.42086e+008
1.45439e+008
1.48836e+008
1.52273e+008
1.55744e+008
1.59243e+008
1.62767e+008
1.66324e+008
1.69904e+008
1.73491e+008
1.77084e+008
1.80677e+008
1.84269e+008
1.87855e+008
1.91429e+008
1.94989e+008
1.98529e+008
2.02043e+008
2.05525e+008
2.08979e+008
2.1241e+008
2.15808e+008
2.19164e+008
2.22469e+008
2.25712e+008
2.28891e+008
2.32002e+008
2.35042e+008
2.38007e+008
2.4089e+008
2.43689e+008
2.464e+008
2.49018e+008
2.5154e+008
2.53964e+008
2.56284e+008
2.58497e+008
2.60601e+008
2.62644e+008
2.64579e+008
2.66408e+008
2.68132e+008
2.69754e+008
2.71276e+008
2.727e+008
2.74028e+008
2.75263e+008
2.7641e+008
2.77472e+008
2.78446e+008
2.79336e+008
2.80147e+008
2.80866e+008
2.81491e+008
2.82026e+008
2.82463e+008
2.82796e+008
2.83017e+008
2.83118e+008
2.83092e+008
2.82928e+008
2.82616e+008
2.82144e+008
2.815e+008
2.80672e+008
2.79665e+008
2.78514e+008
2.77136e+008
2.75523e+008
2.73668e+008
2.7156e+008
2.69189e+008
2.66541e+008
2.63607e+008
2.60372e+008
2.56823e+008
2.52939e+008
2.48718e+008
2.44163e+008
2.39263e+008
2.34046e+008
2.28482e+008
2.22556e+008
2.16279e+008
2.09689e+008
2.02843e+008
1.95833e+008
1.88801e+008
1.81954e+008
1.7558e+008
1.70031e+008
1.65724e+008
1.6285e+008
)
;

boundaryField
{
    walls
    {
        Cmu             0.09;
        kappa           0.41;
        E               9.8;
        beta1           0.075;
        blended         false;
        type            omegaWallFunction;
        value           nonuniform List<scalar> 
400
(
1.57352e+007
2.34694e+007
2.941e+007
3.38973e+007
3.75594e+007
4.06856e+007
4.34304e+007
4.58877e+007
4.81161e+007
5.01578e+007
5.20433e+007
5.37954e+007
5.54324e+007
5.69677e+007
5.84131e+007
5.97779e+007
6.10701e+007
6.22961e+007
6.34615e+007
6.45709e+007
6.56284e+007
6.66375e+007
6.7601e+007
6.85215e+007
6.94012e+007
7.0242e+007
7.10455e+007
7.18132e+007
7.25471e+007
7.32482e+007
7.39167e+007
7.45535e+007
7.51595e+007
7.57355e+007
7.62819e+007
7.67993e+007
7.72881e+007
7.77487e+007
7.81813e+007
7.85867e+007
7.89659e+007
7.93188e+007
7.96457e+007
7.99461e+007
8.02198e+007
8.04674e+007
8.06891e+007
8.08852e+007
8.10559e+007
8.12016e+007
8.13226e+007
8.14195e+007
8.14929e+007
8.15434e+007
8.1572e+007
8.15796e+007
8.15674e+007
8.15364e+007
8.14921e+007
8.14353e+007
8.13665e+007
8.12888e+007
8.12053e+007
8.11196e+007
8.10359e+007
8.09586e+007
8.08931e+007
8.08439e+007
8.08164e+007
8.08183e+007
8.08545e+007
8.0931e+007
8.10552e+007
8.12341e+007
8.14745e+007
8.17833e+007
8.21676e+007
8.2634e+007
8.31891e+007
8.38387e+007
8.45881e+007
8.5442e+007
8.64041e+007
8.74772e+007
8.86632e+007
8.99635e+007
9.13901e+007
9.29318e+007
9.45849e+007
9.63486e+007
9.82207e+007
1.00198e+008
1.02277e+008
1.04452e+008
1.0672e+008
1.09073e+008
1.11512e+008
1.14038e+008
1.16643e+008
1.19319e+008
1.22058e+008
1.24852e+008
1.277e+008
1.30598e+008
1.33542e+008
1.36528e+008
1.39553e+008
1.42613e+008
1.45706e+008
1.48829e+008
1.51979e+008
1.55153e+008
1.58349e+008
1.61562e+008
1.64801e+008
1.68073e+008
1.71359e+008
1.74658e+008
1.7797e+008
1.81294e+008
1.84628e+008
1.87972e+008
1.91323e+008
1.9468e+008
1.98044e+008
2.01413e+008
2.04782e+008
2.08155e+008
2.11527e+008
2.14885e+008
2.1823e+008
2.21562e+008
2.24875e+008
2.28165e+008
2.31426e+008
2.34654e+008
2.37844e+008
2.4099e+008
2.44089e+008
2.47133e+008
2.50117e+008
2.53035e+008
2.5588e+008
2.58645e+008
2.61327e+008
2.63962e+008
2.66494e+008
2.68921e+008
2.71239e+008
2.73443e+008
2.75529e+008
2.7749e+008
2.79319e+008
2.81012e+008
2.82558e+008
2.83945e+008
2.85179e+008
2.86273e+008
2.87221e+008
2.88012e+008
2.88629e+008
2.89053e+008
2.89281e+008
2.89312e+008
2.89142e+008
2.88766e+008
2.8818e+008
2.87381e+008
2.86365e+008
2.85128e+008
2.83668e+008
2.81976e+008
2.80049e+008
2.77977e+008
2.75679e+008
2.73154e+008
2.70402e+008
2.67426e+008
2.64225e+008
2.60796e+008
2.57136e+008
2.53239e+008
2.49099e+008
2.44707e+008
2.40037e+008
2.35048e+008
2.29735e+008
2.24067e+008
2.17976e+008
2.11398e+008
2.04244e+008
1.9639e+008
1.87673e+008
1.7787e+008
1.66657e+008
1.53543e+008
1.37822e+008
1.1817e+008
9.20019e+007
5.93536e+007
1.60367e+007
2.37714e+007
2.97139e+007
3.41944e+007
3.78503e+007
4.09721e+007
4.37142e+007
4.61691e+007
4.83954e+007
5.04348e+007
5.23177e+007
5.40669e+007
5.57003e+007
5.72313e+007
5.86713e+007
6.00293e+007
6.1313e+007
6.25291e+007
6.3683e+007
6.47794e+007
6.58225e+007
6.68158e+007
6.77622e+007
6.86646e+007
6.95251e+007
7.03459e+007
7.11286e+007
7.18747e+007
7.25864e+007
7.32652e+007
7.39113e+007
7.45256e+007
7.51092e+007
7.56629e+007
7.61873e+007
7.66833e+007
7.71514e+007
7.75923e+007
7.80067e+007
7.83949e+007
7.87579e+007
7.9096e+007
7.94094e+007
7.96988e+007
7.99649e+007
8.02081e+007
8.0429e+007
8.06282e+007
8.08064e+007
8.09642e+007
8.11025e+007
8.1222e+007
8.13235e+007
8.1408e+007
8.14763e+007
8.15295e+007
8.15688e+007
8.15953e+007
8.16143e+007
8.16246e+007
8.16266e+007
8.16228e+007
8.16155e+007
8.16073e+007
8.16008e+007
8.15987e+007
8.16032e+007
8.16194e+007
8.16537e+007
8.17102e+007
8.17934e+007
8.19066e+007
8.20534e+007
8.22395e+007
8.24709e+007
8.27539e+007
8.30944e+007
8.34988e+007
8.39732e+007
8.45239e+007
8.51567e+007
8.58776e+007
8.66916e+007
8.76036e+007
8.86172e+007
8.97357e+007
9.09755e+007
9.23299e+007
9.37986e+007
9.53835e+007
9.70856e+007
9.89053e+007
1.00842e+008
1.02895e+008
1.05064e+008
1.07347e+008
1.0974e+008
1.12243e+008
1.1485e+008
1.1755e+008
1.20343e+008
1.23226e+008
1.26193e+008
1.29237e+008
1.32354e+008
1.35538e+008
1.38784e+008
1.42086e+008
1.45439e+008
1.48836e+008
1.52273e+008
1.55744e+008
1.59243e+008
1.62767e+008
1.66324e+008
1.69904e+008
1.73491e+008
1.77084e+008
1.80677e+008
1.84269e+008
1.87855e+008
1.91429e+008
1.94989e+008
1.98529e+008
2.02043e+008
2.05525e+008
2.08979e+008
2.1241e+008
2.15808e+008
2.19164e+008
2.22469e+008
2.25712e+008
2.28891e+008
2.32002e+008
2.35042e+008
2.38007e+008
2.4089e+008
2.43689e+008
2.464e+008
2.49018e+008
2.5154e+008
2.53964e+008
2.56284e+008
2.58497e+008
2.60601e+008
2.62644e+008
2.64579e+008
2.66408e+008
2.68132e+008
2.69754e+008
2.71276e+008
2.727e+008
2.74028e+008
2.75263e+008
2.7641e+008
2.77472e+008
2.78446e+008
2.79336e+008
2.80147e+008
2.80866e+008
2.81491e+008
2.82026e+008
2.82463e+008
2.82796e+008
2.83017e+008
2.83118e+008
2.83092e+008
2.82928e+008
2.82616e+008
2.82144e+008
2.815e+008
2.80672e+008
2.79665e+008
2.78514e+008
2.77136e+008
2.75523e+008
2.73668e+008
2.7156e+008
2.69189e+008
2.66541e+008
2.63607e+008
2.60372e+008
2.56823e+008
2.52939e+008
2.48718e+008
2.44163e+008
2.39263e+008
2.34046e+008
2.28482e+008
2.22556e+008
2.16279e+008
2.09689e+008
2.02843e+008
1.95833e+008
1.88801e+008
1.81954e+008
1.7558e+008
1.70031e+008
1.65724e+008
1.6285e+008
)
;
    }
    inlet
    {
        type            fixedValue;
        value           uniform 1;
    }
    outlet
    {
        type            freestream;
        freestreamValue uniform 1;
        value           nonuniform List<scalar> 
20
(
1
1
1
1
1
1
1
1
1
1
5.21788e+007
3.79511e+007
3.23606e+007
3.00976e+007
2.9558e+007
3.04284e+007
3.31693e+007
3.97205e+007
5.85071e+007
1.6285e+008
)
;
    }
    frontAndBack
    {
        type            empty;
    }
}


// ************************************************************************* //
