/*--------------------------------*- C++ -*----------------------------------*\
| =========                 |                                                 |
| \\      /  F ield         | OpenFOAM: The Open Source CFD Toolbox           |
|  \\    /   O peration     | Version:  5.x                                   |
|   \\  /    A nd           | Web:      www.OpenFOAM.org                      |
|    \\/     M anipulation  |                                                 |
\*---------------------------------------------------------------------------*/
/*   Windows 32 and 64 bit porting by blueCAPE: http://www.bluecape.com.pt   *\
|  Based on Windows porting (2.0.x v4) by Symscape: http://www.symscape.com   |
\*---------------------------------------------------------------------------*/
FoamFile
{
    version     2.0;
    format      ascii;
    class       surfaceScalarField;
    location    "5000";
    object      phi;
}
// * * * * * * * * * * * * * * * * * * * * * * * * * * * * * * * * * * * * * //

dimensions      [0 3 -1 0 0 0 0];

internalField   nonuniform List<scalar> 
7780
(
8.28678e-005
-3.28677e-005
0.000605478
-0.00052261
0.00117467
-0.000569192
0.00164317
-0.000468502
0.00195643
-0.00031326
0.00209971
-0.000143274
0.00207576
2.39459e-005
0.00189997
0.000175792
0.00159238
0.000307593
0.00117484
0.000417535
0.00066684
0.000508002
7.8707e-005
0.000588133
-0.000579563
0.00065827
-0.00129619
0.000716625
-0.00206282
0.000766627
-0.00286188
0.000799061
-0.00367177
0.000809893
-0.00447656
0.000804792
-0.00526153
0.000784971
-0.00601255
0.00075102
-0.00671622
0.00070367
-0.00736001
0.000643787
-0.00793238
0.00057237
-0.00842295
0.000490576
-0.00882244
0.000399486
-0.00912314
0.000300704
-0.00931843
0.000195283
-0.00939802
7.95921e-005
-0.00935237
-4.56447e-005
-0.00918051
-0.000171868
-0.00888251
-0.000297995
-0.0084556
-0.00042691
-0.00789711
-0.000558496
-0.00720513
-0.000691973
-0.00637843
-0.000826702
-0.00541644
-0.000961985
-0.00432076
-0.00109569
-0.00310358
-0.00121718
-0.00178237
-0.0013212
-0.000355297
-0.00142708
0.0011837
-0.001539
0.00282773
-0.00164402
0.00458617
-0.00175844
0.00644571
-0.00185954
0.00837249
-0.00192678
0.0103461
-0.00197364
0.012346
-0.00199989
0.0143486
-0.00200255
0.0163271
-0.00197852
0.0182519
-0.00192479
0.0200904
-0.00183856
0.0218078
-0.00171737
0.0233671
-0.00155924
0.0247297
-0.00136268
0.0258568
-0.00112701
0.0267098
-0.00085309
0.0272489
-0.000539078
0.0274208
-0.00017184
0.027176
0.000244753
0.0264924
0.000683598
0.02535
0.00114239
0.023722
0.00162806
0.0215858
0.00213611
0.0189258
0.00266004
0.0157333
0.00319252
0.0120192
0.00371407
0.00786357
0.00415565
0.00329986
0.0045637
-0.0017018
0.00500166
-0.00710876
0.00540697
-0.012918
0.00580926
-0.0190985
0.00618049
-0.025537
0.00643853
-0.0321223
0.00658529
-0.0387644
0.00664206
-0.0453691
0.00660472
-0.0518358
0.00646668
-0.058058
0.00622226
-0.0639255
0.00586748
-0.0693256
0.00540009
-0.0741457
0.0048201
-0.0782746
0.00412885
-0.0816066
0.00333204
-0.0840424
0.00243583
-0.0854729
0.00143045
-0.0857711
0.000298214
-0.0848447
-0.000926351
-0.0826676
-0.00217716
-0.0792179
-0.00344964
-0.0744631
-0.00475483
-0.0683882
-0.00607487
-0.0609983
-0.00738995
-0.0523187
-0.00867964
-0.0424032
-0.00991541
-0.0313888
-0.0110144
-0.0195331
-0.0118558
-0.00692519
-0.0126079
0.00644501
-0.0133702
0.0204231
-0.0139781
0.0350393
-0.0146162
0.0501261
-0.0150868
0.0653145
-0.0151884
0.0803795
-0.015065
0.0951226
-0.0147432
0.109344
-0.0142218
0.122846
-0.0135013
0.135431
-0.0125849
0.14691
-0.0114794
0.157104
-0.0101944
0.165848
-0.00874341
0.172988
-0.00713972
0.178394
-0.00540672
0.181956
-0.00356222
0.183513
-0.00155614
0.182898
0.000615064
0.180093
0.00280416
0.175126
0.00496767
0.167987
0.00713917
0.158672
0.00931492
0.1472
0.011472
0.133611
0.0135882
0.117968
0.0156431
0.100352
0.0176162
0.0808746
0.0194775
0.0597606
0.0211141
0.03748
0.0222806
0.0141938
0.0232862
-0.0101807
0.0243746
-0.0354393
0.0252586
-0.0616558
0.0262165
-0.0886149
0.0269592
-0.115745
0.0271299
-0.142665
0.0269203
-0.16907
0.0264044
-0.194647
0.0255774
-0.219077
0.02443
-0.242032
0.0229554
-0.263184
0.0211521
-0.282208
0.0190234
-0.298786
0.0165787
-0.312619
0.0138323
-0.323426
0.0108069
-0.330947
0.00752178
-0.334873
0.00392511
-0.33486
-1.21445e-005
-0.330749
-0.004111
-0.322535
-0.00821429
-0.310187
-0.0123479
-0.293662
-0.0165254
-0.272968
-0.0206938
-0.248172
-0.0247962
-0.219395
-0.0287772
-0.186814
-0.0325805
-0.150673
-0.0361409
-0.111393
-0.0392799
-0.0699995
-0.0413939
-0.0269399
-0.0430595
0.0179224
-0.0448623
0.0640627
-0.0461404
0.111416
-0.0473528
0.159531
-0.0481151
0.207279
-0.0477488
0.253771
-0.0464917
0.298315
-0.044544
0.340244
-0.041929
0.378899
-0.0386552
0.413641
-0.0347414
0.443862
-0.0302212
0.469005
-0.0251427
0.488575
-0.0195698
0.502147
-0.0135725
0.509254
-0.007107
0.509383
-0.000129144
0.502333
0.00704989
0.488254
0.014079
0.467299
0.0209552
0.439604
0.0276949
0.405404
0.0342
0.365043
0.0403614
0.318963
0.0460799
0.267699
0.0512641
0.211873
0.0558262
0.152358
0.0595142
0.0908179
0.0615404
0.0281423
0.0626756
-0.0356845
0.0638268
-0.0998712
0.0641867
-0.164093
0.0642218
-0.227534
0.0634412
-0.288466
0.0609317
-0.345375
0.0569093
-0.396951
0.0515755
-0.441699
0.0447484
-0.477777
0.0360774
-0.50271
0.024933
-0.512738
0.0100286
-0.503351
-0.00938677
-0.471781
-0.0315704
-0.418162
-0.053619
-0.0566382
0.000533339
-0.000516206
0.000855423
-0.000844695
0.00111167
-0.000825437
0.00129245
-0.000649282
0.00138726
-0.000408074
0.0013901
-0.000146108
0.00130073
0.000113313
0.00111973
0.000356792
0.000850009
0.000577312
0.000495871
0.000771673
6.3393e-005
0.00094048
-0.000435563
0.00108709
-0.000988534
0.00121124
-0.0015837
0.0013118
-0.00220568
0.0013886
-0.00284414
0.00143752
-0.00349009
0.00145585
-0.00413069
0.00144539
-0.00475334
0.00140763
-0.00534611
0.00134379
-0.00589773
0.00125529
-0.0063977
0.00114376
-0.0068363
0.00101097
-0.00720461
0.000858883
-0.00749455
0.000689424
-0.00769854
0.000504693
-0.00780946
0.000306207
-0.00782391
9.40403e-005
-0.00774015
-0.000129405
-0.00755247
-0.000359551
-0.00725613
-0.00059433
-0.00684962
-0.000833419
-0.00633223
-0.00107588
-0.00570389
-0.00132032
-0.00496556
-0.00156503
-0.00411968
-0.00180787
-0.00316997
-0.0020454
-0.00211546
-0.00227169
-0.00095173
-0.00248493
0.000313225
-0.00269203
0.00166696
-0.00289274
0.00310443
-0.00308149
0.0046045
-0.00325851
0.00615734
-0.00341238
0.00775979
-0.00352923
0.00939425
-0.0036081
0.0110405
-0.00364618
0.0126769
-0.00363886
0.0142795
-0.00358119
0.0158228
-0.00346811
0.0172792
-0.00329487
0.018619
-0.00305723
0.0198114
-0.00275164
0.0208241
-0.00237537
0.0216238
-0.00192668
0.0221757
-0.00140506
0.0224456
-0.000808948
0.0224093
-0.000135532
0.0220454
0.00060868
0.0213198
0.00140912
0.0202046
0.00225768
0.0186835
0.00314908
0.016746
0.00407361
0.014388
0.00501807
0.0116145
0.005966
0.00843628
0.00689231
0.00482758
0.00776435
0.000797061
0.00859423
-0.00359212
0.00939084
-0.00831117
0.010126
-0.0132923
0.0107903
-0.0184695
0.0113577
-0.0238091
0.0117782
-0.0292549
0.0120311
-0.034725
0.0121121
-0.0401322
0.012012
-0.0453863
0.0117207
-0.0503937
0.0112297
-0.0550587
0.0105325
-0.0592843
0.00962573
-0.0629735
0.00850928
-0.0660308
0.00718614
-0.0683622
0.00566347
-0.0698764
0.00394998
-0.0704972
0.00205123
-0.0701787
-2.03033e-005
-0.0688746
-0.00223036
-0.0665198
-0.00453203
-0.0630737
-0.00689573
-0.0585302
-0.00929829
-0.0528987
-0.0117064
-0.0462074
-0.0140813
-0.0385072
-0.0163798
-0.0298715
-0.0185511
-0.0203604
-0.0205255
-0.00996847
-0.0222477
0.0011944
-0.0237707
0.0129288
-0.0251046
0.0251413
-0.0261906
0.0375719
-0.0270469
0.0500767
-0.0275916
0.0626034
-0.0277151
0.0749784
-0.0274399
0.0870177
-0.0267825
0.0985441
-0.0257482
0.109387
-0.024344
0.119382
-0.02258
0.128373
-0.0204707
0.136214
-0.0180348
0.142766
-0.0152957
0.147905
-0.0122787
0.151513
-0.00901453
0.15348
-0.00552961
0.153755
-0.00183063
0.152327
0.00204306
0.149125
0.00600622
0.144087
0.0100048
0.137212
0.0140147
0.128521
0.0180059
0.118053
0.0219399
0.105866
0.0257754
0.0920405
0.0294684
0.0766864
0.0329703
0.0599416
0.0362223
0.041924
0.0391317
0.0225905
0.041614
0.00208803
0.0437887
-0.0192464
0.045709
-0.0412741
0.0472863
-0.0636053
0.0485477
-0.0860185
0.0493724
-0.108459
0.0495703
-0.130689
0.0491505
-0.152422
0.0481378
-0.173375
0.0465299
-0.193266
0.0443208
-0.211817
0.0415068
-0.228754
0.0380892
-0.243807
0.0340766
-0.256714
0.029485
-0.26722
0.0243382
-0.27508
0.0186674
-0.280063
0.0125041
-0.282005
0.00586782
-0.280827
-0.00119019
-0.276395
-0.00854348
-0.268543
-0.0160665
-0.2572
-0.0236904
-0.242376
-0.0313491
-0.224119
-0.0389512
-0.202521
-0.0463938
-0.177732
-0.0535661
-0.149967
-0.0603464
-0.119511
-0.0665966
-0.0866712
-0.0721195
-0.0513842
-0.0766809
-0.0139604
-0.0804833
0.0248178
-0.0836405
0.0646214
-0.0859439
0.104688
-0.0874196
0.144454
-0.0878805
0.183688
-0.0869831
0.221912
-0.0847155
0.258518
-0.0811505
0.292915
-0.0763262
0.324539
-0.0702792
0.352856
-0.0630585
0.377367
-0.0547314
0.397608
-0.0453843
0.41316
-0.0351214
0.423643
-0.0240558
0.428819
-0.0122831
0.428622
6.74724e-005
0.42294
0.012732
0.411602
0.0254176
0.39461
0.0379471
0.372134
0.0501707
0.344426
0.0619085
0.311816
0.0729713
0.274725
0.083171
0.233668
0.0923204
0.189267
0.100228
0.142148
0.106633
0.0924278
0.11126
0.0406856
0.114418
-0.0118092
0.116322
-0.0643806
0.116758
-0.115927
0.115768
-0.16562
0.113134
-0.213085
0.108397
-0.257637
0.101461
-0.298363
0.0923016
-0.334335
0.0807203
-0.364612
0.0663547
-0.388324
0.0486446
-0.40514
0.026845
-0.41519
0.000663401
-0.417988
-0.0287728
-0.411819
-0.0597883
-0.076439
0.000575753
-0.00104196
0.000829196
-0.00109814
0.000962897
-0.000959138
0.00102473
-0.000711113
0.00102607
-0.000409417
0.000967288
-8.73256e-005
0.000846448
0.000234153
0.000661695
0.000541545
0.000412529
0.000826478
0.000100191
0.00108401
-0.000271304
0.00131198
-0.000694078
0.00150986
-0.00115902
0.00167618
-0.00165637
0.00180915
-0.00217502
0.00190725
-0.00270536
0.00196787
-0.00323884
0.00198933
-0.00376566
0.0019722
-0.00427567
0.00191763
-0.00475897
0.00182709
-0.00520609
0.00170242
-0.00560813
0.00154579
-0.00595679
0.00135964
-0.00624446
0.00114655
-0.00646423
0.000909193
-0.00660981
0.000650277
-0.00667585
0.000372246
-0.00665896
7.71549e-005
-0.00655633
-0.000232038
-0.00636423
-0.000551655
-0.00607952
-0.000879033
-0.00570063
-0.00121231
-0.00522697
-0.00154954
-0.00465873
-0.00188856
-0.00399688
-0.00222688
-0.00324314
-0.0025616
-0.00239934
-0.00288921
-0.00146551
-0.00320552
-0.000442207
-0.00350823
0.000663658
-0.0037979
0.00184309
-0.00407217
0.00308746
-0.00432586
0.00438331
-0.00455436
0.00571911
-0.00474818
0.00708667
-0.00489679
0.00847268
-0.00499412
0.00986045
-0.00503395
0.0112313
-0.00500968
0.0125647
-0.00491458
0.0138384
-0.00474184
0.0150287
-0.00448517
0.0161104
-0.00413893
0.0170572
-0.00369843
0.0178419
-0.00316009
0.0184369
-0.00252167
0.0188142
-0.00178235
0.0189476
-0.000942342
0.0188155
-3.4913e-006
0.0183973
0.00102695
0.0176693
0.00213712
0.0166113
0.00331565
0.0152096
0.00455072
0.0134559
0.00582737
0.0113466
0.00712736
0.00888338
0.00842921
0.0060679
0.00970778
0.00289543
0.0109368
-0.00061618
0.0121058
-0.00442832
0.013203
-0.00850416
0.0142019
-0.0127931
0.0150793
-0.0172393
0.0158039
-0.0217978
0.0163367
-0.0264171
0.0166504
-0.0310314
0.0167264
-0.0355673
0.0165479
-0.039947
0.0161004
-0.0440892
0.0153719
-0.047911
0.0143542
-0.0513284
0.0130431
-0.054258
0.0114389
-0.0566186
0.00954677
-0.0583321
0.00737692
-0.0593261
0.00494397
-0.0595412
0.00226637
-0.0589321
-0.000629372
-0.0574585
-0.00370401
-0.0550805
-0.00691006
-0.0517732
-0.010203
-0.047533
-0.0135384
-0.0423728
-0.0168666
-0.036321
-0.0201331
-0.0294212
-0.0232796
-0.0217276
-0.0262448
-0.0132884
-0.0289648
-0.00414683
-0.0313892
0.00559085
-0.0335084
0.0157874
-0.0353011
0.0263184
-0.0367215
0.0370162
-0.0377447
0.0477365
-0.0383119
0.0583831
-0.0383618
0.0688274
-0.0378841
0.0789238
-0.0368789
0.0885263
-0.0353507
0.0974917
-0.0333094
0.105682
-0.0307705
0.112967
-0.0277554
0.119223
-0.0242912
0.124338
-0.0204103
0.128208
-0.0161492
0.130742
-0.0115487
0.131863
-0.00665012
0.131525
-0.00149314
0.129702
0.00386666
0.126352
0.00935557
0.121448
0.0149098
0.114985
0.0204768
0.106987
0.026004
0.0974918
0.0314353
0.0865549
0.0367123
0.0742495
0.0417738
0.0606647
0.0465551
0.0458991
0.050988
0.0300322
0.0549985
0.0131166
0.0585297
-0.00469149
0.0615967
-0.0231773
0.0641948
-0.0421556
0.0662646
-0.0613794
0.0677715
-0.0806321
0.068625
-0.0997786
0.0687168
-0.118638
0.0680101
-0.13699
0.0664895
-0.154602
0.0641419
-0.171239
0.0609579
-0.186667
0.0569343
-0.200653
0.0520752
-0.21297
0.0463942
-0.2234
0.0399149
-0.231733
0.032671
-0.237772
0.0247068
-0.241343
0.0160752
-0.242313
0.00683767
-0.240584
-0.00291971
-0.236053
-0.0130742
-0.228624
-0.023495
-0.21825
-0.0340652
-0.204933
-0.0446652
-0.188723
-0.0551617
-0.169706
-0.0654104
-0.148015
-0.0752571
-0.123824
-0.0845381
-0.0973397
-0.0930806
-0.0687572
-0.100702
-0.0382026
-0.107235
-0.00601528
-0.112671
0.0273239
-0.11698
0.0614019
-0.120022
0.0956987
-0.121716
0.129724
-0.121905
0.163134
-0.120394
0.195538
-0.117119
0.226474
-0.112087
0.25547
-0.105322
0.282061
-0.0968711
0.305809
-0.0868056
0.326299
-0.0752214
0.343155
-0.0622407
0.356044
-0.0480103
0.364687
-0.0326986
0.368893
-0.0164896
0.368563
0.000397642
0.363617
0.0176785
0.353987
0.0350472
0.339701
0.0522336
0.32089
0.0689815
0.29777
0.0850288
0.270627
0.100113
0.239821
0.113978
0.20577
0.126371
0.168942
0.137056
0.129775
0.145799
0.0886141
0.152422
0.0460679
0.156964
0.002925
0.159465
-0.0401376
0.159821
-0.0823597
0.15799
-0.123056
0.15383
-0.161776
0.147117
-0.198059
0.137745
-0.23139
0.125633
-0.261299
0.110629
-0.287432
0.0924873
-0.309652
0.0708652
-0.328197
0.0453898
-0.34348
0.0159458
-0.355379
-0.016873
-0.362652
-0.0525153
-0.0781801
0.000495511
-0.00148747
0.000694838
-0.00129747
0.000775494
-0.00103979
0.000788658
-0.000724276
0.000751717
-0.000372477
0.00066901
-4.61854e-006
0.000540186
0.000362977
0.00036374
0.000717991
0.000138791
0.00105143
-0.000134062
0.00135686
-0.000452021
0.00162993
-0.000809758
0.0018676
-0.0012005
0.00206692
-0.00161658
0.00222523
-0.00204955
0.00234021
-0.00249137
0.00240969
-0.00293429
0.00243225
-0.00337013
0.00240804
-0.00379054
0.00233805
-0.00418729
0.00222384
-0.00455242
0.00206754
-0.00487837
0.00187175
-0.00515813
0.00163939
-0.00538522
0.00137364
-0.00555381
0.00107779
-0.00565871
0.00075518
-0.00569555
0.000409087
-0.00566105
4.26475e-005
-0.00555242
-0.000340663
-0.00536691
-0.000737166
-0.00510228
-0.00114366
-0.00475723
-0.00155736
-0.00433127
-0.00197551
-0.00382458
-0.00239525
-0.00323797
-0.00281348
-0.00257276
-0.00322681
-0.00183049
-0.00363148
-0.00101252
-0.00402349
-0.000121286
-0.00439946
0.000837627
-0.00475681
0.00185677
-0.00509131
0.00292786
-0.00539696
0.00404049
-0.00566698
0.0051845
-0.00589219
0.0063503
-0.00606259
0.00752598
-0.00616979
0.00869731
-0.00620529
0.0098483
-0.00616067
0.0109614
-0.00602768
0.0120176
-0.00579799
0.0129964
-0.00546404
0.0138766
-0.00501911
0.0146359
-0.00445767
0.0152514
-0.0037756
0.0157002
-0.00297048
0.0159596
-0.00204179
0.0160084
-0.000991096
0.0158275
0.000177428
0.0153989
0.00145551
0.0147049
0.0028311
0.0137303
0.00429033
0.0124638
0.00581722
0.0108984
0.00739274
0.00903105
0.0089947
0.00686225
0.010598
0.00439473
0.0121753
0.00163312
0.0136984
-0.00140567
0.0151446
-0.0046924
0.0164897
-0.00819345
0.0177029
-0.0118671
0.0187529
-0.0156679
0.0196047
-0.0195515
0.0202203
-0.0234695
0.0205683
-0.0273653
0.0206222
-0.0311764
0.020359
-0.0348363
0.0197603
-0.0382751
0.0188108
-0.0414217
0.0175008
-0.044204
0.0158254
-0.0465511
0.013786
-0.0483943
0.01139
-0.0496688
0.00865142
-0.0503158
0.00559103
-0.0502858
0.00223634
-0.0495387
-0.00137651
-0.0480412
-0.0052015
-0.0457662
-0.00918504
-0.0426983
-0.0132709
-0.0388369
-0.0173999
-0.0341951
-0.0215083
-0.0287991
-0.0255291
-0.0226864
-0.0293924
-0.0159032
-0.0330279
-0.00850037
-0.0363676
-0.000536818
-0.0393528
0.00789767
-0.0419429
0.0166927
-0.0440962
0.0257345
-0.0457633
0.0348934
-0.0469036
0.0440488
-0.0474673
0.0530973
-0.0474103
0.0619262
-0.046713
0.0704151
-0.0453678
0.0784425
-0.0433781
0.0858888
-0.0407557
0.0926386
-0.0375203
0.0985826
-0.0336993
0.103619
-0.0293272
0.107653
-0.024445
0.110603
-0.0190991
0.112396
-0.0133411
0.112972
-0.00722633
0.112292
-0.000813249
0.110328
0.00583038
0.107056
0.012628
0.10246
0.0195055
0.0965442
0.0263928
0.0893284
0.0332198
0.0808483
0.0399154
0.0711539
0.0464068
0.060308
0.0526197
0.0483844
0.0584788
0.0354634
0.0639089
0.0216248
0.0688371
0.00695197
0.0732025
-0.00842396
0.0769726
-0.0243375
0.0801084
-0.0406214
0.0825485
-0.0570858
0.0842358
-0.0735535
0.0850927
-0.0898759
0.0850393
-0.105889
0.0840235
-0.121411
0.0820114
-0.13625
0.0789802
-0.150208
0.0749163
-0.163089
0.0698158
-0.174699
0.0636851
-0.184848
0.0565424
-0.193351
0.0484183
-0.200037
0.039357
-0.204746
0.0294161
-0.207339
0.0186679
-0.207701
0.00719983
-0.205742
-0.00487899
-0.201381
-0.0174348
-0.194555
-0.0303212
-0.185232
-0.0433883
-0.173419
-0.0564786
-0.159157
-0.0694232
-0.142525
-0.0820427
-0.123633
-0.0941488
-0.102625
-0.105547
-0.0796668
-0.116039
-0.0549373
-0.125431
-0.028622
-0.133551
-0.00100579
-0.140287
0.0275471
-0.145533
0.0566682
-0.149143
0.0859486
-0.150997
0.114993
-0.15095
0.143456
-0.148857
0.170984
-0.144647
0.197196
-0.138299
0.221706
-0.129832
0.244134
-0.119299
0.264115
-0.106787
0.281311
-0.0924176
0.295415
-0.0763449
0.306161
-0.0587557
0.313329
-0.0398671
0.316765
-0.0199251
0.316372
0.000789971
0.312094
0.0219566
0.303908
0.0432334
0.291856
0.0642855
0.276055
0.0847821
0.25669
0.104394
0.234006
0.122797
0.208305
0.139679
0.179935
0.154742
0.149276
0.167714
0.116718
0.178358
0.0826515
0.186488
0.0475823
0.192033
0.0121019
0.194945
-0.0232179
0.195141
-0.0577927
0.192565
-0.0911009
0.187138
-0.122741
0.178758
-0.152367
0.16737
-0.179673
0.152939
-0.204447
0.135403
-0.226615
0.114656
-0.246302
0.0905522
-0.263858
0.0629458
-0.279721
0.0318083
-0.294033
-0.00256053
-0.306563
-0.0399859
-0.0691095
0.000382145
-0.00181961
0.00053472
-0.00145004
0.00058811
-0.00109318
0.000581781
-0.000717948
0.000532417
-0.000323113
0.000445957
8.18412e-005
0.000323537
0.000485397
0.000164592
0.000876936
-3.13978e-005
0.00124742
-0.000263958
0.00158942
-0.000531045
0.00189702
-0.000828865
0.00216542
-0.00115236
0.00239042
-0.00149561
0.00256847
-0.00185204
0.00269664
-0.00221508
0.00277274
-0.00257811
0.00279528
-0.00293431
0.00276424
-0.00327685
0.00268059
-0.00359891
0.00254589
-0.00389387
0.00236251
-0.00415548
0.00213335
-0.00437786
0.00186177
-0.00455564
0.00155141
-0.00468395
0.0012061
-0.00475853
0.000829754
-0.00477572
0.00042628
-0.00473262
-4.57726e-007
-0.00462677
-0.000446507
-0.00445603
-0.000907905
-0.00421873
-0.00138097
-0.00391384
-0.00186225
-0.00354097
-0.00234838
-0.00310031
-0.00283591
-0.00259255
-0.00332124
-0.00201885
-0.00380051
-0.00138073
-0.0042696
-0.000680106
-0.00472411
8.01178e-005
-0.00515969
0.00089516
-0.00557185
0.00175882
-0.00595497
0.00266392
-0.00630206
0.00360199
-0.00660505
0.00456421
-0.00685441
0.00554138
-0.00703976
0.00652305
-0.00715146
0.00749704
-0.00717928
0.00844983
-0.00711346
0.00936669
-0.00694455
0.0102316
-0.00666285
0.0110273
-0.00625983
0.0117362
-0.00572793
0.0123395
-0.00506103
0.0128186
-0.00425467
0.0131545
-0.00330643
0.013329
-0.00221621
0.0133244
-0.000986549
0.0131249
0.000376918
0.0127156
0.00186481
0.0120827
0.00346407
0.0112143
0.00515872
0.0101017
0.00692983
0.0087392
0.0087552
0.00712448
0.0106094
0.00525827
0.0124642
0.00314445
0.0142891
0.000790525
0.0160524
-0.00178807
0.0177232
-0.00456782
0.0192695
-0.0075202
0.0206553
-0.0106109
0.0218436
-0.0138019
0.0227957
-0.0170535
0.0234719
-0.0203228
0.0238376
-0.0235614
0.0238609
-0.0267165
0.0235141
-0.0297321
0.0227759
-0.0325495
0.0216282
-0.0351085
0.0200598
-0.037349
0.0180659
-0.0392116
0.0156486
-0.0406392
0.0128177
-0.0415788
0.00959094
-0.0419821
0.00599438
-0.0418083
0.00206248
-0.0410237
-0.0021611
-0.0396018
-0.00662339
-0.0375231
-0.0112637
-0.0347781
-0.016016
-0.0313681
-0.0208098
-0.027306
-0.0255705
-0.0226149
-0.0302201
-0.017328
-0.0346793
-0.0114865
-0.0388694
-0.00513931
-0.0427148
0.00165468
-0.0461468
0.00881876
-0.049107
0.0162624
-0.0515398
0.0238891
-0.05339
0.0315944
-0.0546089
0.0392768
-0.0551497
0.0468423
-0.0549758
0.0541934
-0.054064
0.0612293
-0.0524038
0.0678495
-0.0499983
0.0739552
-0.0468613
0.0794511
-0.0430163
0.0842475
-0.0384958
0.0882609
-0.0333406
0.0914153
-0.0275994
0.0936437
-0.0213274
0.0948885
-0.0145859
0.0951037
-0.00744156
0.0942561
3.43422e-005
0.0923226
0.00776388
0.0892869
0.0156637
0.0851425
0.0236499
0.0798956
0.0316397
0.0735655
0.0395499
0.0661839
0.047297
0.057794
0.0547966
0.0484493
0.0619644
0.0382121
0.068716
0.0271518
0.0749692
0.0153436
0.0806453
0.00287253
0.0856736
-0.0101504
0.0899956
-0.0235931
0.0935511
-0.0373158
0.0962712
-0.051167
0.098087
-0.0649995
0.0989252
-0.078678
0.0987178
-0.0920589
0.0974045
-0.104989
0.0949416
-0.11731
0.0913008
-0.128859
0.0864652
-0.139473
0.0804304
-0.148993
0.0732045
-0.15726
0.0648099
-0.164125
0.0552836
-0.169447
0.0446789
-0.173097
0.0330656
-0.17496
0.0205311
-0.174942
0.00718154
-0.172965
-0.00685626
-0.168965
-0.021434
-0.162899
-0.0363879
-0.154744
-0.0515429
-0.14451
-0.0667129
-0.132233
-0.0817001
-0.117979
-0.0962965
-0.101842
-0.110286
-0.0839395
-0.123449
-0.0644145
-0.135564
-0.0434281
-0.146418
-0.0211651
-0.155814
0.00213358
-0.163586
0.0261786
-0.169578
0.0506622
-0.173627
0.0752568
-0.175591
0.099638
-0.175331
0.123498
-0.172717
0.146527
-0.167677
0.168411
-0.160182
0.18883
-0.150251
0.207476
-0.137944
0.224051
-0.123362
0.238281
-0.106648
0.24992
-0.0879839
0.258756
-0.0675908
0.264615
-0.0457264
0.267373
-0.0226834
0.266952
0.00121104
0.263312
0.0255969
0.256452
0.0500938
0.246421
0.0743161
0.233325
0.0978777
0.217323
0.120396
0.198624
0.141497
0.177479
0.160823
0.154181
0.17804
0.12905
0.192846
0.102426
0.204981
0.0746736
0.214241
0.0462127
0.220494
0.017505
0.223653
-0.0109887
0.223634
-0.0388151
0.220391
-0.0655736
0.213897
-0.0909449
0.204129
-0.114681
0.191106
-0.136615
0.174873
-0.15669
0.155477
-0.174996
0.132962
-0.191803
0.10736
-0.207567
0.0787099
-0.222845
0.047086
-0.238092
0.0126865
-0.253584
-0.0244936
-0.0546205
0.00027489
-0.0020445
0.000387093
-0.00156224
0.000424107
-0.0011302
0.000411392
-0.000705233
0.000362486
-0.000274206
0.000283352
0.000160975
0.000175938
0.000592812
4.04512e-005
0.00101242
-0.000123192
0.00141106
-0.000314509
0.00178074
-0.00053196
0.00211447
-0.000772784
0.00240624
-0.00103322
0.00265086
-0.00130874
0.00284399
-0.00159428
0.00298218
-0.00188464
0.0030631
-0.00217438
0.00308502
-0.002458
0.00304785
-0.00273003
0.00295263
-0.00298496
0.00280081
-0.00321743
0.00259499
-0.0034224
0.00233832
-0.0035951
0.00203448
-0.00373118
0.0016875
-0.00382672
0.00130164
-0.00387826
0.000881294
-0.00388284
0.000430859
-0.00383802
-4.52787e-005
-0.00374178
-0.000542749
-0.00359243
-0.00105726
-0.00338871
-0.00158469
-0.00312984
-0.00212112
-0.00281553
-0.00266268
-0.00244597
-0.00320547
-0.00202177
-0.00374543
-0.00154398
-0.00427831
-0.00101404
-0.00479954
-0.000433919
-0.00530423
0.000193573
-0.00578718
0.000864421
-0.0062427
0.00157354
-0.00666409
0.00231499
-0.0070435
0.00308189
-0.00737196
0.00386686
-0.00763937
0.00466181
-0.00783472
0.00545799
-0.00794763
0.00624522
-0.00796651
0.00701236
-0.0078806
0.00774749
-0.00767969
0.00843738
-0.00735274
0.00906812
-0.00689056
0.00962519
-0.00628501
0.0100937
-0.00552952
0.0104584
-0.00461944
0.0107044
-0.00355243
0.010817
-0.00232876
0.0107822
-0.000951727
0.0105871
0.000571999
0.0102199
0.002232
0.00966987
0.00401409
0.00892804
0.00590055
0.00798767
0.0078702
0.0068445
0.00989837
0.00549693
0.011957
0.00394612
0.014015
0.00219629
0.016039
0.000255275
0.0179934
-0.00186362
0.0198421
-0.00414144
0.0215473
-0.00655486
0.0230687
-0.00907614
0.0243649
-0.0116742
0.0253938
-0.0143154
0.026113
-0.0169637
0.0264859
-0.0195793
0.0264765
-0.0221184
0.0260532
-0.0245355
0.025193
-0.0267826
0.0238753
-0.0288107
0.0220879
-0.0305709
0.019826
-0.032015
0.0170927
-0.0330972
0.0138998
-0.0337745
0.0102683
-0.0340086
0.0062285
-0.0337666
0.0018204
-0.0330214
-0.00290628
-0.0317523
-0.00789243
-0.0299454
-0.0130706
-0.0275944
-0.018367
-0.024702
-0.0237022
-0.0212799
-0.0289926
-0.0173482
-0.0341518
-0.0129354
-0.0390922
-0.00807726
-0.0437275
-0.00281751
-0.0479745
0.00279166
-0.0517559
0.0086864
-0.0550017
0.0147935
-0.0576469
0.0210338
-0.0596304
0.0273234
-0.0608985
0.0335786
-0.0614048
0.0397208
-0.061118
0.0456689
-0.0600121
0.05134
-0.0580748
0.0566524
-0.0553108
0.0615267
-0.0517356
0.0658867
-0.0473762
0.0696604
-0.0422695
0.0727815
-0.0364617
0.0751899
-0.0300079
0.0768331
-0.0229706
0.0776665
-0.0154193
0.0776545
-0.00742957
0.0767711
0.000917764
0.0749985
0.00953642
0.0723264
0.0183358
0.0687525
0.0272238
0.0642846
0.0361077
0.05894
0.0448945
0.0527462
0.0534908
0.0457393
0.0618035
0.0379639
0.0697397
0.0294721
0.0772078
0.0203227
0.0841186
0.0105815
0.0903865
0.000324157
0.095931
-0.0103584
0.100678
-0.0213613
0.104554
-0.0325719
0.107482
-0.0438694
0.109384
-0.0551338
0.11019
-0.0662535
0.109837
-0.077108
0.108259
-0.0875712
0.105405
-0.0975144
0.101244
-0.106807
0.0957583
-0.11532
0.0889426
-0.122922
0.0808068
-0.129489
0.0713766
-0.1349
0.0606945
-0.139042
0.0488212
-0.141813
0.0358363
-0.143121
0.0218394
-0.142889
0.00695021
-0.141056
-0.00868999
-0.137571
-0.0249193
-0.132401
-0.0415578
-0.125532
-0.058411
-0.116975
-0.0752707
-0.106758
-0.0919163
-0.0949382
-0.108117
-0.0815906
-0.123634
-0.0668138
-0.138225
-0.0507264
-0.151651
-0.0334674
-0.163677
-0.0151994
-0.174082
0.00387955
-0.182665
0.0235392
-0.189237
0.0435293
-0.193617
0.0635895
-0.195652
0.08346
-0.195201
0.102881
-0.192138
0.121597
-0.186393
0.139349
-0.177934
0.155881
-0.166783
0.170946
-0.153009
0.184309
-0.136725
0.195752
-0.118091
0.205082
-0.0973145
0.212135
-0.0746436
0.216778
-0.050369
0.218914
-0.0248197
0.218485
0.0016402
0.215466
0.0286161
0.209867
0.0556925
0.201739
0.0824435
0.191177
0.108441
0.178313
0.133259
0.163324
0.156487
0.146417
0.177729
0.127835
0.196623
0.107842
0.212838
0.0867277
0.226095
0.0648011
0.236168
0.0424042
0.242891
0.0198951
0.246162
-0.00236546
0.245895
-0.0240292
0.242055
-0.0447991
0.234667
-0.0644406
0.22377
-0.0827933
0.209459
-0.0997873
0.191867
-0.11547
0.17116
-0.130037
0.147529
-0.143861
0.121184
-0.157503
0.0923525
-0.171686
0.0612692
-0.187199
0.0281989
-0.204724
-0.00696871
-0.0370471
0.00019015
-0.00218465
0.000268288
-0.00164038
0.00029358
-0.00115549
0.000280226
-0.000691879
0.000238108
-0.000232088
0.000172306
0.000226777
8.49126e-005
0.000680205
-2.34616e-005
0.0011208
-0.000152617
0.00154022
-0.000302076
0.0019302
-0.000470681
0.00228308
-0.000656442
0.002592
-0.000856625
0.00285104
-0.00106789
0.00305526
-0.00128643
0.00320071
-0.00150835
0.00328502
-0.00172936
0.00330603
-0.00194527
0.00326376
-0.00215193
0.00315929
-0.00234501
0.00299389
-0.0025204
0.00277038
-0.00267421
0.00249212
-0.00280277
0.00216304
-0.00290273
0.00178746
-0.00297105
0.00136996
-0.00300506
0.000915305
-0.00300247
0.000428266
-0.00296136
-8.63904e-005
-0.00288015
-0.000623957
-0.00275757
-0.00117983
-0.00259269
-0.00174957
-0.00238494
-0.00232888
-0.00213412
-0.0029135
-0.00184041
-0.00349918
-0.00150433
-0.00408151
-0.00112676
-0.00465587
-0.000709
-0.0052173
-0.000252781
-0.00576045
0.000239497
-0.00627946
0.000764614
-0.00676781
0.00131857
-0.00721805
0.0018967
-0.00762163
0.00249365
-0.00796892
0.00310357
-0.00824929
0.00371981
-0.00845096
0.0043355
-0.00856332
0.00494251
-0.00857352
0.00553212
-0.00847021
0.00609521
-0.00824277
0.00662126
-0.00787879
0.00709948
-0.00736879
0.00751869
-0.00670421
0.00786739
-0.00587821
0.00813397
-0.00488603
0.00830692
-0.00372538
0.00837505
-0.00239688
0.00832773
-0.000904405
0.00815509
0.000744632
0.00784816
0.00253894
0.00739895
0.00446329
0.00680087
0.00649863
0.006049
0.00862207
0.00514032
0.010807
0.00407394
0.0130234
0.0028512
0.0152378
0.00147603
0.0174141
-4.46426e-005
0.019514
-0.00170004
0.0214975
-0.00347544
0.0233227
-0.00535269
0.0249459
-0.00731039
0.0263226
-0.00932439
0.0274078
-0.0113674
0.0281561
-0.0134115
0.02853
-0.0154255
0.0284905
-0.0173747
0.0280025
-0.0192243
0.0270426
-0.0209365
0.0255875
-0.0224736
0.023625
-0.0237976
0.02115
-0.0248714
0.0181665
-0.0256597
0.0146881
-0.0261295
0.0107381
-0.0262514
0.00635034
-0.0259999
0.00156894
-0.0253545
-0.00355165
-0.0242997
-0.00894725
-0.0228254
-0.014545
-0.0209277
-0.0202646
-0.0186097
-0.0260202
-0.015881
-0.0317212
-0.0127585
-0.0372744
-0.00926508
-0.0425856
-0.00543041
-0.0475622
-0.00129037
-0.0521146
0.00311227
-0.0561586
0.00772701
-0.0596165
0.012497
-0.0624168
0.0173607
-0.0644941
0.0222526
-0.0657904
0.0271059
-0.0662581
0.0318604
-0.0658726
0.0364516
-0.0646033
0.0408137
-0.0624369
0.0448836
-0.0593807
0.0486004
-0.0554524
0.0519057
-0.0506815
0.0547447
-0.0451085
0.0570669
-0.038784
0.0588273
-0.0317682
0.0599862
-0.0241295
0.0605106
-0.0159438
0.0603745
-0.00729342
0.0595586
0.00173367
0.0580504
0.0110446
0.0558438
0.0205425
0.0529389
0.0301286
0.0493436
0.039703
0.0450727
0.0491653
0.0401487
0.0584149
0.0346005
0.0673517
0.0284637
0.0758765
0.0217798
0.0838917
0.0145962
0.0913023
0.00696634
0.0980163
-0.00104865
0.103946
-0.00937791
0.109007
-0.0179418
0.113118
-0.0266548
0.116195
-0.0354227
0.118152
-0.0441513
0.118918
-0.0527574
0.118444
-0.0611446
0.116646
-0.0692128
0.113473
-0.0768637
0.108895
-0.0839974
0.102892
-0.0905141
0.0954593
-0.0963148
0.0866075
-0.101303
0.076365
-0.105387
0.0647784
-0.10848
0.0519143
-0.110504
0.0378597
-0.111387
0.0227231
-0.111072
0.00663471
-0.109508
-0.0102533
-0.10666
-0.0277676
-0.102503
-0.0457153
-0.0970268
-0.0638869
-0.0902402
-0.0820574
-0.0821678
-0.0999886
-0.0728526
-0.117432
-0.0623547
-0.134132
-0.0507518
-0.149828
-0.0381388
-0.164264
-0.0246278
-0.177188
-0.0103504
-0.188359
0.00453831
-0.197553
0.0198615
-0.20456
0.0354219
-0.209177
0.0510197
-0.21125
0.0664571
-0.210639
0.0815261
-0.207207
0.0960256
-0.200892
0.109753
-0.191661
0.122511
-0.179542
0.134111
-0.164609
0.144375
-0.146988
0.153137
-0.126854
0.160255
-0.104432
0.165604
-0.0799931
0.169089
-0.0538539
0.170641
-0.026371
0.170218
0.00206266
0.16781
0.0310243
0.163433
0.0600696
0.157135
0.0887415
0.148996
0.11658
0.139127
0.143128
0.12767
0.167944
0.114792
0.190607
0.100685
0.210729
0.0855627
0.227961
0.0696552
0.242003
0.05321
0.252613
0.0364944
0.259607
0.019775
0.262881
0.00332115
0.262349
-0.0126086
0.257985
-0.0278087
0.249867
-0.0421226
0.238084
-0.0554629
0.2228
-0.0678303
0.204234
-0.0793378
0.182667
-0.0902406
0.158431
-0.100968
0.131911
-0.112155
0.103539
-0.124662
0.0737763
-0.139565
0.0431021
-0.158166
0.0116323
-0.0167322
0.000130787
-0.00226544
0.000180849
-0.00169044
0.000196612
-0.00117125
0.000185162
-0.000680429
0.000152957
-0.000199883
0.000103731
0.000276003
3.92322e-005
0.000744704
-3.98689e-005
0.0011999
-0.000133275
0.00163362
-0.000240573
0.0020375
-0.000360937
0.00240344
-0.000493013
0.00272408
-0.000634943
0.00299297
-0.000784433
0.00320475
-0.000938812
0.00335509
-0.00109521
0.00344141
-0.00125061
0.00346143
-0.00140238
0.00341553
-0.00154734
0.00330425
-0.00168236
0.00312892
-0.00180457
0.00289259
-0.0019112
0.00259875
-0.00199967
0.00225151
-0.00206759
0.00185538
-0.00211281
0.00141519
-0.00213344
0.000935931
-0.00212783
0.000422657
-0.00209462
-0.000119604
-0.00203267
-0.0006859
-0.00194111
-0.0012714
-0.00181927
-0.00187141
-0.00166679
-0.00248136
-0.00148353
-0.00309676
-0.00126966
-0.00371306
-0.00102556
-0.00432561
-0.000751948
-0.00492949
-0.000449804
-0.00551945
-0.000120494
-0.00608976
0.000234159
-0.00663411
0.000611783
-0.00714544
0.00100948
-0.00761574
0.00142386
-0.00803601
0.00185114
-0.0083962
0.00228714
-0.00868529
0.00272685
-0.00889067
0.00316477
-0.00900124
0.00359555
-0.00900429
0.00401345
-0.00888812
0.00441127
-0.0086406
0.00478129
-0.0082488
0.0051159
-0.0077034
0.0054072
-0.00699552
0.00564707
-0.00611808
0.00582729
-0.00506625
0.00593976
-0.00383784
0.00597659
-0.00243371
0.00593031
-0.000858128
0.00579401
0.000880929
0.00556144
0.00277152
0.00522711
0.00479762
0.00478655
0.00693919
0.00423648
0.00917214
0.00357499
0.0114685
0.00280168
0.0137967
0.00191784
0.0161216
0.00092665
0.0184053
-0.000166513
0.0206072
-0.0013537
0.0226847
-0.00262432
0.0245933
-0.00396543
0.0262871
-0.00536195
0.0277191
-0.00679693
0.0288427
-0.00825006
0.0296092
-0.00969957
0.0299795
-0.0111256
0.0299165
-0.0125035
0.0293804
-0.0138073
0.0283464
-0.0150099
0.0267902
-0.0160847
0.0246997
-0.0170047
0.02207
-0.0177436
0.0189055
-0.0182764
0.0152208
-0.0185796
0.0110413
-0.0186322
0.00640298
-0.0184163
0.00135305
-0.0179172
-0.00405071
-0.0171241
-0.00974041
-0.01603
-0.0156391
-0.0146327
-0.021662
-0.0129346
-0.0277183
-0.0109432
-0.0337126
-0.00867092
-0.0395466
-0.00613505
-0.0451215
-0.00335763
-0.0503396
-0.00036553
-0.0551067
0.00280948
-0.0593336
0.00613071
-0.0629377
0.00955743
-0.0658436
0.0130462
-0.0679829
0.0165486
-0.0692929
0.0200135
-0.069723
0.0234037
-0.0692628
0.0266682
-0.0678678
0.0297585
-0.0655272
0.0326305
-0.0622527
0.0352413
-0.0580632
0.0375498
-0.05299
0.0395175
-0.0470762
0.0411092
-0.0403757
0.0422935
-0.0329525
0.0430433
-0.0248793
0.0433362
-0.0162367
0.0431546
-0.00711177
0.0424858
0.00240238
0.0413223
0.0122081
0.0396608
0.022204
0.0375031
0.0322864
0.0348559
0.0423503
0.0317309
0.0522902
0.0281451
0.0620007
0.0241199
0.0713769
0.0196815
0.0803149
0.0148603
0.088713
0.00969095
0.0964716
0.00421291
0.103494
-0.00152937
0.109688
-0.00748556
0.114964
-0.0136006
0.119233
-0.0198161
0.12241
-0.0260643
0.124401
-0.0322711
0.125125
-0.0383904
0.124563
-0.0443452
0.122601
-0.0500628
0.119191
-0.0554753
0.114307
-0.0605132
0.10793
-0.0651063
0.100052
-0.0691848
0.0906859
-0.0726803
0.0798605
-0.0755276
0.0676257
-0.0776654
0.0540521
-0.0790375
0.0392318
-0.0795939
0.0232796
-0.0792919
0.00633274
-0.0780965
-0.0114487
-0.0759811
-0.029883
-0.0729285
-0.0487679
-0.0689325
-0.0678829
-0.0639987
-0.0869911
-0.0581452
-0.105842
-0.0514027
-0.124174
-0.0438152
-0.141719
-0.0354392
-0.158204
-0.0263444
-0.173359
-0.0166137
-0.186919
-0.00634358
-0.198629
0.00435466
-0.208252
0.0153566
-0.215562
0.0265161
-0.220337
0.0376774
-0.222411
0.0487182
-0.221679
0.0594832
-0.217972
0.0698206
-0.211229
0.0795844
-0.201425
0.0886357
-0.188593
0.0968412
-0.172815
0.104076
-0.154223
0.110226
-0.133004
0.115191
-0.109398
0.11889
-0.0836918
0.121258
-0.0562216
0.122251
-0.0273642
0.121847
0.00246649
0.120045
0.0328266
0.116864
0.0632502
0.112347
0.0932581
0.10656
0.122367
0.0995882
0.1501
0.0915405
0.175992
0.0825436
0.199604
0.0727414
0.220531
0.0622921
0.23841
0.051366
0.252929
0.0401444
0.263835
0.0288228
0.270928
0.0175946
0.274109
0.00663225
0.273311
-0.00389133
0.268508
-0.0138441
0.25982
-0.0231378
0.247378
-0.0317446
0.231406
-0.039714
0.212204
-0.0471931
0.190147
-0.0544546
0.165693
-0.0619317
0.139388
-0.0702659
0.111873
-0.0803853
0.0838956
-0.0935895
0.0563063
-0.111992
0.030035
0.00598568
9.16969e-005
-0.00230714
0.000118555
-0.0017173
0.000126505
-0.0011792
0.000118412
-0.000672335
9.7822e-005
-0.000179293
6.69768e-005
0.000306848
2.70123e-005
0.000784668
-2.1571e-005
0.00124848
-7.85185e-005
0.00169057
-0.000143535
0.00210251
-0.000216108
0.00247601
-0.000295425
0.0028034
-0.000380394
0.00307794
-0.000469658
0.00329402
-0.000561888
0.00344732
-0.000654643
0.00353417
-0.000747021
0.00355381
-0.000837257
0.00350576
-0.000922857
0.00338985
-0.00100233
0.00320839
-0.00107398
0.00296424
-0.00113617
0.00266095
-0.00118736
0.0023027
-0.00122612
0.00189414
-0.00125116
0.00144023
-0.00126135
0.000946121
-0.00125571
0.000417017
-0.00123342
-0.000141895
-0.00119381
-0.000725513
-0.00113635
-0.00132886
-0.00106066
-0.00194709
-0.000966534
-0.00257549
-0.000853904
-0.00320939
-0.000722874
-0.00384409
-0.000573714
-0.00447477
-0.000406866
-0.00509633
-0.000222972
-0.00570334
-2.29072e-005
-0.00628983
0.000192173
-0.00684919
0.000420785
-0.00737405
0.00066112
-0.00785608
0.000911059
-0.00828595
0.00116825
-0.00865338
0.0014302
-0.00894725
0.00169491
-0.00915537
0.00195734
-0.00926367
0.00221525
-0.0092622
0.00246577
-0.00913864
0.00270227
-0.0088771
0.00292118
-0.00846772
0.00311812
-0.00790033
0.00328834
-0.00716574
0.00342698
-0.00625672
0.00352912
-0.0051684
0.00358995
-0.00389867
0.0036048
-0.00244856
0.00356927
-0.000822598
0.00347932
0.000970886
0.00333131
0.00291953
0.00312211
0.00500682
0.00284923
0.00721207
0.00251087
0.0095105
0.00210608
0.0118733
0.00163481
0.014268
0.00109806
0.0166584
0.000497971
0.0190054
-0.000161983
0.0212672
-0.000876849
0.0233996
-0.00164013
0.0253566
-0.0024439
0.0270908
-0.00327908
0.0285543
-0.00413597
0.0296996
-0.00500577
0.030479
-0.00587083
0.0308445
-0.00671737
0.0307631
-0.0075371
0.0302001
-0.0083088
0.0291181
-0.00901849
0.0274999
-0.0096505
0.0253317
-0.0101888
0.0226083
-0.0106176
0.0193343
-0.0109217
0.015525
-0.0110872
0.0112067
-0.0111013
0.00641706
-0.0109531
0.00120483
-0.0106336
-0.00437014
-0.0101363
-0.0102377
-0.00945705
-0.0163183
-0.00859437
-0.0225247
-0.00754989
-0.0287628
-0.00632824
-0.0349342
-0.00493713
-0.0409377
-0.00338738
-0.0466712
-0.00169288
-0.0520341
0.00012939
-0.0569289
0.00205932
-0.0612635
0.00407379
-0.0649522
0.00614729
-0.0679171
0.0082547
-0.0700903
0.0103695
-0.0714076
0.0124711
-0.0718247
0.0145122
-0.0713038
0.0164646
-0.0698201
0.0183051
-0.0673677
0.0200082
-0.0639558
0.0215479
-0.059603
0.0228996
-0.0543417
0.0240402
-0.0482169
0.0249493
-0.0412848
0.0256087
-0.0336119
0.0260029
-0.0252736
0.0261196
-0.0163533
0.0259493
-0.00694146
0.0254856
0.00286609
0.024725
0.0129687
0.023667
0.023262
0.0223137
0.0336396
0.0206705
0.0439936
0.0187453
0.0542154
0.0165491
0.0641969
0.0140955
0.0738304
0.0114008
0.0830096
0.00848366
0.0916301
0.00536549
0.0995897
0.00207049
0.106789
-0.0013741
0.113133
-0.00493774
0.118527
-0.00858776
0.122883
-0.0122922
0.126115
-0.016023
0.128131
-0.0197518
0.128854
-0.0233979
0.128209
-0.0269312
0.126134
-0.0303203
0.12258
-0.033527
0.117514
-0.0365101
0.110913
-0.0392273
0.10277
-0.0416365
0.0930952
-0.0436969
0.0819209
-0.0453691
0.0692979
-0.0466161
0.0552991
-0.0474037
0.0400194
-0.0477012
0.0235771
-0.0474822
0.00611367
-0.0467245
-0.0122064
-0.0454115
-0.0311961
-0.043532
-0.0506473
-0.0410817
-0.0703332
-0.0380634
-0.0900095
-0.0344876
-0.109418
-0.0303729
-0.128289
-0.025746
-0.146346
-0.0206421
-0.163308
-0.0151049
-0.178896
-0.00918671
-0.192837
-0.00294919
-0.204867
0.00353825
-0.214739
0.0102023
-0.222226
0.0169744
-0.227109
0.023751
-0.229187
0.0304104
-0.228339
0.036892
-0.224454
0.0430871
-0.217425
0.0489175
-0.207255
0.0542996
-0.193975
0.0591532
-0.177668
0.0634037
-0.158473
0.0669849
-0.136585
0.0698402
-0.112253
0.0719242
-0.0857758
0.073204
-0.0575014
0.0736598
-0.0278201
0.0732855
0.00284077
0.0720885
0.0340237
0.0700897
0.065249
0.0673241
0.0960238
0.0638402
0.125851
0.0596997
0.15424
0.054977
0.180715
0.0497573
0.204824
0.0441361
0.226153
0.0382167
0.244329
0.0321086
0.259037
0.0259243
0.270019
0.0197711
0.277081
0.0138076
0.280073
0.00811481
0.279004
0.00274243
0.273881
-0.00220283
0.264765
-0.00670421
0.251879
-0.0107833
0.235485
-0.0145229
0.215943
-0.0180828
0.193706
-0.0217214
0.169332
-0.025827
0.143494
-0.0309687
0.117015
-0.0380007
0.0909276
-0.0482319
0.0665375
-0.0641506
0.0459537
0.0282953
6.31648e-005
-0.0023203
7.12846e-005
-0.00172542
7.31345e-005
-0.00118105
6.94838e-005
-0.000668685
6.1524e-005
-0.000171333
5.00522e-005
0.00031832
3.55039e-005
0.000799217
1.81025e-005
0.00126588
-2.01495e-006
0.00171069
-2.47038e-005
0.0021252
-4.97511e-005
0.00250106
-7.68429e-005
0.00283049
-0.000105564
0.00310666
-0.000135328
0.00332378
-0.000165874
0.00347787
-0.000196955
0.00356525
-0.000228659
0.00358551
-0.000258488
0.00353559
-0.0002858
0.00341716
-0.000311186
0.00323377
-0.000333879
0.00298693
-0.000353299
0.00268037
-0.000368917
0.00231832
-0.000380259
0.00190548
-0.0003869
0.00144687
-0.000388469
0.00094769
-0.000384644
0.000413192
-0.000375156
-0.000151383
-0.000359788
-0.000740882
-0.00033837
-0.00135028
-0.000310785
-0.00197468
-0.000276968
-0.00260931
-0.00023691
-0.00324945
-0.000190656
-0.00389035
-0.00013831
-0.00452711
-8.00418e-005
-0.0051546
-1.60918e-005
-0.00576729
5.32126e-005
-0.00635913
0.00012744
-0.00692342
0.000206034
-0.00745264
0.0002883
-0.00793835
0.000373381
-0.00837103
0.000460238
-0.00874024
0.000547264
-0.00903428
0.000636394
-0.0092445
0.000727924
-0.0093552
0.000817604
-0.00935188
0.000900621
-0.00922166
0.000976647
-0.00895312
0.00104711
-0.00853818
0.00110986
-0.00796308
0.00116311
-0.00721899
0.00120513
-0.00629873
0.00123424
-0.00519752
0.00124886
-0.00391329
0.00124747
-0.00244717
0.00122869
-0.000803821
0.00119129
0.00100829
0.0011342
0.00297662
0.00105656
0.00508446
0.00095773
0.0073109
0.000837322
0.00963091
0.000695238
0.0120154
0.000531684
0.0144315
0.000347205
0.0168428
0.000142726
0.0192099
-8.03914e-005
0.0214903
-0.000320319
0.0236395
-0.000574678
0.025611
-0.000840493
0.0273566
-0.00111419
0.028828
-0.00139036
0.0299758
-0.00167652
0.0307651
-0.00197089
0.0311389
-0.00225114
0.0310433
-0.00251393
0.0304629
-0.00275913
0.0293633
-0.00298543
0.0277262
-0.00318645
0.0255327
-0.00335648
0.0227783
-0.00349006
0.0194679
-0.00358194
0.0156169
-0.00362723
0.011252
-0.00362142
0.00641125
-0.00356052
0.00114393
-0.00344118
-0.00448948
-0.00326082
-0.0104181
-0.00301771
-0.0165615
-0.00271111
-0.0228313
-0.00234138
-0.0291325
-0.00191
-0.0353656
-0.00141969
-0.041428
-0.000874355
-0.0472166
-0.000279199
-0.0526292
0.000359259
-0.0575674
0.00103319
-0.0619374
0.00173332
-0.0656523
0.00244853
-0.0686323
0.00316547
-0.0708072
0.00389682
-0.072139
0.00464795
-0.0725758
0.0053451
-0.072001
0.00598836
-0.0704634
0.00659303
-0.0679724
0.00714553
-0.0645083
0.00763591
-0.0600933
0.00805542
-0.0547612
0.00839649
-0.0485579
0.00865278
-0.0415411
0.00881909
-0.0337782
0.0088914
-0.0253459
0.00886686
-0.0163288
0.0087438
-0.0068184
0.00852169
0.00308821
0.00820103
0.0132893
0.00778331
0.0236797
0.00727089
0.034152
0.00666699
0.0445975
0.00597563
0.0549068
0.00520154
0.064971
0.00435013
0.0746818
0.00342745
0.0839323
0.00244013
0.0926174
0.0013955
0.100634
0.00030178
0.107883
-0.000831609
0.114266
-0.00199409
0.11969
-0.00317334
0.124062
-0.00435062
0.127292
-0.00556606
0.129347
-0.0068352
0.130123
-0.00801624
0.12939
-0.00912651
0.127245
-0.0102037
0.123657
-0.0112269
0.118537
-0.0121809
0.111867
-0.0130509
0.10364
-0.0138227
0.0938669
-0.0144823
0.0825804
-0.015016
0.0698317
-0.0154108
0.0556938
-0.015654
0.0402626
-0.015734
0.0236571
-0.0156401
0.00601978
-0.0153631
-0.0124833
-0.0148956
-0.0316636
-0.014232
-0.051311
-0.0133692
-0.0711959
-0.0123069
-0.0910717
-0.0110478
-0.110677
-0.00959779
-0.129739
-0.00796617
-0.147978
-0.00616591
-0.165108
-0.00421387
-0.180848
-0.00213113
-0.194919
5.64166e-005
-0.207054
0.00231798
-0.217001
0.00460989
-0.224518
0.0069814
-0.22948
0.00942556
-0.231632
0.0117404
-0.230654
0.0139137
-0.226627
0.0159677
-0.219479
0.017881
-0.209169
0.0196167
-0.195711
0.0211445
-0.179196
0.0224391
-0.159768
0.0234802
-0.137626
0.0242528
-0.113025
0.0247477
-0.0862707
0.0249617
-0.0577154
0.0248974
-0.0277559
0.024564
0.00317423
0.0239761
0.0346116
0.023154
0.066071
0.0221237
0.0970541
0.0209158
0.127059
0.0195659
0.15559
0.0181136
0.182167
0.0166022
0.206335
0.0150782
0.227677
0.0135904
0.245817
0.0121896
0.260438
0.0109307
0.271278
0.0098292
0.278183
0.00891198
0.28099
0.00826677
0.279649
0.00790188
0.274246
0.0078038
0.264863
0.00793775
0.251745
0.00824233
0.235181
0.00861037
0.215575
0.00888034
0.193436
0.00882451
0.169387
0.00813323
0.144185
0.00638969
0.118758
0.00301954
0.0942977
-0.00280398
0.072361
-0.0124304
0.0555801
0.0448146
3.75723e-005
-0.00230788
2.90444e-005
-0.00171689
2.56187e-005
-0.00117763
2.68877e-005
-0.000669954
3.19435e-005
-0.000176389
4.01923e-005
0.000310071
5.13605e-005
0.000788049
6.53662e-005
0.00125188
8.2201e-005
0.00169385
0.000101836
0.00210557
0.000124161
0.00247874
0.000148948
0.0028057
0.000175853
0.00307975
0.000204349
0.00329528
0.000234175
0.00344805
0.000265113
0.00353431
0.000297233
0.00355339
0.000328069
0.00350476
0.000357017
0.00338821
0.000384611
0.00320618
0.000410035
0.00296151
0.000432666
0.00265774
0.000451933
0.00229905
0.000467327
0.00189009
0.000478394
0.0014358
0.000484741
0.000941343
0.00048603
0.000411903
0.000481977
-0.000147329
0.000472346
-0.000731251
0.000456952
-0.00133488
0.000435658
-0.00195338
0.000408379
-0.00258203
0.00037508
-0.00321615
0.000335779
-0.00385104
0.000290544
-0.00448188
0.000239496
-0.00510355
0.000182816
-0.00571061
0.000120757
-0.00629707
5.36587e-005
-0.00685632
-1.8031e-005
-0.00738095
-9.37395e-005
-0.00786264
-0.000172743
-0.00829203
-0.000254145
-0.00865884
-0.00033647
-0.00895195
-0.000421783
-0.00915919
-0.000510717
-0.00926627
-0.00059872
-0.00926388
-0.00068203
-0.00913834
-0.000760512
-0.00887464
-0.000835351
-0.00846334
-0.000904504
-0.00789393
-0.000966255
-0.00715724
-0.00101892
-0.00624607
-0.00106082
-0.00515562
-0.00109028
-0.00388383
-0.00110565
-0.0024318
-0.00110531
-0.000804159
-0.0010877
0.000990684
-0.00105136
0.00294027
-0.000994913
0.00502801
-0.000917177
0.00723317
-0.000817175
0.00953091
-0.000694194
0.0118924
-0.000547839
0.0142852
-0.000378082
0.0166731
-0.000185331
0.0190171
2.94935e-005
0.0212755
0.000264874
0.0234041
0.000518631
0.0253572
0.000787836
0.0270874
0.0010688
0.0285471
0.00135584
0.0296888
0.00165602
0.030465
0.00196756
0.0308274
0.00226671
0.0307442
0.00255024
0.0301793
0.00281741
0.0290961
0.00306611
0.0274775
0.00328959
0.0253093
0.00348194
0.022586
0.00363771
0.0193121
0.00375195
0.0155026
0.00382032
0.0111837
0.00383914
0.00639244
0.00380544
0.00117762
0.00371705
-0.00440109
0.00357256
-0.0102736
0.00337134
-0.0163602
0.00311357
-0.0225735
0.00280024
-0.0288192
0.00243311
-0.0349985
0.0020147
-0.0410096
0.00154822
-0.0467501
0.00103765
-0.0521187
0.000487767
-0.0570175
-9.58241e-005
-0.0613538
-0.000706569
-0.0650416
-0.0013364
-0.0680024
-0.00197517
-0.0701685
-0.00263929
-0.0714749
-0.00333733
-0.0718778
-0.00399894
-0.0713394
-0.00462738
-0.0698349
-0.00524003
-0.0673598
-0.00582472
-0.0639236
-0.00637215
-0.0595459
-0.00687339
-0.0542599
-0.00731992
-0.0481114
-0.00770356
-0.0411574
-0.00801659
-0.0334651
-0.00825177
-0.0251107
-0.00840251
-0.0161781
-0.00846291
-0.006758
-0.00842783
0.00305313
-0.00829298
0.0131545
-0.00805499
0.0234417
-0.00771161
0.0338086
-0.00726179
0.0441476
-0.00670577
0.0543508
-0.00604516
0.0643104
-0.00528293
0.0739196
-0.00442345
0.0830729
-0.00347251
0.0916665
-0.0024374
0.0995993
-0.00132708
0.106773
-0.00015237
0.113092
0.00107372
0.118464
0.00233607
0.1228
0.00361256
0.126016
0.00493937
0.12802
0.00632877
0.128734
0.00763482
0.128084
0.00887023
0.126009
0.0100688
0.122458
0.0112063
0.1174
0.012265
0.110808
0.0132282
0.102676
0.0140807
0.0930144
0.0148087
0.0818524
0.0153998
0.0692406
0.0158432
0.0552505
0.0161298
0.0399761
0.0162523
0.0235346
0.0162054
0.00606663
0.0159857
-0.0122636
0.0155914
-0.0312693
0.0150225
-0.0507421
0.014281
-0.0704544
0.0133703
-0.0901611
0.0122959
-0.109603
0.0110648
-0.128508
0.00968564
-0.146598
0.00816848
-0.163591
0.0065253
-0.179205
0.00477011
-0.193164
0.00291977
-0.205204
0.000994488
-0.215075
-0.000974872
-0.222549
-0.00305085
-0.227404
-0.00524305
-0.229439
-0.00735991
-0.228537
-0.00940905
-0.224578
-0.0114237
-0.217464
-0.013389
-0.207203
-0.0152745
-0.193825
-0.0170525
-0.177418
-0.0186955
-0.158125
-0.0201764
-0.136145
-0.0214683
-0.111734
-0.0225445
-0.0851945
-0.0233793
-0.0568805
-0.0239483
-0.0271869
-0.0242283
0.00345427
-0.0241983
0.0345816
-0.0238397
0.0657124
-0.023137
0.0963514
-0.0220784
0.126001
-0.0206561
0.154168
-0.0188663
0.180377
-0.0167095
0.204178
-0.0141906
0.225158
-0.0113189
0.242946
-0.00810864
0.257228
-0.00458295
0.267752
-0.000730622
0.274331
0.00340337
0.276856
0.00775145
0.275301
0.0122689
0.269728
0.0168838
0.260248
0.0215355
0.247094
0.0261146
0.230602
0.0304832
0.211207
0.0344648
0.189455
0.037834
0.166018
0.0403045
0.141715
0.0415111
0.117552
0.0409888
0.09482
0.0381354
0.0752144
0.0325731
0.0611424
0.0543608
9.62019e-006
-0.0022675
-1.74144e-005
-0.00168986
-2.6834e-005
-0.00116821
-2.10496e-005
-0.000675738
-3.30047e-006
-0.000194138
2.4385e-005
0.000282386
6.10381e-005
0.000751395
0.000106302
0.00120661
0.000160049
0.00164011
0.000222095
0.00204352
0.000292019
0.00240881
0.000369084
0.00272864
0.000452256
0.00299658
0.00054022
0.00320732
0.000631687
0.00335658
0.000724221
0.00344178
0.000817024
0.00346059
0.000908323
0.00341346
0.000995506
0.00330103
0.00107707
0.00312461
0.00115131
0.00288727
0.00121653
0.00259252
0.00127115
0.00224443
0.00131371
0.00184752
0.0013429
0.00140661
0.00135758
0.00092667
0.00135674
0.000412745
0.00133955
-0.000130141
0.00130532
-0.00069703
0.00125353
-0.00128308
0.00118376
-0.00188361
0.00109578
-0.00249405
0.000989519
-0.00310988
0.000865043
-0.00372657
0.00072259
-0.00433942
0.000562562
-0.00494353
0.000385544
-0.00553359
0.000192342
-0.00610387
-1.59756e-005
-0.006648
-0.000238027
-0.0071589
-0.000472122
-0.00762854
-0.000716277
-0.00804787
-0.000968288
-0.00840683
-0.00122586
-0.00869439
-0.00148717
-0.00889788
-0.00174694
-0.0090065
-0.00200342
-0.0090074
-0.00225419
-0.00888757
-0.00249263
-0.0086362
-0.00271539
-0.00824058
-0.00291814
-0.00769117
-0.00309622
-0.00697915
-0.00324478
-0.00609752
-0.00335888
-0.00504152
-0.00343362
-0.00380908
-0.00346422
-0.00240121
-0.00344604
-0.000822333
-0.00337475
0.000919392
-0.00324632
0.00281184
-0.00305715
0.00483884
-0.0028042
0.00698022
-0.00248514
0.00921184
-0.00209842
0.0115057
-0.00164342
0.0138302
-0.0011206
0.0161503
-0.000531604
0.0184281
0.000120509
0.0206233
0.000831088
0.0226935
0.00159381
0.0245945
0.00240081
0.0262804
0.00324293
0.0277049
0.00411027
0.0288214
0.00499376
0.0295815
0.00587466
0.0299465
0.00673901
0.0298798
0.00757819
0.0293402
0.00837028
0.028304
0.00910088
0.0267469
0.00975385
0.0246563
0.010313
0.0220269
0.0107624
0.0188627
0.0110872
0.0151778
0.011274
0.0109969
0.0113107
0.00635568
0.0111876
0.00130079
0.0108967
-0.00411021
0.0104326
-0.00980946
0.00979216
-0.0157198
0.00897491
-0.0217562
0.00798303
-0.0278273
0.00682145
-0.0338369
0.00549776
-0.0396859
0.00402214
-0.0452745
0.00240741
-0.0505039
0.000668944
-0.055279
-0.00117527
-0.0595096
-0.00310464
-0.0631122
-0.00509654
-0.0660105
-0.00712907
-0.0681359
-0.00917889
-0.069425
-0.0112296
-0.0698271
-0.0132364
-0.0693325
-0.0151737
-0.0678977
-0.0170205
-0.0655129
-0.0187526
-0.0621915
-0.0203448
-0.0579537
-0.0217723
-0.0528324
-0.0230113
-0.0468724
-0.0240396
-0.0401292
-0.0248365
-0.0326681
-0.0253839
-0.0245633
-0.0256657
-0.0158963
-0.0256685
-0.00675522
-0.0253815
0.00276621
-0.0247969
0.0125698
-0.0239092
0.0225541
-0.0227164
0.0326158
-0.0212195
0.0426508
-0.0194231
0.0525544
-0.0173351
0.0622224
-0.0149667
0.0715513
-0.0123327
0.0804388
-0.00945076
0.0887846
-0.00634228
0.0964908
-0.00303208
0.103463
0.000451116
0.109608
0.00407472
0.11484
0.00780334
0.119071
0.011602
0.122217
0.015439
0.124183
0.0192815
0.124891
0.023045
0.12432
0.0266963
0.122358
0.0302001
0.118954
0.033515
0.114085
0.0365972
0.107726
0.0394024
0.0998711
0.0418878
0.090529
0.0440125
0.0797278
0.0457382
0.0675149
0.04703
0.0539586
0.0478571
0.039149
0.0481932
0.0231985
0.0480167
0.00624315
0.0473111
-0.0115581
0.0460654
-0.0300235
0.0442737
-0.0489504
0.0419362
-0.0681169
0.0390597
-0.0872846
0.0356573
-0.1062
0.0317485
-0.124599
0.0273596
-0.14221
0.0225231
-0.158755
0.0172779
-0.17396
0.0116701
-0.187556
0.00575241
-0.199286
-0.00041646
-0.208906
-0.00677551
-0.21619
-0.0132701
-0.22091
-0.0198062
-0.222903
-0.0262767
-0.222066
-0.0326368
-0.218218
-0.0387894
-0.211311
-0.0446656
-0.201327
-0.0501875
-0.188304
-0.0552767
-0.172329
-0.0598569
-0.153545
-0.0638551
-0.132147
-0.0672033
-0.108385
-0.06984
-0.0825578
-0.071711
-0.0550095
-0.0727708
-0.0261271
-0.0729829
0.00366631
-0.0723204
0.0339191
-0.0707675
0.0641594
-0.0683198
0.0939038
-0.0649856
0.122666
-0.0607856
0.149968
-0.0557529
0.175344
-0.0499322
0.198358
-0.0433793
0.218605
-0.0361604
0.235727
-0.0283507
0.249418
-0.0200336
0.259435
-0.0112987
0.265596
-0.00225186
0.267809
0.00699957
0.26605
0.0163473
0.26038
0.0256468
0.250948
0.0347671
0.237973
0.0435614
0.221807
0.0518601
0.202908
0.0594613
0.181854
0.0661193
0.15936
0.0715309
0.136303
0.0753244
0.113758
0.0770764
0.093068
0.0764158
0.0758749
0.0735094
0.0640488
0.0584651
-2.83583e-005
-0.00218914
-7.81962e-005
-0.00164002
-9.52256e-005
-0.00115118
-8.59345e-005
-0.000685029
-5.64318e-005
-0.000223641
-1.0223e-005
0.000236177
5.112e-005
0.000690052
0.000127075
0.00113066
0.000217468
0.00154971
0.000321988
0.001939
0.000439885
0.00229092
0.000569861
0.00259866
0.000710109
0.00285633
0.000858373
0.00305906
0.00101203
0.00320292
0.00116825
0.00328556
0.00132402
0.00330482
0.00147666
0.00326081
0.001623
0.0031547
0.00175985
0.00298775
0.00188431
0.00276282
0.00199358
0.00248325
0.00208504
0.00215297
0.00215627
0.00177629
0.0022051
0.00135778
0.00222962
0.000902155
0.00222818
0.000414185
0.00219941
-0.000101367
0.00214216
-0.000639786
0.00205554
-0.00119646
0.00193888
-0.00176695
0.00179177
-0.00234695
0.0016141
-0.00293221
0.00140597
-0.00351844
0.00116778
-0.00410123
0.000900181
-0.00467593
0.000604118
-0.00523753
0.000280897
-0.00578065
-6.7735e-005
-0.00629937
-0.000439493
-0.00678715
-0.000831577
-0.00723646
-0.00124073
-0.00763872
-0.00166327
-0.00798428
-0.00209517
-0.00826249
-0.00253153
-0.00846151
-0.0029671
-0.00857093
-0.00339686
-0.00857763
-0.00381482
-0.00846961
-0.00421408
-0.00823694
-0.0045872
-0.00786747
-0.00492667
-0.00735171
-0.00522464
-0.00668118
-0.00547302
-0.00584914
-0.00566357
-0.00485097
-0.00578811
-0.00368454
-0.00583865
-0.00235067
-0.00580757
-0.000853422
-0.00568766
0.00079949
-0.00547233
0.0025965
-0.00515567
0.00452218
-0.00473273
0.00655728
-0.00419972
0.00867884
-0.00355422
0.0108602
-0.00279531
0.0130713
-0.00192379
0.0152787
-0.000942413
0.0174467
0.00014382
0.0195371
0.00132722
0.0215101
0.00259734
0.0233243
0.00394129
0.0249365
0.00534389
0.0263023
0.00678797
0.0273773
0.00825288
0.0281166
0.00971634
0.028483
0.0111584
0.0284378
0.0125533
0.0279452
0.0138749
0.0269824
0.0150957
0.0255261
0.0161886
0.0235634
0.0171264
0.021089
0.0178829
0.0181062
0.0184331
0.0146276
0.0187541
0.010676
0.0188256
0.00628421
0.0186305
0.00149588
0.0181552
-0.00363498
0.01739
-0.00904418
0.0163288
-0.0146586
0.0149701
-0.0203976
0.0133172
-0.0261743
0.0113776
-0.0318973
0.00916382
-0.0374721
0.00669263
-0.0428033
0.00398518
-0.0477965
0.00106695
-0.0523608
-0.00203208
-0.0564106
-0.00527742
-0.0598669
-0.00863095
-0.062657
-0.0120521
-0.0647147
-0.0154956
-0.0659816
-0.0189131
-0.0664096
-0.0222704
-0.0659752
-0.0255187
-0.0646494
-0.0286116
-0.0624201
-0.0315063
-0.0592969
-0.0341605
-0.0552994
-0.0365333
-0.0504597
-0.0385853
-0.0448203
-0.04028
-0.0384345
-0.0415839
-0.0313643
-0.0424673
-0.0236799
-0.0429049
-0.0154588
-0.0428756
-0.00678452
-0.0423631
0.00225372
-0.0413555
0.0115622
-0.0398455
0.0210441
-0.0378308
0.0306011
-0.0353143
0.0401343
-0.0323048
0.0495449
-0.0288163
0.0587339
-0.0248682
0.0676032
-0.0204851
0.0760557
-0.0156965
0.083996
-0.010537
0.0913313
-0.00504665
0.0979722
0.000728872
0.103833
0.00673739
0.108831
0.0129214
0.112887
0.0192199
0.115918
0.0255618
0.117841
0.0318696
0.118583
0.0380934
0.118097
0.0441529
0.116298
0.0499723
0.113135
0.0554808
0.108576
0.0606067
0.1026
0.0652777
0.0952001
0.0694231
0.0863836
0.0729747
0.0761762
0.0758677
0.0646218
0.0780429
0.0517834
0.079447
0.0377449
0.0800339
0.0226116
0.0797656
0.00651145
0.0786122
-0.0104047
0.0765523
-0.0279636
0.0735735
-0.0459716
0.069674
-0.0642173
0.0648625
-0.0824732
0.0591597
-0.100497
0.0525975
-0.118037
0.0452192
-0.134831
0.0370792
-0.150615
0.0282433
-0.165124
0.0187883
-0.178101
0.00880345
-0.189301
-0.00160966
-0.198493
-0.0123372
-0.205462
-0.0232444
-0.210002
-0.034188
-0.21196
-0.0450605
-0.211194
-0.0557148
-0.207563
-0.0660105
-0.201016
-0.0758114
-0.191526
-0.0849838
-0.179131
-0.0933966
-0.163916
-0.100923
-0.146018
-0.107444
-0.125626
-0.11285
-0.10298
-0.117043
-0.0783645
-0.119942
-0.0521108
-0.121479
-0.0245895
-0.121606
0.00379327
-0.12029
0.0326034
-0.117519
0.0613879
-0.113299
0.0896841
-0.107661
0.117028
-0.100653
0.14296
-0.0923483
0.167039
-0.0828362
0.188846
-0.0722247
0.207993
-0.060637
0.224139
-0.0482103
0.236991
-0.0350946
0.246319
-0.0214568
0.251958
-0.00747325
0.253825
0.00667875
0.251898
0.0208175
0.246242
0.0347564
0.23701
0.0483034
0.224426
0.0612671
0.208844
0.0734424
0.190733
0.0845984
0.170698
0.0944663
0.149492
0.102729
0.128041
0.109026
0.107461
0.113012
0.0890817
0.114523
0.0743643
0.113953
0.0646187
0.0600722
-8.61769e-005
-0.00205296
-0.000163621
-0.00156258
-0.000189916
-0.00112488
-0.000178489
-0.000696456
-0.000138838
-0.000263292
-7.58013e-005
0.000173141
8.71375e-006
0.000605537
0.000114248
0.00102512
0.000240723
0.00142324
0.000387746
0.00179198
0.000554204
0.00212446
0.00073814
0.00241473
0.000936855
0.00265762
0.00114704
0.00284887
0.00136492
0.00298503
0.00158665
0.00306383
0.00180791
0.00308356
0.00202449
0.00304424
0.00223221
0.00294697
0.00242673
0.00279324
0.0026039
0.00258565
0.00275977
0.00232737
0.00289067
0.00202207
0.00299319
0.00167377
0.0030643
0.00128668
0.00310131
0.000865145
0.00310194
0.000413556
0.00306428
-6.37063e-005
0.00298674
-0.000562245
0.00286803
-0.00107775
0.0027072
-0.00160612
0.00250368
-0.00214343
0.00225725
-0.00268578
0.00196808
-0.00322928
0.00163669
-0.00376984
0.00126392
-0.00430316
0.000851037
-0.00482464
0.000399726
-0.00532934
-8.76697e-005
-0.00581198
-0.000607996
-0.00626682
-0.00115734
-0.00668712
-0.00173111
-0.00706495
-0.00232407
-0.00739132
-0.00293047
-0.00765609
-0.00354377
-0.00784821
-0.00415736
-0.00795734
-0.0047633
-0.0079717
-0.00535272
-0.00788019
-0.00591668
-0.00767299
-0.00644488
-0.00733927
-0.00692665
-0.00686993
-0.00735085
-0.00625698
-0.00770601
-0.00549399
-0.0079805
-0.00457648
-0.00816277
-0.00350227
-0.00824158
-0.00227186
-0.00820619
-0.000888811
-0.00804655
0.000639846
-0.00775334
0.0023033
-0.00731825
0.00408708
-0.00673426
0.0059733
-0.00599606
0.00794064
-0.00510021
0.00996435
-0.00404537
0.0120164
-0.00283251
0.0140659
-0.0014652
0.0160794
4.99529e-005
0.018022
0.00170236
0.0198577
0.00347738
0.0215493
0.00535692
0.023057
0.00731947
0.0243398
0.0093407
0.0253561
0.0113931
0.0260642
0.0134483
0.0264278
0.015475
0.0264111
0.0174377
0.0259825
0.0193012
0.0251189
0.0210276
0.0237997
0.0225786
0.0220124
0.0239162
0.0197515
0.0250031
0.0170192
0.0258041
0.0138266
0.0262865
0.0101935
0.0264215
0.0061492
0.0261846
0.00173276
0.0255562
-0.00300653
0.0245215
-0.00800949
0.0230713
-0.0132084
0.0212024
-0.0185288
0.0189184
-0.0238904
0.0162294
-0.0292083
0.013152
-0.0343948
0.00970915
-0.0393604
0.0059296
-0.044017
0.00184829
-0.0482795
-0.00249332
-0.052069
-0.00704642
-0.0553138
-0.0117562
-0.0579472
-0.0165636
-0.0599074
-0.0214054
-0.0611397
-0.0262173
-0.0615976
-0.0309415
-0.061251
-0.0355156
-0.0600753
-0.0398753
-0.0580604
-0.0439589
-0.0552132
-0.0477062
-0.0515522
-0.0510588
-0.0471071
-0.0539615
-0.0419177
-0.0563628
-0.0360332
-0.0582158
-0.0295112
-0.0594792
-0.0224165
-0.0601176
-0.0148203
-0.0601026
-0.00679959
-0.0594119
0.00156307
-0.0580296
0.0101799
-0.0559458
0.0189602
-0.0531573
0.0278126
-0.0496689
0.0366459
-0.0454928
0.0453688
-0.0406492
0.0538902
-0.0351652
0.0621192
-0.0290752
0.0699656
-0.0224196
0.0773404
-0.0152458
0.0841575
-0.00760754
0.0903339
0.000432909
0.0957923
0.00880325
0.100461
0.017422
0.104268
0.0262013
0.107139
0.0350444
0.108998
0.0438544
0.109773
0.0525452
0.109406
0.0610173
0.107826
0.0691682
0.104984
0.0768969
0.100848
0.0841016
0.0953957
0.0906808
0.0886208
0.0965348
0.0805296
0.101567
0.0711442
0.105685
0.0605035
0.108805
0.0486638
0.110849
0.0357007
0.111751
0.0217093
0.111456
0.00680632
0.10992
-0.00886864
0.10711
-0.0251536
0.103006
-0.0418674
0.0976022
-0.0588135
0.090909
-0.07578
0.0829538
-0.0925422
0.0737802
-0.108864
0.0634485
-0.124499
0.0520345
-0.139201
0.0396299
-0.152719
0.0263422
-0.164814
0.0122969
-0.175256
-0.00235805
-0.183838
-0.0174547
-0.190366
-0.0328052
-0.194652
-0.0482211
-0.196544
-0.0635157
-0.195899
-0.078489
-0.19259
-0.0929491
-0.186556
-0.106701
-0.177774
-0.119553
-0.166279
-0.131318
-0.152151
-0.141817
-0.13552
-0.15088
-0.116563
-0.158356
-0.0955036
-0.164112
-0.0726094
-0.168034
-0.0481881
-0.170038
-0.0225859
-0.17006
0.00381533
-0.168063
0.0306061
-0.164036
0.0573611
-0.157999
0.0836475
-0.150004
0.109032
-0.140131
0.133088
-0.128492
0.1554
-0.115225
0.175578
-0.100491
0.193259
-0.0844729
0.208121
-0.0673716
0.21989
-0.0494048
0.228352
-0.0308103
0.233363
-0.0118371
0.234852
0.00725596
0.232805
0.0262133
0.227284
0.0447895
0.218433
0.062743
0.206473
0.0798397
0.191747
0.0958396
0.174733
0.110485
0.156052
0.123488
0.136489
0.134526
0.117003
0.143261
0.0987265
0.149417
0.0829256
0.152957
0.0708244
0.15434
0.0632361
0.0598227
-0.000169414
-0.00183355
-0.000280385
-0.00145161
-0.000318039
-0.00108723
-0.00030689
-0.000707605
-0.000260063
-0.000310119
-0.000183276
9.6353e-005
-7.82829e-005
0.000500545
5.48631e-005
0.000891977
0.000216359
0.00126174
0.000405792
0.00160255
0.000621611
0.00190864
0.000861041
0.0021753
0.00112034
0.00239832
0.00139499
0.00257422
0.00167997
0.00270006
0.00197012
0.00277368
0.00225997
0.00279371
0.00254399
0.00276022
0.0028167
0.00267426
0.00307255
0.00253739
0.00330616
0.00235203
0.00351244
0.00212109
0.0036866
0.00184791
0.00382427
0.0015361
0.00392151
0.00118944
0.00397486
0.000811795
0.0039814
0.000407016
0.00393871
-2.10219e-005
0.00384477
-0.000468299
0.00369785
-0.000930837
0.00349669
-0.00140496
0.00324051
-0.00188724
0.00292901
-0.00237429
0.00256238
-0.00286265
0.00214123
-0.00334869
0.00166659
-0.00382852
0.00113989
-0.00429794
0.000563069
-0.00475252
-6.11028e-005
-0.0051878
-0.00072865
-0.00559927
-0.00143454
-0.00598122
-0.00217288
-0.00632661
-0.00293688
-0.00662733
-0.0037192
-0.00687376
-0.00451189
-0.00705553
-0.00530632
-0.00716291
-0.00609245
-0.00718557
-0.00685906
-0.00711358
-0.00759435
-0.00693769
-0.00828523
-0.00664839
-0.00891787
-0.0062373
-0.0094778
-0.00569704
-0.00995009
-0.00502169
-0.0103196
-0.00420697
-0.0105713
-0.00325061
-0.0106904
-0.0021527
-0.0106632
-0.00091606
-0.0104765
0.000453194
-0.0101183
0.00194512
-0.00957763
0.00354637
-0.00884514
0.00524081
-0.00791385
0.00700934
-0.0067792
0.0088297
-0.0054393
0.0106765
-0.00389504
0.0125216
-0.00215038
0.0143348
-0.000212924
0.0160845
0.00190411
0.0177407
0.00418179
0.0192716
0.00659681
0.0206419
0.00912137
0.0218152
0.0117243
0.0227532
0.0143717
0.0234169
0.0170274
0.023772
0.0196513
0.0237872
0.0221992
0.0234346
0.0246253
0.0226928
0.0268812
0.0215438
0.0289179
0.0199758
0.0306861
0.0179833
0.0321375
0.0155678
0.0332262
0.0127379
0.0339095
0.00951021
0.0341495
0.00590921
0.033914
0.0019683
0.0331768
-0.00226937
0.031918
-0.00675062
0.0301238
-0.0114143
0.0277888
-0.0161938
0.0249161
-0.0210176
0.0215175
-0.0258098
0.0176135
-0.0304907
0.0132322
-0.0349791
0.00840934
-0.0391941
0.00318779
-0.0430579
-0.00238076
-0.0465005
-0.0082334
-0.0494611
-0.0142982
-0.0518824
-0.0204977
-0.0537079
-0.0267497
-0.0548878
-0.0329724
-0.0553749
-0.0390889
-0.0551345
-0.0450197
-0.0541446
-0.050683
-0.052397
-0.0559984
-0.0498978
-0.060887
-0.0466636
-0.0652727
-0.0427213
-0.0690835
-0.0381068
-0.0722523
-0.0328644
-0.074718
-0.0270455
-0.0764269
-0.0207077
-0.0773332
-0.013914
-0.0774002
-0.00673254
-0.0766004
0.000763229
-0.0749131
0.00849265
-0.0723248
0.0163719
-0.0688309
0.0243187
-0.0644369
0.0322519
-0.0591587
0.0400905
-0.0530217
0.0477532
-0.0460609
0.0551585
-0.0383198
0.0622245
-0.0298498
0.0688704
-0.0207092
0.0750169
-0.0109643
0.080589
-0.000691263
0.0855193
0.0100177
0.0897522
0.0210566
0.0932294
0.0323116
0.0958841
0.0436597
0.0976497
0.0549794
0.0984538
0.066157
0.0982283
0.0770699
0.0969134
0.0875898
0.0944644
0.0975862
0.0908512
0.106927
0.0860545
0.115482
0.0800666
0.123119
0.0728924
0.129713
0.0645502
0.135143
0.055073
0.139298
0.0445092
0.142075
0.0329235
0.143387
0.0203979
0.143159
0.00703389
0.141333
-0.00704314
0.137864
-0.0216844
0.132721
-0.0367243
0.125893
-0.0519854
0.117391
-0.0672776
0.107247
-0.0823984
0.0955171
-0.0971337
0.082278
-0.11126
0.0676266
-0.124549
0.0516793
-0.136772
0.0345719
-0.147706
0.0164635
-0.157148
-0.00245248
-0.164922
-0.0219521
-0.170866
-0.0417916
-0.174812
-0.0617185
-0.176617
-0.0814813
-0.176136
-0.100828
-0.173244
-0.119508
-0.167875
-0.137269
-0.160013
-0.153859
-0.149689
-0.169032
-0.136978
-0.182552
-0.121999
-0.1942
-0.104915
-0.203778
-0.0859258
-0.211113
-0.0652744
-0.216064
-0.0432372
-0.218524
-0.0201256
-0.218419
0.00370981
-0.215703
0.0278905
-0.210369
0.0520267
-0.202447
0.0757262
-0.192013
0.0985978
-0.17918
0.120255
-0.164103
0.140323
-0.14697
0.158445
-0.127999
0.174288
-0.107435
0.187557
-0.0855435
0.197999
-0.0626095
0.205418
-0.038945
0.209699
-0.0148839
0.210791
0.0092331
0.208688
0.033071
0.203446
0.0563137
0.195191
0.0786691
0.184117
0.0998643
0.170552
0.11963
0.154967
0.137689
0.137993
0.153746
0.120432
0.167488
0.10326
0.178608
0.0876064
0.186881
0.0746523
0.192324
0.065382
0.195372
0.060188
0.0581155
-0.000276125
-0.00150742
-0.000426837
-0.00130089
-0.000480221
-0.00103385
-0.00047485
-0.000712976
-0.000426927
-0.000358042
-0.000342132
1.15586e-005
-0.000221407
0.000379819
-6.40238e-005
0.000734595
0.000130641
0.00106708
0.000362167
0.00137102
0.000628407
0.0016424
0.000925475
0.00187823
0.00124833
0.00207546
0.00159101
0.00223154
0.00194701
0.00234406
0.00230985
0.00241084
0.00267284
0.00243072
0.00302914
0.00240392
0.00337188
0.00233152
0.00369422
0.00221506
0.00398953
0.00205672
0.00425152
0.0018591
0.0044743
0.00162513
0.00465244
0.00135796
0.00478108
0.0010608
0.00485596
0.000736909
0.00487353
0.000389447
0.00483093
2.15818e-005
0.00472568
-0.000363053
0.00455559
-0.000760745
0.00431897
-0.00116835
0.00401483
-0.00158309
0.00364277
-0.00200223
0.003203
-0.00242287
0.00269622
-0.00284191
0.00212358
-0.00325588
0.00148661
-0.00366098
0.000787206
-0.00405311
2.82683e-005
-0.00442887
-0.000785429
-0.00478557
-0.00164771
-0.00511895
-0.00255139
-0.00542293
-0.00348804
-0.00569068
-0.00444886
-0.00591294
-0.00542472
-0.00607967
-0.00640522
-0.00618241
-0.00737823
-0.00621256
-0.0083302
-0.00616161
-0.00924645
-0.00602144
-0.010111
-0.00578388
-0.0109067
-0.00544153
-0.0116159
-0.00498791
-0.0122198
-0.00441774
-0.0126997
-0.00372707
-0.0130368
-0.00291356
-0.0132126
-0.00197681
-0.0132102
-0.000918542
-0.0130134
0.000256399
-0.0126071
0.00153887
-0.0119774
0.00291661
-0.0111122
0.00437567
-0.0100028
0.00589991
-0.00864332
0.00747025
-0.00703131
0.0090645
-0.00516738
0.0106577
-0.00305527
0.0122227
-0.000702292
0.0137315
0.001876
0.0151624
0.00465597
0.0164917
0.00760918
0.0176887
0.0107012
0.0187232
0.0138941
0.0195603
0.0171481
0.0201628
0.0204202
0.0205
0.0236618
0.0205456
0.0268198
0.0202766
0.0298381
0.0196745
0.0326579
0.018724
0.0352189
0.0174147
0.0374608
0.0157414
0.0393239
0.0137047
0.0407509
0.0113109
0.0416884
0.00857263
0.0420889
0.00550876
0.0419119
0.00214526
0.0411248
-0.00148228
0.0397013
-0.00532706
0.037622
-0.00933498
0.0348775
-0.0134493
0.0314696
-0.0176097
0.0274113
-0.0217515
0.0227263
-0.0258056
0.0174474
-0.0297003
0.0116162
-0.0333628
0.00528107
-0.0367228
-0.00149863
-0.0397208
-0.00864599
-0.0423138
-0.0160711
-0.0444573
-0.0236776
-0.0461015
-0.0313622
-0.0472032
-0.0390249
-0.0477123
-0.0465723
-0.047587
-0.0539078
-0.0468091
-0.0609314
-0.0453735
-0.067543
-0.0432862
-0.0736443
-0.0405623
-0.0791407
-0.0372249
-0.0839424
-0.0333052
-0.0879655
-0.0288413
-0.0911335
-0.0238775
-0.0933789
-0.0184622
-0.0946446
-0.0126483
-0.0948853
-0.00649181
-0.0940684
-5.36626e-005
-0.0921684
0.00659268
-0.0891664
0.0133699
-0.0850546
0.0202069
-0.0798385
0.0270358
-0.073537
0.0337889
-0.0661809
0.0403971
-0.0578127
0.0467903
-0.0484853
0.0528971
-0.0382603
0.0586454
-0.0272066
0.0639632
-0.015399
0.0687815
-0.00292365
0.0730439
0.0101078
0.0767208
0.0235632
0.079774
0.0373027
0.0821447
0.0511735
0.0837789
0.065028
0.0845993
0.0787305
0.0845258
0.0921359
0.0835079
0.10509
0.0815105
0.117432
0.0785088
0.129
0.0744865
0.13963
0.0694363
0.149162
0.0633612
0.157436
0.0562755
0.164303
0.048206
0.169621
0.0391918
0.17326
0.0292847
0.175108
0.0185499
0.175073
0.00706846
0.173082
-0.00505175
0.169072
-0.017675
0.163001
-0.0306527
0.154847
-0.0438321
0.144622
-0.0570518
0.132361
-0.0701383
0.118134
-0.0829059
0.102032
-0.0951585
0.0841746
-0.106692
0.0647024
-0.1173
0.0437745
-0.126778
0.0215766
-0.13495
-0.00165136
-0.141694
-0.0256237
-0.146894
-0.050035
-0.150401
-0.0745603
-0.152092
-0.0988809
-0.151816
-0.122695
-0.14943
-0.145696
-0.144874
-0.16757
-0.138139
-0.188003
-0.129257
-0.206684
-0.118297
-0.223318
-0.105365
-0.23763
-0.090603
-0.24937
-0.0741852
-0.258325
-0.0563201
-0.26432
-0.0372418
-0.267232
-0.0172139
-0.266973
0.00345098
-0.26349
0.0244077
-0.256773
0.0453099
-0.246866
0.0658188
-0.233866
0.0855985
-0.217926
0.104315
-0.199245
0.121642
-0.178067
0.137267
-0.154674
0.150895
-0.129375
0.162259
-0.102504
0.171127
-0.0744074
0.177322
-0.0454782
0.18077
-0.0161482
0.181461
0.013147
0.179392
0.0419794
0.174614
0.0699517
0.167218
0.0967215
0.157348
0.121983
0.14529
0.145445
0.131505
0.166822
0.116617
0.185829
0.101424
0.202189
0.0869012
0.215639
0.0741555
0.225998
0.0642938
0.233278
0.0581014
0.237816
0.0556505
0.0552168
-0.000391095
-0.00106633
-0.000587586
-0.0011044
-0.000667264
-0.000954168
-0.000680469
-0.000699771
-0.000643948
-0.000394563
-0.000561815
-7.05744e-005
-0.00043355
0.000251554
-0.000257486
0.00055853
-3.26323e-005
0.000842223
0.000240478
0.00109791
0.000558761
0.00132412
0.000916669
0.00152032
0.00130748
0.00168465
0.00172341
0.00181562
0.00215613
0.00191134
0.00259781
0.00196916
0.00304059
0.00198794
0.00347618
0.00196833
0.00389625
0.00191145
0.00429252
0.00181879
0.00465704
0.0016922
0.00498227
0.00153387
0.00526114
0.00134627
0.00548713
0.00113197
0.0056544
0.000893532
0.00575779
0.000633519
0.00579307
0.000354161
0.00575711
5.75434e-005
0.00564706
-0.000252999
0.00546004
-0.000573728
0.00519383
-0.000902144
0.00484717
-0.00123643
0.00441957
-0.00157463
0.00391127
-0.00191457
0.0033231
-0.00225373
0.00265638
-0.00258916
0.00191267
-0.00291727
0.00109331
-0.00323375
0.000200781
-0.00353634
-0.000759293
-0.0038255
-0.00177945
-0.00409879
-0.00285134
-0.00435104
-0.00396454
-0.00457747
-0.00510891
-0.00476857
-0.00627478
-0.0049138
-0.00745022
-0.00500697
-0.00862099
-0.00504178
-0.00977103
-0.00501157
-0.0108828
-0.00490969
-0.0119372
-0.00472947
-0.0129139
-0.00446479
-0.0137915
-0.00411028
-0.0145477
-0.00366161
-0.0151594
-0.00311533
-0.0156038
-0.00246919
-0.0158584
-0.00172222
-0.0159024
-0.00087448
-0.0157172
7.12084e-005
-0.0152844
0.00110604
-0.014586
0.0022182
-0.013607
0.00339661
-0.0123363
0.00462922
-0.010767
0.00590101
-0.00889624
0.0071937
-0.00672443
0.00848589
-0.00425435
0.00975258
-0.0014903
0.0109675
0.00155028
0.0121218
0.00483768
0.0132043
0.00833865
0.0141878
0.0120113
0.0150505
0.0158103
0.0157613
0.0196918
0.0162813
0.0236071
0.0165848
0.0274995
0.0166532
0.0313065
0.0164695
0.0349616
0.0160194
0.0383952
0.0152904
0.0415361
0.0142739
0.0443122
0.0129653
0.0466522
0.0113647
0.0484866
0.00947645
0.0497504
0.00730888
0.0503847
0.00487445
0.0503407
0.00218922
0.0495794
-0.000720963
0.0480672
-0.00381479
0.0457763
-0.00704409
0.0426913
-0.0103643
0.0388117
-0.0137301
0.0341508
-0.0170907
0.0287352
-0.0203901
0.0226028
-0.0235678
0.0157998
-0.0265599
0.0083765
-0.0292996
0.000394146
-0.0317384
-0.00805586
-0.0338638
-0.0168631
-0.03565
-0.0259118
-0.0370528
-0.0350728
-0.0380422
-0.0442269
-0.0385581
-0.0532701
-0.0385438
-0.0620889
-0.0379903
-0.070563
-0.0368995
-0.0785708
-0.0352784
-0.0859933
-0.0331398
-0.0927154
-0.0305029
-0.0986282
-0.0273923
-0.10363
-0.0238396
-0.107627
-0.0198809
-0.110535
-0.0155539
-0.112284
-0.0108994
-0.112819
-0.00595684
-0.112104
-0.000768108
-0.11011
0.00459847
-0.106808
0.010068
-0.102184
0.0155831
-0.0962437
0.0210951
-0.0890074
0.0265527
-0.0805117
0.0319015
-0.0708067
0.0370853
-0.0599552
0.0420456
-0.0480304
0.0467205
-0.0351116
0.0510445
-0.0212773
0.0549472
-0.00661253
0.0583791
0.00875048
0.0613578
0.0246482
0.0638763
0.040915
0.0658778
0.0573604
0.0673335
0.0738085
0.0681512
0.0901129
0.0682214
0.106109
0.0675121
0.121613
0.0660063
0.136434
0.0636881
0.150375
0.0605456
0.163239
0.0565718
0.174832
0.0517679
0.184964
0.046144
0.193449
0.0397211
0.200112
0.0325287
0.204792
0.0246047
0.207349
0.0159929
0.207673
0.00674447
0.205675
-0.00305436
0.201276
-0.0132757
0.19441
-0.0237861
0.185043
-0.0344657
0.173183
-0.0451916
0.158872
-0.0558269
0.142187
-0.0662216
0.123242
-0.0762135
0.10218
-0.0856295
0.0791657
-0.094286
0.0543765
-0.101989
0.0280051
-0.108578
0.000341349
-0.114031
-0.0282526
-0.1183
-0.0574041
-0.12125
-0.0866986
-0.122797
-0.115744
-0.12277
-0.144203
-0.120971
-0.171716
-0.117361
-0.197901
-0.111953
-0.222371
-0.104787
-0.244745
-0.0959226
-0.264661
-0.0854494
-0.281782
-0.0734825
-0.295802
-0.0601651
-0.306455
-0.0456668
-0.313533
-0.0301638
-0.316899
-0.0138481
-0.316458
0.00300972
-0.312141
0.0200906
-0.303929
0.0370987
-0.291878
0.0537676
-0.276114
0.0698342
-0.256829
0.0850299
-0.234275
0.0990887
-0.208761
0.111752
-0.180638
0.122772
-0.150295
0.131915
-0.118133
0.138965
-0.0845493
0.143739
-0.0500216
0.146242
-0.0151087
0.146548
0.0196407
0.144643
0.0536816
0.140573
0.0865149
0.134385
0.117754
0.126109
0.147073
0.115971
0.174162
0.104416
0.198739
0.0920402
0.220559
0.0796049
0.239415
0.068045
0.255139
0.0584315
0.267609
0.0518238
0.276796
0.0489146
0.282736
0.0497102
0.0513458
-0.000474622
-0.000541704
-0.000724947
-0.000854077
-0.000857005
-0.00082211
-0.000917801
-0.000638975
-0.000917972
-0.000394391
-0.000857974
-0.000130572
-0.000735876
0.000129455
-0.000549698
0.000372352
-0.000298827
0.000591352
1.57558e-005
0.000783326
0.000389316
0.000950557
0.000813541
0.0010961
0.00127961
0.00121858
0.00177736
0.00131786
0.00229599
0.00139271
0.00282643
0.00143872
0.00335974
0.00145463
0.00388595
0.00144211
0.00439495
0.00140246
0.00487685
0.00133688
0.00532224
0.0012468
0.00572225
0.00113386
0.00606853
0.000999986
0.00635339
0.00084711
0.00656991
0.000677015
0.00671178
0.000491648
0.00677391
0.00029203
0.00675328
7.81772e-005
0.00664687
-0.000146589
0.00645069
-0.000377547
0.00616167
-0.000613123
0.0057783
-0.00085306
0.00530006
-0.00109639
0.00472717
-0.00134168
0.00406066
-0.00158722
0.00330228
-0.00183079
0.00245388
-0.00206886
0.0015154
-0.00229528
0.000487536
-0.00250847
-0.000622699
-0.00271527
-0.00180628
-0.00291521
-0.00305439
-0.00310293
-0.00435352
-0.00327835
-0.00569214
-0.00342995
-0.00706184
-0.00354411
-0.00844917
-0.00361963
-0.0098373
-0.00365365
-0.0112074
-0.00364147
-0.0125389
-0.0035782
-0.0138095
-0.00345888
-0.0149954
-0.00327887
-0.0160715
-0.00303425
-0.017011
-0.00272204
-0.0177867
-0.00233965
-0.0183707
-0.00188519
-0.0187354
-0.00135758
-0.0188557
-0.000754106
-0.0187111
-7.34541e-005
-0.0182795
0.000674515
-0.0175375
0.0014762
-0.0164656
0.00232467
-0.0150505
0.00321413
-0.0132843
0.00413477
-0.0111639
0.00507333
-0.00869134
0.00601334
-0.00586834
0.00692958
-0.00268903
0.00778817
0.000827089
0.0086057
0.0046402
0.00939115
0.00871473
0.0101132
0.0129995
0.0107658
0.0174392
0.0113215
0.0219903
0.0117303
0.0266003
0.0119747
0.0312035
0.01205
0.0357268
0.0119463
0.0400928
0.0116534
0.0442207
0.0111625
0.0480278
0.0104667
0.0514307
0.0095625
0.0543451
0.00845025
0.0566888
0.0071328
0.0583825
0.00561521
0.0593535
0.00390345
0.0595432
0.00199945
0.0589081
-8.58443e-005
0.0574062
-0.00231291
0.0549961
-0.00463397
0.0516526
-0.00702079
0.0473716
-0.00944902
0.0421661
-0.0118852
0.0360654
-0.0142894
0.0291139
-0.0166163
0.0213653
-0.0188112
0.0128655
-0.0207997
0.00366346
-0.0225364
-0.0061308
-0.0240695
-0.0163806
-0.0254002
-0.026955
-0.0264783
-0.0376862
-0.027311
-0.0484331
-0.0278112
-0.0590958
-0.0278811
-0.0695425
-0.0275435
-0.0796267
-0.0268153
-0.0892015
-0.0257035
-0.0981239
-0.0242174
-0.106257
-0.0223702
-0.11347
-0.020179
-0.119642
-0.0176676
-0.124658
-0.0148645
-0.128417
-0.0117949
-0.130828
-0.00848852
-0.131822
-0.0049626
-0.13137
-0.0012209
-0.129436
0.00266521
-0.125977
0.00660825
-0.120965
0.0105714
-0.114405
0.0145356
-0.106323
0.0184698
-0.0967571
0.022336
-0.0857662
0.0260943
-0.0734239
0.0297033
-0.0598197
0.0331163
-0.0450498
0.0362746
-0.0291892
0.0390866
-0.0122949
0.0414848
0.00547334
0.0435896
0.023907
0.0454427
0.0428262
0.0469586
0.0619817
0.048178
0.0811614
0.0489716
0.100238
0.0491451
0.119027
0.0487229
0.137308
0.0477248
0.154852
0.0461443
0.171425
0.0439725
0.186794
0.0412026
0.200729
0.0378333
0.213003
0.0338705
0.223393
0.0293311
0.231685
0.0242362
0.237678
0.018612
0.241193
0.0124774
0.242104
0.00583359
0.240315
-0.00126483
0.235718
-0.0086792
0.228212
-0.0162806
0.217745
-0.0239986
0.204319
-0.0317653
0.18798
-0.0394881
0.168818
-0.0470593
0.146966
-0.0543612
0.122599
-0.0612632
0.0959263
-0.0676129
0.067131
-0.0731939
0.0363628
-0.0778102
0.00397507
-0.0816429
-0.0295581
-0.0847666
-0.0638077
-0.0869999
-0.0982306
-0.0883744
-0.132342
-0.0886584
-0.165812
-0.0875014
-0.198231
-0.084942
-0.229125
-0.0810588
-0.258019
-0.0758932
-0.284448
-0.0694933
-0.307974
-0.0619233
-0.32819
-0.0532667
-0.344725
-0.0436299
-0.357245
-0.0331471
-0.365491
-0.0219181
-0.36933
-0.010009
-0.368672
0.00235149
-0.363416
0.014835
-0.35352
0.0272029
-0.339051
0.0392982
-0.320172
0.0509556
-0.297125
0.0619831
-0.270223
0.0721864
-0.239847
0.0813757
-0.20644
0.0893655
-0.170494
0.0959694
-0.132495
0.100966
-0.0928434
0.104087
-0.0521082
0.105507
-0.0110406
0.105481
0.0296833
0.103919
0.0693646
0.100892
0.10735
0.0963994
0.143233
0.0902258
0.176694
0.0825104
0.20739
0.0737199
0.235044
0.0643859
0.259486
0.0551633
0.280659
0.0468718
0.298597
0.0404939
0.313374
0.0370467
0.32498
0.037308
0.332687
0.0420036
0.0464665
-0.000438614
-5.30899e-005
-0.00075937
-0.000533322
-0.00101445
-0.000567034
-0.00119271
-0.000460713
-0.00128335
-0.000303748
-0.00128163
-0.000132295
-0.00118775
3.55813e-005
-0.00100225
0.000186849
-0.00072828
0.000317382
-0.000369057
0.000424103
6.82146e-005
0.000513286
0.000570197
0.000594112
0.00112604
0.000662744
0.0017222
0.000721693
0.00234464
0.000770271
0.00298398
0.000799385
0.00362987
0.000808744
0.00426944
0.000802538
0.00489023
0.000781666
0.00548041
0.000746709
0.00602882
0.000698389
0.00652507
0.000637615
0.00695946
0.000565595
0.00732302
0.000483553
0.00760764
0.000392396
0.0078056
0.000293679
0.00790993
0.000187703
0.00791772
7.03893e-005
0.00782733
-5.62046e-005
0.00763238
-0.000182596
0.00732832
-0.000309062
0.00691384
-0.000438574
0.00638824
-0.000570801
0.0057515
-0.000704943
0.00500466
-0.000840372
0.00415025
-0.000976379
0.00319209
-0.00111071
0.00212887
-0.00123205
0.00095631
-0.00133591
-0.000317212
-0.00144174
-0.00167944
-0.00155298
-0.00312464
-0.00165773
-0.00463192
-0.00177106
-0.00619142
-0.00187045
-0.00779934
-0.00193619
-0.00943778
-0.00198119
-0.0110863
-0.0020051
-0.0127229
-0.00200489
-0.0143236
-0.00197747
-0.0158626
-0.00191988
-0.0173122
-0.00182931
-0.0186428
-0.00170361
-0.0198234
-0.00154152
-0.0208212
-0.0013418
-0.0216028
-0.00110357
-0.0221333
-0.000827127
-0.0223797
-0.000507637
-0.02232
-0.000133193
-0.021931
0.000285503
-0.0211787
0.000723877
-0.0200368
0.00118283
-0.0184903
0.00166758
-0.0165291
0.00217364
-0.0141503
0.00269454
-0.0113598
0.00322282
-0.00816901
0.00373877
-0.00454864
0.0041678
-0.000509897
0.00456696
0.00387872
0.00500254
0.00859437
0.00539757
0.0135659
0.0057942
0.0187303
0.00615712
0.0240561
0.00640452
0.029484
0.00654686
0.0349326
0.00660131
0.0403161
0.00656279
0.045545
0.00642456
0.0505266
0.00618079
0.0551661
0.00582724
0.0593671
0.00536144
0.0630326
0.00478481
0.0660659
0.00409951
0.0683715
0.00330953
0.0698568
0.00241816
0.070444
0.00141231
0.0700878
0.000270302
0.0687429
-0.000968029
0.06634
-0.00223106
0.0628381
-0.00351884
0.0582295
-0.00484038
0.0525238
-0.00617953
0.04575
-0.0075156
0.0379609
-0.00882713
0.0292313
-0.0100817
0.0196104
-0.0111789
0.0091036
-0.0120296
-0.00216916
-0.0127967
-0.0140185
-0.0135509
-0.0263266
-0.0141702
-0.0388386
-0.0147991
-0.0514182
-0.0152316
-0.0640003
-0.0152989
-0.0764042
-0.0151396
-0.0884443
-0.0147752
-0.0999419
-0.0142059
-0.110725
-0.013434
-0.120631
-0.0124649
-0.129504
-0.0113058
-0.1372
-0.00997132
-0.143583
-0.00848172
-0.148528
-0.00684981
-0.151918
-0.00509872
-0.153648
-0.00323276
-0.153697
-0.00117199
-0.152053
0.00102199
-0.148629
0.00318412
-0.143375
0.00531728
-0.136302
0.00746283
-0.127438
0.00960545
-0.116824
0.0117217
-0.104521
0.0137916
-0.0906142
0.0157965
-0.0752154
0.0177175
-0.0584624
0.0195216
-0.0404526
0.0210768
-0.0211532
0.0221854
-0.00073041
0.0231668
0.0204965
0.0242157
0.0424073
0.0250478
0.0646
0.0259853
0.0868676
0.026704
0.10917
0.0268425
0.131258
0.0266355
0.152848
0.0261346
0.173663
0.0253295
0.193426
0.0242088
0.211864
0.0227646
0.228704
0.0209931
0.243679
0.0188961
0.256523
0.0164874
0.266978
0.0137807
0.274791
0.0107993
0.279719
0.00754908
0.281595
0.00395809
0.280341
-1.16895e-005
0.275824
-0.00416158
0.267863
-0.00831976
0.256379
-0.0125147
0.241375
-0.0167616
0.222898
-0.0210106
0.20104
-0.0252016
0.175954
-0.0292754
0.147861
-0.0331701
0.117055
-0.0368062
0.0837992
-0.0399385
0.0480798
-0.0420908
0.0102474
-0.0438105
-0.0289577
-0.0455616
-0.0691553
-0.0468023
-0.109505
-0.0480245
-0.149491
-0.0486729
-0.188909
-0.0480828
-0.227211
-0.0466398
-0.263773
-0.0444977
-0.297996
-0.04167
-0.329317
-0.0381721
-0.357206
-0.0340343
-0.381173
-0.0293
-0.400771
-0.0240313
-0.415581
-0.0183372
-0.425236
-0.0122631
-0.429609
-0.0056357
-0.428684
0.00142575
-0.422288
0.00843907
-0.410309
0.0152243
-0.392845
0.0218343
-0.37012
0.02823
-0.342431
0.0342948
-0.310163
0.0399175
-0.273783
0.0449962
-0.233855
0.0494375
-0.191034
0.053148
-0.146016
0.0559479
-0.0991077
0.057179
-0.0508773
0.0572764
-0.0024609
0.0570644
0.045377
0.0560811
0.0916782
0.0545905
0.135568
0.0525094
0.17671
0.0490835
0.21477
0.0444509
0.249268
0.0392223
0.279904
0.0337496
0.306628
0.0284392
0.329673
0.0238272
0.34954
0.0206263
0.366915
0.0196716
0.382734
0.0214893
0.395256
0.0294816
0.0379958
-3.08983e-006
-0.000536412
-0.00110345
-0.00156416
-0.00186791
-0.0020002
-0.00196462
-0.00177777
-0.00146039
-0.00103629
-0.000523002
7.11106e-005
0.000733855
0.00145555
0.00222582
0.0030252
0.00383395
0.00463649
0.00541815
0.00616486
0.00686325
0.00750087
0.00806646
0.00855001
0.00894241
0.00923609
0.00942379
0.00949418
0.00943798
0.00925538
0.00894632
0.00850774
0.00793694
0.007232
0.00639163
0.00541525
0.00430454
0.00307249
0.00173658
0.000294833
-0.00125815
-0.00291588
-0.00468694
-0.00655739
-0.00849358
-0.0104748
-0.0124799
-0.0144848
-0.0164622
-0.0183821
-0.0202114
-0.021915
-0.0234565
-0.0247983
-0.0259019
-0.026729
-0.0272367
-0.0273699
-0.0270844
-0.0263605
-0.0251777
-0.0235101
-0.0213364
-0.0186419
-0.0154191
-0.0116803
-0.00751253
-0.00294556
0.00205698
0.00745455
0.0132487
0.0194059
0.0258104
0.0323572
0.0389585
0.0455213
0.0519459
0.0581267
0.0639539
0.0693154
0.0741002
0.0781997
0.0815092
0.0839274
0.0853397
0.08561
0.084642
0.0824109
0.0788921
0.0740517
0.0678722
0.0603566
0.0515294
0.0414478
0.0302689
0.0182393
0.00544256
-0.00810833
-0.0222785
-0.0370776
-0.0523092
-0.0676081
-0.0827477
-0.0975229
-0.111729
-0.125163
-0.137628
-0.148934
-0.158905
-0.167387
-0.174236
-0.179335
-0.182568
-0.18374
-0.182718
-0.179534
-0.174216
-0.166754
-0.157148
-0.145426
-0.131635
-0.115838
-0.0981208
-0.0785992
-0.0575224
-0.035337
-0.0121702
0.0120455
0.0370933
0.0630786
0.0897826
0.116625
0.143261
0.169395
0.194725
0.218934
0.241698
0.262691
0.281587
0.298075
0.311855
0.322655
0.330204
0.334162
0.33415
0.329989
0.321669
0.309154
0.292393
0.271382
0.24618
0.216905
0.183735
0.146929
0.10699
0.0648994
0.0210889
-0.0244727
-0.071275
-0.1193
-0.167972
-0.216055
-0.262695
-0.307193
-0.348863
-0.387035
-0.421069
-0.450369
-0.4744
-0.492738
-0.505001
-0.510636
-0.509211
-0.500772
-0.485547
-0.463713
-0.435483
-0.401188
-0.361271
-0.316275
-0.266837
-0.213689
-0.157741
-0.100562
-0.0432857
0.0137787
0.0698598
0.12445
0.17696
0.226043
0.270494
0.309716
0.343466
0.371905
0.395732
0.416359
0.43603
0.45752
0.487001
)
;

boundaryField
{
    walls
    {
        type            calculated;
        value           uniform 0;
    }
    inlet
    {
        type            calculated;
        value           nonuniform List<scalar> 
20
(
-5e-005
-5e-005
-5e-005
-5e-005
-5e-005
-5e-005
-5e-005
-5e-005
-5e-005
-5e-005
-5e-005
-5e-005
-5e-005
-5e-005
-5e-005
-5e-005
-5e-005
-5e-005
-5e-005
-5e-005
)
;
    }
    outlet
    {
        type            calculated;
        value           nonuniform List<scalar> 
20
(
-0.361524
-0.392018
-0.360911
-0.315633
-0.268073
-0.222297
-0.178481
-0.13471
-0.0864602
-0.0289496
0.0230269
0.0694051
0.112346
0.154589
0.197079
0.240715
0.286607
0.337566
0.403727
0.524997
)
;
    }
    frontAndBack
    {
        type            empty;
        value           nonuniform 0();
    }
}


// ************************************************************************* //
