/*--------------------------------*- C++ -*----------------------------------*\
| =========                 |                                                 |
| \\      /  F ield         | OpenFOAM: The Open Source CFD Toolbox           |
|  \\    /   O peration     | Version:  5.x                                   |
|   \\  /    A nd           | Web:      www.OpenFOAM.org                      |
|    \\/     M anipulation  |                                                 |
\*---------------------------------------------------------------------------*/
/*   Windows 32 and 64 bit porting by blueCAPE: http://www.bluecape.com.pt   *\
|  Based on Windows porting (2.0.x v4) by Symscape: http://www.symscape.com   |
\*---------------------------------------------------------------------------*/
FoamFile
{
    version     2.0;
    format      ascii;
    class       volScalarField;
    location    "2000";
    object      k;
}
// * * * * * * * * * * * * * * * * * * * * * * * * * * * * * * * * * * * * * //

dimensions      [0 2 -2 0 0 0 0];

internalField   nonuniform List<scalar> 
4000
(
5.47352e+012
5.26609e+012
6.05076e+012
8.51727e+012
1.27119e+013
1.76376e+013
2.31113e+013
2.89525e+013
3.50528e+013
4.13288e+013
4.77053e+013
5.41146e+013
6.04976e+013
6.68044e+013
7.29941e+013
7.90327e+013
8.48936e+013
9.05572e+013
9.60099e+013
1.01244e+014
1.06256e+014
1.11047e+014
1.15622e+014
1.19986e+014
1.24149e+014
1.28119e+014
1.31907e+014
1.35522e+014
1.38974e+014
1.42269e+014
1.45415e+014
1.48416e+014
1.51274e+014
1.5399e+014
1.56562e+014
1.58987e+014
1.61259e+014
1.63369e+014
1.65309e+014
1.67069e+014
1.68636e+014
1.7e+014
1.71151e+014
1.72089e+014
1.72829e+014
1.73429e+014
1.73823e+014
1.73992e+014
1.73928e+014
1.73626e+014
1.73082e+014
1.72293e+014
1.71259e+014
1.69979e+014
1.68457e+014
1.66696e+014
1.64703e+014
1.62484e+014
1.6005e+014
1.5741e+014
1.54578e+014
1.51568e+014
1.48395e+014
1.45077e+014
1.41631e+014
1.38078e+014
1.34436e+014
1.30727e+014
1.26972e+014
1.23192e+014
1.1941e+014
1.15645e+014
1.11921e+014
1.08256e+014
1.04671e+014
1.01184e+014
9.78133e+013
9.45742e+013
9.14816e+013
8.85484e+013
8.57861e+013
8.32045e+013
8.08119e+013
7.86148e+013
7.66178e+013
7.48236e+013
7.32343e+013
7.18512e+013
7.06742e+013
6.97019e+013
6.89318e+013
6.83591e+013
6.79778e+013
6.77793e+013
6.77528e+013
6.78845e+013
6.81577e+013
6.8552e+013
6.90432e+013
6.96032e+013
7.01995e+013
7.0793e+013
7.13326e+013
7.17323e+013
7.18145e+013
7.15904e+013
7.12604e+013
7.09532e+013
7.06433e+013
7.0186e+013
6.94586e+013
6.84932e+013
6.73654e+013
6.61227e+013
6.48076e+013
6.34646e+013
6.21375e+013
6.08681e+013
5.96977e+013
5.86685e+013
5.78244e+013
5.72146e+013
5.68968e+013
5.69452e+013
5.74579e+013
5.85676e+013
6.04541e+013
6.33596e+013
6.76007e+013
7.35721e+013
8.17358e+013
9.25899e+013
1.06621e+014
1.24252e+014
1.45798e+014
1.71447e+014
2.01255e+014
2.35164e+014
2.73021e+014
3.14596e+014
3.59605e+014
4.07717e+014
4.58566e+014
5.11757e+014
5.66874e+014
6.23487e+014
6.81154e+014
7.3943e+014
7.97874e+014
8.56048e+014
9.13526e+014
9.69895e+014
1.02476e+015
1.07777e+015
1.12857e+015
1.17685e+015
1.22234e+015
1.2648e+015
1.30403e+015
1.33988e+015
1.37221e+015
1.40096e+015
1.42606e+015
1.44749e+015
1.46527e+015
1.47941e+015
1.48996e+015
1.49695e+015
1.50045e+015
1.50052e+015
1.4973e+015
1.49167e+015
1.48525e+015
1.47704e+015
1.46638e+015
1.45283e+015
1.43612e+015
1.41608e+015
1.39263e+015
1.36577e+015
1.33551e+015
1.30193e+015
1.26513e+015
1.22526e+015
1.18249e+015
1.137e+015
1.08903e+015
1.03882e+015
9.86644e+014
9.32808e+014
8.77624e+014
8.21425e+014
7.6456e+014
7.07383e+014
6.50259e+014
5.93529e+014
5.37588e+014
4.82664e+014
4.29466e+014
3.79466e+014
1.21579e+013
1.67511e+013
2.14669e+013
2.81117e+013
3.73783e+013
4.91368e+013
6.29435e+013
7.81175e+013
9.42381e+013
1.11003e+014
1.28162e+014
1.45499e+014
1.62833e+014
1.80015e+014
1.96932e+014
2.13489e+014
2.29613e+014
2.45249e+014
2.60357e+014
2.74912e+014
2.88901e+014
3.02321e+014
3.15177e+014
3.27479e+014
3.39243e+014
3.50489e+014
3.61236e+014
3.71504e+014
3.81312e+014
3.90678e+014
3.99613e+014
4.08129e+014
4.16229e+014
4.23914e+014
4.31179e+014
4.38014e+014
4.44405e+014
4.50333e+014
4.55776e+014
4.60707e+014
4.651e+014
4.68925e+014
4.72154e+014
4.74758e+014
4.76718e+014
4.78024e+014
4.7875e+014
4.78852e+014
4.78311e+014
4.77118e+014
4.7527e+014
4.72766e+014
4.69611e+014
4.65813e+014
4.61385e+014
4.56342e+014
4.50705e+014
4.44499e+014
4.37751e+014
4.30494e+014
4.22764e+014
4.14599e+014
4.0604e+014
3.97133e+014
3.87923e+014
3.78459e+014
3.68792e+014
3.58971e+014
3.49049e+014
3.39076e+014
3.29104e+014
3.19182e+014
3.0936e+014
2.99683e+014
2.90196e+014
2.8094e+014
2.71953e+014
2.63271e+014
2.54923e+014
2.46937e+014
2.39335e+014
2.32138e+014
2.25359e+014
2.19009e+014
2.13096e+014
2.07623e+014
2.02591e+014
1.98e+014
1.93844e+014
1.9012e+014
1.86819e+014
1.8393e+014
1.81442e+014
1.79337e+014
1.77596e+014
1.76193e+014
1.75097e+014
1.74267e+014
1.73657e+014
1.73208e+014
1.72848e+014
1.72494e+014
1.72048e+014
1.71409e+014
1.70474e+014
1.69158e+014
1.67389e+014
1.65278e+014
1.62876e+014
1.60115e+014
1.5701e+014
1.53618e+014
1.50002e+014
1.46241e+014
1.42438e+014
1.38705e+014
1.35153e+014
1.31893e+014
1.2904e+014
1.26715e+014
1.25053e+014
1.24218e+014
1.24414e+014
1.25911e+014
1.29067e+014
1.34356e+014
1.42388e+014
1.53923e+014
1.69854e+014
1.91162e+014
2.18838e+014
2.53801e+014
2.96821e+014
3.48474e+014
4.09128e+014
4.78949e+014
5.57922e+014
6.45868e+014
7.42465e+014
8.47261e+014
9.59693e+014
1.0791e+015
1.20474e+015
1.33578e+015
1.47137e+015
1.61057e+015
1.75244e+015
1.89602e+015
2.04034e+015
2.18443e+015
2.32735e+015
2.46819e+015
2.60607e+015
2.74015e+015
2.86965e+015
2.99387e+015
3.11217e+015
3.22397e+015
3.3288e+015
3.42625e+015
3.51599e+015
3.59776e+015
3.67139e+015
3.73672e+015
3.79368e+015
3.84219e+015
3.88224e+015
3.91381e+015
3.93697e+015
3.95182e+015
3.95876e+015
3.95931e+015
3.95087e+015
3.93308e+015
3.9057e+015
3.86852e+015
3.82144e+015
3.76443e+015
3.69752e+015
3.62086e+015
3.53462e+015
3.43909e+015
3.33462e+015
3.22163e+015
3.10064e+015
2.97224e+015
2.8371e+015
2.69597e+015
2.54969e+015
2.39915e+015
2.24532e+015
2.08919e+015
1.93185e+015
1.77435e+015
1.61785e+015
1.46323e+015
1.31217e+015
1.1643e+015
1.02553e+015
9.00344e+014
1.93253e+013
2.90345e+013
3.79899e+013
4.89252e+013
6.31531e+013
8.04813e+013
1.00204e+014
1.21576e+014
1.44065e+014
1.67268e+014
1.90872e+014
2.14628e+014
2.38333e+014
2.61828e+014
2.84986e+014
3.07703e+014
3.29897e+014
3.51504e+014
3.72478e+014
3.92784e+014
4.12401e+014
4.31317e+014
4.49529e+014
4.67042e+014
4.83865e+014
5.00009e+014
5.15489e+014
5.3032e+014
5.44515e+014
5.58085e+014
5.71039e+014
5.83379e+014
5.95104e+014
6.06208e+014
6.16679e+014
6.265e+014
6.35649e+014
6.44101e+014
6.51824e+014
6.58788e+014
6.64959e+014
6.70302e+014
6.74786e+014
6.78384e+014
6.81071e+014
6.82833e+014
6.83713e+014
6.83689e+014
6.82747e+014
6.80878e+014
6.7808e+014
6.74358e+014
6.69722e+014
6.64188e+014
6.57777e+014
6.50515e+014
6.42434e+014
6.33573e+014
6.23972e+014
6.13678e+014
6.02743e+014
5.91222e+014
5.79173e+014
5.66659e+014
5.53744e+014
5.40493e+014
5.26975e+014
5.13259e+014
4.99412e+014
4.85504e+014
4.716e+014
4.57767e+014
4.44067e+014
4.30561e+014
4.17304e+014
4.04348e+014
3.91741e+014
3.79526e+014
3.6774e+014
3.56415e+014
3.45578e+014
3.35249e+014
3.25444e+014
3.16172e+014
3.07439e+014
2.99246e+014
2.91588e+014
2.8446e+014
2.77854e+014
2.71758e+014
2.6616e+014
2.61045e+014
2.56396e+014
2.52193e+014
2.48414e+014
2.45032e+014
2.4201e+014
2.39306e+014
2.36867e+014
2.34625e+014
2.32498e+014
2.3039e+014
2.28191e+014
2.25788e+014
2.23074e+014
2.19942e+014
2.16296e+014
2.12263e+014
2.07847e+014
2.03011e+014
1.97809e+014
1.92339e+014
1.86712e+014
1.81066e+014
1.75563e+014
1.70373e+014
1.65672e+014
1.61637e+014
1.58459e+014
1.56349e+014
1.55556e+014
1.56386e+014
1.59235e+014
1.64611e+014
1.73156e+014
1.85664e+014
2.0307e+014
2.26412e+014
2.56778e+014
2.95234e+014
3.42756e+014
4.00191e+014
4.68228e+014
5.47388e+014
6.38017e+014
7.40284e+014
8.54181e+014
9.79526e+014
1.11596e+015
1.26298e+015
1.41991e+015
1.58595e+015
1.76019e+015
1.94159e+015
2.12905e+015
2.3214e+015
2.51742e+015
2.71586e+015
2.91545e+015
3.11494e+015
3.31307e+015
3.50863e+015
3.70045e+015
3.8874e+015
4.06846e+015
4.24266e+015
4.40912e+015
4.56708e+015
4.71586e+015
4.8549e+015
4.98372e+015
5.10192e+015
5.2092e+015
5.3053e+015
5.39004e+015
5.46324e+015
5.52479e+015
5.57462e+015
5.6127e+015
5.63924e+015
5.65509e+015
5.65915e+015
5.65048e+015
5.62871e+015
5.59354e+015
5.54471e+015
5.48202e+015
5.40541e+015
5.31486e+015
5.21048e+015
5.09246e+015
4.96113e+015
4.81688e+015
4.66027e+015
4.49193e+015
4.31263e+015
4.12325e+015
3.92476e+015
3.71826e+015
3.50494e+015
3.28609e+015
3.06308e+015
2.83735e+015
2.6104e+015
2.38387e+015
2.15923e+015
1.93895e+015
1.72442e+015
1.52628e+015
1.36058e+015
2.79013e+013
4.15689e+013
5.44081e+013
6.91843e+013
8.73468e+013
1.08697e+014
1.32514e+014
1.58072e+014
1.84809e+014
2.12302e+014
2.40226e+014
2.68325e+014
2.96394e+014
3.24272e+014
3.51824e+014
3.7894e+014
4.0553e+014
4.31521e+014
4.56854e+014
4.81485e+014
5.05379e+014
5.28512e+014
5.50871e+014
5.72448e+014
5.9324e+014
6.13251e+014
6.32484e+014
6.50945e+014
6.6864e+014
6.85572e+014
7.01741e+014
7.17143e+014
7.3177e+014
7.4561e+014
7.58644e+014
7.70849e+014
7.82199e+014
7.92661e+014
8.02203e+014
8.10789e+014
8.18381e+014
8.24945e+014
8.30448e+014
8.34859e+014
8.38157e+014
8.40324e+014
8.41359e+014
8.41282e+014
8.40073e+014
8.37727e+014
8.34245e+014
8.29635e+014
8.23913e+014
8.17102e+014
8.09229e+014
8.0033e+014
7.90446e+014
7.79624e+014
7.67917e+014
7.55384e+014
7.42087e+014
7.28094e+014
7.13477e+014
6.98309e+014
6.82667e+014
6.66632e+014
6.50283e+014
6.33701e+014
6.16966e+014
6.00159e+014
5.83356e+014
5.66633e+014
5.50062e+014
5.33711e+014
5.17644e+014
5.01919e+014
4.86589e+014
4.71701e+014
4.57295e+014
4.43406e+014
4.3006e+014
4.17278e+014
4.05074e+014
3.93456e+014
3.82426e+014
3.7198e+014
3.6211e+014
3.52806e+014
3.44052e+014
3.35834e+014
3.28132e+014
3.20929e+014
3.14204e+014
3.07935e+014
3.02098e+014
2.96663e+014
2.91594e+014
2.86848e+014
2.82368e+014
2.78082e+014
2.73904e+014
2.6973e+014
2.65445e+014
2.60926e+014
2.56055e+014
2.50717e+014
2.44853e+014
2.38599e+014
2.31899e+014
2.24768e+014
2.1731e+014
2.09687e+014
2.0209e+014
1.94736e+014
1.87867e+014
1.8173e+014
1.76577e+014
1.72671e+014
1.70297e+014
1.6978e+014
1.7151e+014
1.7597e+014
1.8376e+014
1.95611e+014
2.12389e+014
2.3507e+014
2.64707e+014
3.02373e+014
3.49106e+014
4.05876e+014
4.73549e+014
5.52878e+014
6.44484e+014
7.48852e+014
8.66311e+014
9.97025e+014
1.14098e+015
1.29798e+015
1.46765e+015
1.64941e+015
1.84254e+015
2.04613e+015
2.25914e+015
2.48041e+015
2.70867e+015
2.94256e+015
3.18067e+015
3.42155e+015
3.66371e+015
3.90568e+015
4.14599e+015
4.38319e+015
4.61591e+015
4.84282e+015
5.06269e+015
5.27437e+015
5.47683e+015
5.66914e+015
5.8505e+015
6.02021e+015
6.17769e+015
6.32243e+015
6.45402e+015
6.57211e+015
6.67642e+015
6.76668e+015
6.84269e+015
6.90428e+015
6.95139e+015
6.98414e+015
7.00311e+015
7.00652e+015
6.99401e+015
6.96525e+015
6.91997e+015
6.85794e+015
6.77903e+015
6.68315e+015
6.57036e+015
6.44081e+015
6.29476e+015
6.13259e+015
5.95485e+015
5.76217e+015
5.55534e+015
5.33529e+015
5.10305e+015
4.85978e+015
4.60677e+015
4.34541e+015
4.07718e+015
3.80367e+015
3.52657e+015
3.24766e+015
2.96891e+015
2.69238e+015
2.42134e+015
2.1598e+015
1.92256e+015
1.73669e+015
3.62839e+013
5.31661e+013
6.94979e+013
8.75269e+013
1.0873e+014
1.32992e+014
1.59686e+014
1.8815e+014
2.17847e+014
2.48364e+014
2.79382e+014
3.10647e+014
3.41955e+014
3.7314e+014
4.04061e+014
4.346e+014
4.64657e+014
4.94147e+014
5.22998e+014
5.51151e+014
5.7856e+014
6.05186e+014
6.31002e+014
6.55988e+014
6.80128e+014
7.03415e+014
7.25841e+014
7.47402e+014
7.68094e+014
7.87911e+014
8.06847e+014
8.2489e+014
8.42025e+014
8.58234e+014
8.73493e+014
8.87774e+014
9.01047e+014
9.13277e+014
9.24425e+014
9.34455e+014
9.43328e+014
9.51006e+014
9.57455e+014
9.62644e+014
9.66548e+014
9.69147e+014
9.70428e+014
9.70413e+014
9.69092e+014
9.66459e+014
9.62519e+014
9.57286e+014
9.50778e+014
9.43025e+014
9.3406e+014
9.23926e+014
9.12671e+014
9.00351e+014
8.87028e+014
8.72769e+014
8.57646e+014
8.41737e+014
8.25123e+014
8.07888e+014
7.9012e+014
7.71907e+014
7.5334e+014
7.34508e+014
7.15502e+014
6.96408e+014
6.77313e+014
6.58299e+014
6.39444e+014
6.20823e+014
6.02504e+014
5.84549e+014
5.67015e+014
5.4995e+014
5.33398e+014
5.17392e+014
5.0196e+014
4.8712e+014
4.72886e+014
4.5926e+014
4.46243e+014
4.33826e+014
4.21997e+014
4.10739e+014
4.00032e+014
3.89855e+014
3.80184e+014
3.70998e+014
3.6227e+014
3.53977e+014
3.46091e+014
3.38582e+014
3.31412e+014
3.24535e+014
3.1789e+014
3.11403e+014
3.0498e+014
2.98511e+014
2.9187e+014
2.84925e+014
2.7755e+014
2.69633e+014
2.61244e+014
2.52378e+014
2.43033e+014
2.33296e+014
2.23355e+014
2.13474e+014
2.03959e+014
1.95148e+014
1.8739e+014
1.81034e+014
1.76429e+014
1.73934e+014
1.73946e+014
1.76915e+014
1.83371e+014
1.93947e+014
2.09387e+014
2.30543e+014
2.58355e+014
2.93822e+014
3.3796e+014
3.91768e+014
4.56201e+014
5.32145e+014
6.20405e+014
7.21686e+014
8.36579e+014
9.65541e+014
1.10888e+015
1.26672e+015
1.43902e+015
1.62553e+015
1.82582e+015
2.03925e+015
2.26501e+015
2.50211e+015
2.74938e+015
3.00554e+015
3.26918e+015
3.5388e+015
3.81281e+015
4.0896e+015
4.3675e+015
4.64486e+015
4.92004e+015
5.19142e+015
5.45744e+015
5.71663e+015
5.96761e+015
6.20909e+015
6.43992e+015
6.65904e+015
6.86556e+015
7.05866e+015
7.23767e+015
7.40199e+015
7.55111e+015
7.68461e+015
7.80208e+015
7.90319e+015
7.98762e+015
8.05513e+015
8.10557e+015
8.13905e+015
8.15519e+015
8.15276e+015
8.13148e+015
8.09109e+015
8.0314e+015
7.95228e+015
7.85366e+015
7.73558e+015
7.59819e+015
7.44176e+015
7.2667e+015
7.07355e+015
6.86298e+015
6.63582e+015
6.39304e+015
6.13573e+015
5.86512e+015
5.58256e+015
5.2895e+015
4.9875e+015
4.67821e+015
4.36339e+015
4.0449e+015
3.72474e+015
3.40519e+015
3.08891e+015
2.78018e+015
2.48564e+015
2.22386e+015
2.02912e+015
4.34829e+013
6.30628e+013
8.24249e+013
1.03133e+014
1.26644e+014
1.5298e+014
1.81656e+014
2.12105e+014
2.43841e+014
2.76475e+014
3.097e+014
3.4327e+014
3.76982e+014
4.10666e+014
4.44177e+014
4.77388e+014
5.10189e+014
5.42483e+014
5.74185e+014
6.05224e+014
6.35539e+014
6.65078e+014
6.93799e+014
7.21669e+014
7.48661e+014
7.74753e+014
7.99927e+014
8.24169e+014
8.47464e+014
8.69798e+014
8.91156e+014
9.1152e+014
9.30868e+014
9.49175e+014
9.66415e+014
9.82553e+014
9.97557e+014
1.01139e+015
1.024e+015
1.03537e+015
1.04544e+015
1.05418e+015
1.06155e+015
1.06751e+015
1.07206e+015
1.07515e+015
1.07677e+015
1.07695e+015
1.07566e+015
1.07292e+015
1.06874e+015
1.06312e+015
1.05609e+015
1.04768e+015
1.03793e+015
1.0269e+015
1.01463e+015
1.00119e+015
9.86649e+014
9.71076e+014
9.54554e+014
9.37168e+014
9.19008e+014
9.00165e+014
8.80736e+014
8.60817e+014
8.40505e+014
8.19899e+014
7.99093e+014
7.78183e+014
7.5726e+014
7.36412e+014
7.15722e+014
6.95269e+014
6.75125e+014
6.55354e+014
6.36015e+014
6.17158e+014
5.98826e+014
5.81054e+014
5.63867e+014
5.47283e+014
5.31312e+014
5.15954e+014
5.01205e+014
4.87053e+014
4.73479e+014
4.60461e+014
4.47975e+014
4.35993e+014
4.24486e+014
4.13425e+014
4.02782e+014
3.92528e+014
3.82632e+014
3.73061e+014
3.63775e+014
3.54722e+014
3.45839e+014
3.37042e+014
3.28231e+014
3.19284e+014
3.10068e+014
3.00437e+014
2.90262e+014
2.79557e+014
2.68294e+014
2.56467e+014
2.44166e+014
2.31596e+014
2.19088e+014
2.0707e+014
1.96018e+014
1.86427e+014
1.78779e+014
1.73528e+014
1.71111e+014
1.7197e+014
1.7657e+014
1.85433e+014
1.99151e+014
2.18398e+014
2.43935e+014
2.76603e+014
3.17309e+014
3.67002e+014
4.26649e+014
4.97203e+014
5.79585e+014
6.74661e+014
7.8322e+014
9.05957e+014
1.04345e+015
1.19612e+015
1.36424e+015
1.5479e+015
1.74698e+015
1.96116e+015
2.18993e+015
2.43255e+015
2.68812e+015
2.95553e+015
3.2335e+015
3.52062e+015
3.81535e+015
4.11604e+015
4.42097e+015
4.72837e+015
5.03644e+015
5.34337e+015
5.6474e+015
5.94676e+015
6.2398e+015
6.5249e+015
6.80059e+015
7.06547e+015
7.3183e+015
7.55794e+015
7.78339e+015
7.99377e+015
8.18831e+015
8.36633e+015
8.52723e+015
8.67049e+015
8.79562e+015
8.90215e+015
8.98968e+015
9.05786e+015
9.10645e+015
9.1355e+015
9.1437e+015
9.13067e+015
9.09614e+015
9.03995e+015
8.96199e+015
8.86224e+015
8.74077e+015
8.59778e+015
8.43356e+015
8.24857e+015
8.04339e+015
7.81875e+015
7.57555e+015
7.31482e+015
7.03774e+015
6.7456e+015
6.43983e+015
6.12196e+015
5.79363e+015
5.45655e+015
5.1125e+015
4.76336e+015
4.41113e+015
4.05797e+015
3.70644e+015
3.35977e+015
3.02317e+015
2.70541e+015
2.42758e+015
2.22809e+015
4.82241e+013
7.08276e+013
9.27256e+013
1.15583e+014
1.40789e+014
1.6853e+014
1.98476e+014
2.30172e+014
2.63195e+014
2.97191e+014
3.31873e+014
3.67003e+014
4.02385e+014
4.37847e+014
4.73241e+014
5.08433e+014
5.43305e+014
5.7775e+014
6.11674e+014
6.44991e+014
6.77628e+014
7.09521e+014
7.40614e+014
7.70861e+014
8.00222e+014
8.28664e+014
8.56157e+014
8.82675e+014
9.08195e+014
9.32693e+014
9.56145e+014
9.78526e+014
9.99807e+014
1.01996e+015
1.03895e+015
1.05674e+015
1.0733e+015
1.08857e+015
1.10253e+015
1.11513e+015
1.12632e+015
1.13607e+015
1.14434e+015
1.15109e+015
1.1563e+015
1.15994e+015
1.162e+015
1.16248e+015
1.16137e+015
1.1587e+015
1.15445e+015
1.14866e+015
1.14135e+015
1.13255e+015
1.12231e+015
1.11068e+015
1.09772e+015
1.08349e+015
1.06808e+015
1.05156e+015
1.03402e+015
1.01555e+015
9.96244e+014
9.76201e+014
9.55524e+014
9.34316e+014
9.12679e+014
8.90717e+014
8.68532e+014
8.46222e+014
8.23885e+014
8.01611e+014
7.79488e+014
7.57597e+014
7.36012e+014
7.148e+014
6.9402e+014
6.73723e+014
6.53952e+014
6.3474e+014
6.16111e+014
5.9808e+014
5.80656e+014
5.63834e+014
5.47607e+014
5.31957e+014
5.1686e+014
5.0229e+014
4.88214e+014
4.74599e+014
4.6141e+014
4.48612e+014
4.36171e+014
4.24054e+014
4.12225e+014
4.00648e+014
3.89277e+014
3.78054e+014
3.66908e+014
3.55749e+014
3.44465e+014
3.32919e+014
3.20977e+014
3.08469e+014
2.95411e+014
2.81687e+014
2.6728e+014
2.52273e+014
2.36895e+014
2.21539e+014
2.06763e+014
1.93238e+014
1.81658e+014
1.72682e+014
1.66899e+014
1.6481e+014
1.66851e+014
1.73437e+014
1.85001e+014
2.02015e+014
2.25014e+014
2.54607e+014
2.91504e+014
3.36511e+014
3.90514e+014
4.5446e+014
5.29321e+014
6.16062e+014
7.15615e+014
8.28851e+014
9.5656e+014
1.09943e+015
1.25801e+015
1.43269e+015
1.6237e+015
1.83104e+015
2.05452e+015
2.29373e+015
2.54805e+015
2.81665e+015
3.09849e+015
3.39236e+015
3.69685e+015
4.01042e+015
4.33143e+015
4.6581e+015
4.98855e+015
5.32089e+015
5.65323e+015
5.98366e+015
6.31031e+015
6.63135e+015
6.94502e+015
7.24965e+015
7.54369e+015
7.8257e+015
8.09434e+015
8.34843e+015
8.58689e+015
8.80879e+015
9.01326e+015
9.19955e+015
9.36698e+015
9.5149e+015
9.64274e+015
9.74992e+015
9.83592e+015
9.90025e+015
9.94253e+015
9.96253e+015
9.95903e+015
9.93182e+015
9.88078e+015
9.80584e+015
9.70704e+015
9.58449e+015
9.43842e+015
9.2692e+015
9.07732e+015
8.86343e+015
8.62834e+015
8.37301e+015
8.09855e+015
7.80623e+015
7.49745e+015
7.17373e+015
6.83667e+015
6.48799e+015
6.1295e+015
5.76304e+015
5.39049e+015
5.01382e+015
4.63507e+015
4.25652e+015
3.88086e+015
3.51164e+015
3.15448e+015
2.81906e+015
2.5268e+015
2.31889e+015
5.15983e+013
7.64362e+013
1.00227e+014
1.24719e+014
1.51084e+014
1.79664e+014
2.10276e+014
2.42582e+014
2.76229e+014
3.1091e+014
3.4636e+014
3.82359e+014
4.18715e+014
4.55261e+014
4.91848e+014
5.28339e+014
5.64612e+014
6.00553e+014
6.36057e+014
6.7103e+014
7.05389e+014
7.39056e+014
7.71966e+014
8.0406e+014
8.35286e+014
8.65598e+014
8.94956e+014
9.23324e+014
9.50668e+014
9.76954e+014
1.00215e+015
1.02623e+015
1.04914e+015
1.07087e+015
1.09136e+015
1.11059e+015
1.1285e+015
1.14505e+015
1.16021e+015
1.17392e+015
1.18614e+015
1.19683e+015
1.20596e+015
1.21348e+015
1.21937e+015
1.2236e+015
1.22616e+015
1.22703e+015
1.22623e+015
1.22376e+015
1.21963e+015
1.21386e+015
1.20648e+015
1.19753e+015
1.18705e+015
1.1751e+015
1.16175e+015
1.14705e+015
1.1311e+015
1.11398e+015
1.09577e+015
1.07658e+015
1.0565e+015
1.03564e+015
1.01411e+015
9.92005e+014
9.69439e+014
9.46521e+014
9.23355e+014
9.00045e+014
8.7669e+014
8.53384e+014
8.30216e+014
8.0727e+014
7.84621e+014
7.62336e+014
7.40476e+014
7.1909e+014
6.98221e+014
6.77899e+014
6.58149e+014
6.38981e+014
6.204e+014
6.024e+014
5.84967e+014
5.68078e+014
5.51706e+014
5.35816e+014
5.2037e+014
5.05327e+014
4.90646e+014
4.76286e+014
4.62206e+014
4.48366e+014
4.34728e+014
4.21249e+014
4.07877e+014
3.94546e+014
3.8117e+014
3.67656e+014
3.53884e+014
3.3967e+014
3.24978e+014
3.09633e+014
2.93536e+014
2.76635e+014
2.58989e+014
2.40823e+014
2.22584e+014
2.0496e+014
1.88837e+014
1.75181e+014
1.64895e+014
1.58718e+014
1.57188e+014
1.60677e+014
1.69456e+014
1.83772e+014
2.03903e+014
2.30211e+014
2.63162e+014
3.03317e+014
3.51383e+014
4.08198e+014
4.74697e+014
5.51876e+014
6.4075e+014
7.4231e+014
8.57497e+014
9.87176e+014
1.13212e+015
1.293e+015
1.47032e+015
1.66442e+015
1.87545e+015
2.10335e+015
2.34781e+015
2.60833e+015
2.88418e+015
3.1744e+015
3.47785e+015
3.79319e+015
4.11891e+015
4.45338e+015
4.79485e+015
5.1414e+015
5.49104e+015
5.8418e+015
6.19173e+015
6.53886e+015
6.88127e+015
7.21709e+015
7.54454e+015
7.86191e+015
8.16763e+015
8.4602e+015
8.73829e+015
9.00065e+015
9.24618e+015
9.47386e+015
9.68279e+015
9.87212e+015
1.00411e+016
1.01889e+016
1.0315e+016
1.04186e+016
1.04991e+016
1.05559e+016
1.05883e+016
1.0596e+016
1.05781e+016
1.05345e+016
1.04651e+016
1.03701e+016
1.02495e+016
1.01038e+016
9.93312e+015
9.73819e+015
9.51966e+015
9.2784e+015
9.01545e+015
8.732e+015
8.4294e+015
8.10915e+015
7.77285e+015
7.42221e+015
7.05901e+015
6.68514e+015
6.30256e+015
5.91321e+015
5.51904e+015
5.122e+015
4.72416e+015
4.32772e+015
3.93528e+015
3.55014e+015
3.17726e+015
2.82464e+015
2.50992e+015
2.27366e+015
5.37279e+013
7.9916e+013
1.0495e+014
1.30566e+014
1.57611e+014
1.86535e+014
2.17279e+014
2.49623e+014
2.83294e+014
3.18031e+014
3.53602e+014
3.89804e+014
4.2646e+014
4.63409e+014
5.00505e+014
5.37613e+014
5.74609e+014
6.11374e+014
6.47801e+014
6.83787e+014
7.19239e+014
7.54074e+014
7.88215e+014
8.21591e+014
8.54141e+014
8.85809e+014
9.16543e+014
9.46297e+014
9.75027e+014
1.00269e+015
1.02925e+015
1.05466e+015
1.07889e+015
1.10188e+015
1.1236e+015
1.144e+015
1.16304e+015
1.18068e+015
1.19685e+015
1.21152e+015
1.22465e+015
1.23619e+015
1.2461e+015
1.25434e+015
1.26089e+015
1.26572e+015
1.26882e+015
1.27016e+015
1.26975e+015
1.26761e+015
1.26374e+015
1.25816e+015
1.2509e+015
1.24201e+015
1.23153e+015
1.21952e+015
1.20604e+015
1.19117e+015
1.17499e+015
1.15758e+015
1.13905e+015
1.11948e+015
1.09899e+015
1.07768e+015
1.05566e+015
1.03304e+015
1.00993e+015
9.86446e+014
9.62691e+014
9.38773e+014
9.14791e+014
8.90842e+014
8.67018e+014
8.43401e+014
8.20067e+014
7.97084e+014
7.74511e+014
7.52398e+014
7.30784e+014
7.09699e+014
6.89163e+014
6.69185e+014
6.49767e+014
6.30897e+014
6.12556e+014
5.94718e+014
5.77347e+014
5.60404e+014
5.43842e+014
5.27615e+014
5.11674e+014
4.95969e+014
4.80453e+014
4.65078e+014
4.49802e+014
4.34579e+014
4.19346e+014
4.04025e+014
3.88505e+014
3.72705e+014
3.56524e+014
3.39786e+014
3.22352e+014
3.04092e+014
2.84931e+014
2.64891e+014
2.44169e+014
2.23221e+014
2.02834e+014
1.84122e+014
1.68369e+014
1.56785e+014
1.50302e+014
1.49471e+014
1.54508e+014
1.65438e+014
1.82247e+014
2.04984e+014
2.33818e+014
2.69102e+014
3.11319e+014
3.6105e+014
4.19101e+014
4.86408e+014
5.63977e+014
6.52843e+014
7.54035e+014
8.68542e+014
9.97285e+014
1.1411e+015
1.30073e+015
1.47679e+015
1.66974e+015
1.87985e+015
2.10719e+015
2.35159e+015
2.61265e+015
2.88977e+015
3.18208e+015
3.48854e+015
3.80788e+015
4.13867e+015
4.4793e+015
4.8281e+015
5.1833e+015
5.54279e+015
5.90446e+015
6.26632e+015
6.62642e+015
6.9828e+015
7.33352e+015
7.67674e+015
8.01066e+015
8.33359e+015
8.64397e+015
8.94031e+015
9.22125e+015
9.48557e+015
9.7321e+015
9.95982e+015
1.01678e+016
1.0355e+016
1.05207e+016
1.06641e+016
1.07843e+016
1.08805e+016
1.09521e+016
1.09983e+016
1.10185e+016
1.10119e+016
1.09781e+016
1.09172e+016
1.08292e+016
1.07144e+016
1.05729e+016
1.04052e+016
1.02118e+016
9.99359e+015
9.75134e+015
9.48615e+015
9.19929e+015
8.89216e+015
8.56635e+015
8.22353e+015
7.8655e+015
7.49411e+015
7.11127e+015
6.71893e+015
6.31932e+015
5.91442e+015
5.5061e+015
5.09626e+015
4.68679e+015
4.27963e+015
3.87682e+015
3.48047e+015
3.09283e+015
2.71513e+015
2.35387e+015
2.01377e+015
5.4574e+013
8.13882e+013
1.07071e+014
1.33308e+014
1.60585e+014
1.89424e+014
2.1981e+014
2.51677e+014
2.8482e+014
3.1903e+014
3.54111e+014
3.89884e+014
4.26188e+014
4.62876e+014
4.99808e+014
5.36856e+014
5.73896e+014
6.10812e+014
6.47492e+014
6.83831e+014
7.19732e+014
7.55104e+014
7.89861e+014
8.23927e+014
8.5723e+014
8.89705e+014
9.21291e+014
9.51932e+014
9.81575e+014
1.01017e+015
1.03767e+015
1.06402e+015
1.08918e+015
1.1131e+015
1.13573e+015
1.15703e+015
1.17693e+015
1.1954e+015
1.21239e+015
1.22784e+015
1.24172e+015
1.25397e+015
1.26455e+015
1.27344e+015
1.2806e+015
1.286e+015
1.28963e+015
1.29147e+015
1.29152e+015
1.28979e+015
1.28629e+015
1.28103e+015
1.27407e+015
1.26542e+015
1.25514e+015
1.24329e+015
1.22994e+015
1.21515e+015
1.19902e+015
1.18164e+015
1.16309e+015
1.14348e+015
1.12292e+015
1.10151e+015
1.07937e+015
1.0566e+015
1.03333e+015
1.00965e+015
9.8569e+014
9.6155e+014
9.37331e+014
9.1313e+014
8.89036e+014
8.65135e+014
8.415e+014
8.182e+014
7.9529e+014
7.7282e+014
7.50827e+014
7.29338e+014
7.08371e+014
6.87931e+014
6.68014e+014
6.48605e+014
6.29682e+014
6.1121e+014
5.93148e+014
5.75451e+014
5.58065e+014
5.40935e+014
5.24004e+014
5.07215e+014
4.90511e+014
4.73828e+014
4.57138e+014
4.40381e+014
4.23482e+014
4.06353e+014
3.88886e+014
3.70964e+014
3.52454e+014
3.33205e+014
3.13081e+014
2.9199e+014
2.69927e+014
2.47046e+014
2.23763e+014
2.00896e+014
1.79728e+014
1.61905e+014
1.49023e+014
1.42209e+014
1.42018e+014
1.48435e+014
1.61166e+014
1.79896e+014
2.04455e+014
2.34874e+014
2.71364e+014
3.14373e+014
3.64429e+014
4.22267e+014
4.88826e+014
5.6509e+014
6.52075e+014
7.50804e+014
8.62279e+014
9.87449e+014
1.12719e+015
1.2823e+015
1.45348e+015
1.64129e+015
1.84612e+015
2.06816e+015
2.30738e+015
2.56351e+015
2.83606e+015
3.1243e+015
3.42728e+015
3.74384e+015
4.07263e+015
4.41212e+015
4.76064e+015
5.11652e+015
5.47829e+015
5.84334e+015
6.20937e+015
6.57458e+015
6.9371e+015
7.29499e+015
7.64637e+015
7.9894e+015
8.32234e+015
8.64356e+015
8.95152e+015
9.24477e+015
9.52198e+015
9.78193e+015
1.00235e+016
1.02456e+016
1.04472e+016
1.06274e+016
1.07853e+016
1.092e+016
1.10306e+016
1.11163e+016
1.11762e+016
1.12096e+016
1.12157e+016
1.11939e+016
1.11441e+016
1.10665e+016
1.0961e+016
1.0828e+016
1.06679e+016
1.04812e+016
1.02687e+016
1.00312e+016
9.76979e+015
9.48579e+015
9.18063e+015
8.8559e+015
8.51335e+015
8.15482e+015
7.78223e+015
7.39751e+015
7.00258e+015
6.59912e+015
6.1903e+015
5.77772e+015
5.36303e+015
4.94788e+015
4.53381e+015
4.12213e+015
3.71365e+015
3.30815e+015
2.9043e+015
2.49911e+015
2.08828e+015
1.62833e+015
5.39041e+013
8.09476e+013
1.06907e+014
1.33321e+014
1.6041e+014
1.88689e+014
2.18308e+014
2.49237e+014
2.81352e+014
3.145e+014
3.48523e+014
3.83273e+014
4.1861e+014
4.54402e+014
4.90523e+014
5.26853e+014
5.63275e+014
5.99675e+014
6.35945e+014
6.71978e+014
7.07677e+014
7.42945e+014
7.77693e+014
8.11838e+014
8.45302e+014
8.78012e+014
9.09898e+014
9.40898e+014
9.70951e+014
9.99997e+014
1.02798e+015
1.05485e+015
1.08054e+015
1.10501e+015
1.1282e+015
1.15006e+015
1.17053e+015
1.18957e+015
1.20711e+015
1.22312e+015
1.23754e+015
1.25034e+015
1.26146e+015
1.27087e+015
1.27855e+015
1.28446e+015
1.28858e+015
1.29091e+015
1.29144e+015
1.29017e+015
1.28711e+015
1.28229e+015
1.27573e+015
1.26748e+015
1.25758e+015
1.24609e+015
1.23308e+015
1.21863e+015
1.20281e+015
1.18572e+015
1.16745e+015
1.1481e+015
1.12779e+015
1.10662e+015
1.08469e+015
1.06214e+015
1.03906e+015
1.01556e+015
9.9177e+014
9.6779e+014
9.43716e+014
9.19645e+014
8.95668e+014
8.71867e+014
8.48316e+014
8.2508e+014
8.02215e+014
7.79766e+014
7.57767e+014
7.36244e+014
7.1521e+014
6.94667e+014
6.74607e+014
6.5501e+014
6.35848e+014
6.17081e+014
5.98662e+014
5.80537e+014
5.62647e+014
5.44927e+014
5.27313e+014
5.09739e+014
4.92138e+014
4.74447e+014
4.56604e+014
4.38543e+014
4.2018e+014
4.01418e+014
3.82139e+014
3.6221e+014
3.41497e+014
3.19869e+014
2.97237e+014
2.73587e+014
2.49038e+014
2.23953e+014
1.99064e+014
1.75747e+014
1.55902e+014
1.41634e+014
1.34255e+014
1.34369e+014
1.41803e+014
1.55846e+014
1.75832e+014
2.01375e+014
2.32437e+014
2.69197e+014
3.11919e+014
3.61174e+014
4.17644e+014
4.82187e+014
5.55729e+014
6.39236e+014
7.33691e+014
8.40078e+014
9.59351e+014
1.09242e+015
1.24013e+015
1.40324e+015
1.58238e+015
1.77803e+015
1.99051e+015
2.21989e+015
2.46606e+015
2.72866e+015
3.0071e+015
3.30057e+015
3.60802e+015
3.9282e+015
4.25969e+015
4.60089e+015
4.95003e+015
5.30583e+015
5.66674e+015
6.02967e+015
6.3925e+015
6.75335e+015
7.11068e+015
7.46258e+015
7.80717e+015
8.14271e+015
8.46753e+015
8.78005e+015
9.07882e+015
9.36245e+015
9.62967e+015
9.87929e+015
1.01102e+016
1.03213e+016
1.05116e+016
1.06802e+016
1.08262e+016
1.09485e+016
1.10463e+016
1.11188e+016
1.11649e+016
1.11841e+016
1.11753e+016
1.11385e+016
1.10736e+016
1.09807e+016
1.086e+016
1.07118e+016
1.05366e+016
1.03351e+016
1.01082e+016
9.85676e+015
9.58216e+015
9.28577e+015
8.96919e+015
8.63415e+015
8.2825e+015
7.91617e+015
7.53716e+015
7.14746e+015
6.74902e+015
6.34382e+015
5.93406e+015
5.52147e+015
5.10758e+015
4.69367e+015
4.2807e+015
3.86908e+015
3.45814e+015
3.04491e+015
2.62751e+015
2.20076e+015
1.7539e+015
1.22889e+015
5.20197e+013
7.88846e+013
1.04799e+014
1.30826e+014
1.57247e+014
1.84582e+014
2.13028e+014
2.42609e+014
2.73259e+014
3.04872e+014
3.37333e+014
3.70523e+014
4.04329e+014
4.38638e+014
4.73341e+014
5.08329e+014
5.43497e+014
5.78738e+014
6.1395e+014
6.49029e+014
6.83878e+014
7.18401e+014
7.52508e+014
7.86111e+014
8.19127e+014
8.5148e+014
8.83093e+014
9.13898e+014
9.43826e+014
9.72813e+014
1.0008e+015
1.02771e+015
1.0535e+015
1.07811e+015
1.10147e+015
1.12353e+015
1.14423e+015
1.16352e+015
1.18135e+015
1.19765e+015
1.2124e+015
1.22553e+015
1.23701e+015
1.2468e+015
1.25486e+015
1.26118e+015
1.26573e+015
1.26851e+015
1.2695e+015
1.26871e+015
1.26615e+015
1.26183e+015
1.25578e+015
1.24805e+015
1.23868e+015
1.22773e+015
1.21526e+015
1.20135e+015
1.18608e+015
1.16953e+015
1.15182e+015
1.13303e+015
1.11326e+015
1.09264e+015
1.07127e+015
1.04926e+015
1.02673e+015
1.00378e+015
9.80523e+014
9.57067e+014
9.3351e+014
9.09946e+014
8.86464e+014
8.63142e+014
8.40053e+014
8.1726e+014
7.94816e+014
7.72762e+014
7.51131e+014
7.29943e+014
7.09208e+014
6.88925e+014
6.69081e+014
6.49651e+014
6.30602e+014
6.11888e+014
5.93455e+014
5.75244e+014
5.57185e+014
5.39206e+014
5.21232e+014
5.03187e+014
4.84995e+014
4.66578e+014
4.4786e+014
4.28755e+014
4.09167e+014
3.88982e+014
3.68075e+014
3.46314e+014
3.23591e+014
2.99837e+014
2.75058e+014
2.49368e+014
2.23062e+014
1.96822e+014
1.71776e+014
1.50104e+014
1.34159e+014
1.25876e+014
1.25875e+014
1.33823e+014
1.48794e+014
1.69513e+014
1.95371e+014
2.26234e+014
2.62389e+014
3.04147e+014
3.51692e+014
4.05799e+014
4.6724e+014
5.36858e+014
6.15547e+014
7.04234e+014
8.03861e+014
9.15365e+014
1.03966e+015
1.1776e+015
1.32998e+015
1.49748e+015
1.68066e+015
1.87992e+015
2.09548e+015
2.32733e+015
2.57527e+015
2.83885e+015
3.11741e+015
3.41005e+015
3.71566e+015
4.03296e+015
4.36047e+015
4.6966e+015
5.03966e+015
5.38797e+015
5.73966e+015
6.09253e+015
6.44458e+015
6.79396e+015
7.13889e+015
7.47761e+015
7.80838e+015
8.12953e+015
8.43951e+015
8.73684e+015
9.02015e+015
9.28813e+015
9.53958e+015
9.77337e+015
9.98843e+015
1.01837e+016
1.03583e+016
1.05112e+016
1.06416e+016
1.07483e+016
1.08307e+016
1.08878e+016
1.09187e+016
1.09228e+016
1.08993e+016
1.08484e+016
1.077e+016
1.06641e+016
1.05312e+016
1.03714e+016
1.01855e+016
9.97408e+015
9.73822e+015
9.47901e+015
9.19781e+015
8.89612e+015
8.57561e+015
8.23809e+015
7.88545e+015
7.51962e+015
7.14259e+015
6.75631e+015
6.36267e+015
5.96352e+015
5.56063e+015
5.1555e+015
4.74932e+015
4.34292e+015
3.93666e+015
3.53016e+015
3.12181e+015
2.70779e+015
2.28701e+015
1.85699e+015
1.41413e+015
9.22694e+014
4.91556e+013
7.51027e+013
1.00526e+014
1.25757e+014
1.51155e+014
1.77214e+014
2.04156e+014
2.32043e+014
2.60855e+014
2.90529e+014
3.20987e+014
3.52143e+014
3.83911e+014
4.16201e+014
4.48926e+014
4.81992e+014
5.15309e+014
5.48781e+014
5.82313e+014
6.1581e+014
6.49178e+014
6.82326e+014
7.15162e+014
7.476e+014
7.79556e+014
8.10949e+014
8.41701e+014
8.71737e+014
9.00987e+014
9.29378e+014
9.56844e+014
9.83317e+014
1.00873e+015
1.03303e+015
1.05614e+015
1.078e+015
1.09857e+015
1.11776e+015
1.13555e+015
1.15186e+015
1.16665e+015
1.17988e+015
1.19149e+015
1.20147e+015
1.20976e+015
1.21636e+015
1.22123e+015
1.22437e+015
1.22577e+015
1.22545e+015
1.22338e+015
1.2196e+015
1.21413e+015
1.20701e+015
1.19828e+015
1.18801e+015
1.17624e+015
1.16306e+015
1.14855e+015
1.13279e+015
1.11587e+015
1.0979e+015
1.07898e+015
1.05921e+015
1.0387e+015
1.01757e+015
9.9592e+014
9.73858e+014
9.51492e+014
9.28925e+014
9.06253e+014
8.83569e+014
8.60956e+014
8.38491e+014
8.16244e+014
7.94273e+014
7.72627e+014
7.51347e+014
7.30459e+014
7.09981e+014
6.89919e+014
6.70266e+014
6.51007e+014
6.32111e+014
6.13539e+014
5.95241e+014
5.77156e+014
5.59216e+014
5.41345e+014
5.23459e+014
5.05474e+014
4.87301e+014
4.68848e+014
4.50024e+014
4.30732e+014
4.10867e+014
3.90311e+014
3.68938e+014
3.46618e+014
3.2325e+014
2.98806e+014
2.73342e+014
2.47027e+014
2.20131e+014
1.9314e+014
1.67241e+014
1.44093e+014
1.26382e+014
1.1662e+014
1.16103e+014
1.24111e+014
1.39386e+014
1.60621e+014
1.86274e+014
2.16308e+014
2.50906e+014
2.90435e+014
3.35355e+014
3.86162e+014
4.43524e+014
5.08179e+014
5.80927e+014
6.6261e+014
7.54097e+014
8.56269e+014
9.69996e+014
1.09612e+015
1.23545e+015
1.38867e+015
1.55642e+015
1.73916e+015
1.9372e+015
2.15069e+015
2.37955e+015
2.62349e+015
2.88201e+015
3.1544e+015
3.4397e+015
3.7368e+015
4.04437e+015
4.36095e+015
4.68497e+015
5.01473e+015
5.34852e+015
5.68446e+015
6.02064e+015
6.35522e+015
6.68637e+015
7.01239e+015
7.33159e+015
7.64237e+015
7.94319e+015
8.23258e+015
8.50919e+015
8.77174e+015
9.01902e+015
9.24992e+015
9.46339e+015
9.6584e+015
9.83402e+015
9.9893e+015
1.01234e+016
1.02353e+016
1.03243e+016
1.03894e+016
1.04299e+016
1.0445e+016
1.04342e+016
1.03969e+016
1.03336e+016
1.02441e+016
1.01284e+016
9.98677e+015
9.81974e+015
9.62793e+015
9.41216e+015
9.17345e+015
8.91302e+015
8.63225e+015
8.3327e+015
8.01606e+015
7.6841e+015
7.33868e+015
6.98168e+015
6.61496e+015
6.24034e+015
5.85953e+015
5.47413e+015
5.08558e+015
4.69501e+015
4.30325e+015
3.91072e+015
3.51736e+015
3.12239e+015
2.72428e+015
2.32109e+015
1.9127e+015
1.50137e+015
1.09195e+015
6.6925e+014
4.52618e+013
6.95707e+013
9.40349e+013
1.18127e+014
1.42221e+014
1.66748e+014
1.91929e+014
2.17852e+014
2.44527e+014
2.7193e+014
3.00014e+014
3.28729e+014
3.58017e+014
3.87815e+014
4.18059e+014
4.48676e+014
4.79592e+014
5.10726e+014
5.41995e+014
5.73314e+014
6.04597e+014
6.35758e+014
6.6671e+014
6.9737e+014
7.27655e+014
7.57485e+014
7.86781e+014
8.15467e+014
8.43468e+014
8.70711e+014
8.97125e+014
9.22639e+014
9.47185e+014
9.70696e+014
9.93105e+014
1.01435e+015
1.03436e+015
1.05309e+015
1.07047e+015
1.08646e+015
1.101e+015
1.11404e+015
1.12554e+015
1.13548e+015
1.1438e+015
1.1505e+015
1.15555e+015
1.15894e+015
1.16066e+015
1.16073e+015
1.15914e+015
1.1559e+015
1.15103e+015
1.14458e+015
1.13658e+015
1.12709e+015
1.11616e+015
1.10387e+015
1.0903e+015
1.07552e+015
1.05963e+015
1.04273e+015
1.0249e+015
1.00627e+015
9.86925e+014
9.66978e+014
9.46533e+014
9.25693e+014
9.04562e+014
8.83236e+014
8.61809e+014
8.40368e+014
8.18993e+014
7.97758e+014
7.76726e+014
7.55952e+014
7.35482e+014
7.15351e+014
6.95581e+014
6.76187e+014
6.57171e+014
6.38521e+014
6.20216e+014
6.02224e+014
5.84499e+014
5.66986e+014
5.49617e+014
5.32317e+014
5.14999e+014
4.97573e+014
4.79938e+014
4.61991e+014
4.43625e+014
4.24727e+014
4.05176e+014
3.84841e+014
3.63582e+014
3.4126e+014
3.17775e+014
2.93091e+014
2.67385e+014
2.40887e+014
2.13958e+014
1.87112e+014
1.61083e+014
1.37135e+014
1.17772e+014
1.06218e+014
1.04566e+014
1.1268e+014
1.27777e+014
1.48041e+014
1.72621e+014
2.01113e+014
2.33596e+014
2.70358e+014
3.11811e+014
3.58447e+014
4.10817e+014
4.6955e+014
5.35335e+014
6.0891e+014
6.91048e+014
7.82545e+014
8.84206e+014
9.96824e+014
1.12116e+015
1.25794e+015
1.40778e+015
1.57123e+015
1.74867e+015
1.94035e+015
2.14634e+015
2.36652e+015
2.60056e+015
2.84791e+015
3.10784e+015
3.37941e+015
3.66148e+015
3.95278e+015
4.25187e+015
4.55722e+015
4.86721e+015
5.18015e+015
5.49428e+015
5.80783e+015
6.11909e+015
6.42636e+015
6.72802e+015
7.02251e+015
7.30834e+015
7.58409e+015
7.84844e+015
8.10011e+015
8.33794e+015
8.56083e+015
8.76774e+015
8.95771e+015
9.12981e+015
9.28317e+015
9.41692e+015
9.53025e+015
9.62235e+015
9.69246e+015
9.73983e+015
9.76377e+015
9.76366e+015
9.73895e+015
9.69017e+015
9.61702e+015
9.5194e+015
9.39743e+015
9.25142e+015
9.08185e+015
8.88944e+015
8.67504e+015
8.43971e+015
8.1847e+015
7.91139e+015
7.6213e+015
7.31608e+015
6.99741e+015
6.66703e+015
6.32668e+015
5.97803e+015
5.62268e+015
5.26211e+015
4.89763e+015
4.53035e+015
4.16109e+015
3.7904e+015
3.41848e+015
3.04518e+015
2.67003e+015
2.29248e+015
1.91258e+015
1.53205e+015
1.15419e+015
7.88857e+014
4.36629e+014
4.03304e+013
6.23044e+013
8.5359e+013
1.08028e+014
1.30607e+014
1.53414e+014
1.76646e+014
2.00398e+014
2.24701e+014
2.49559e+014
2.74961e+014
3.00887e+014
3.27312e+014
3.54201e+014
3.81516e+014
4.09207e+014
4.37218e+014
4.65487e+014
4.93947e+014
5.22523e+014
5.51142e+014
5.79726e+014
6.08196e+014
6.36476e+014
6.64486e+014
6.92151e+014
7.19393e+014
7.46138e+014
7.72311e+014
7.97838e+014
8.22647e+014
8.46665e+014
8.69823e+014
8.9205e+014
9.13279e+014
9.33443e+014
9.52479e+014
9.70325e+014
9.86924e+014
1.00222e+015
1.01617e+015
1.02871e+015
1.03982e+015
1.04945e+015
1.05758e+015
1.06417e+015
1.06922e+015
1.0727e+015
1.07463e+015
1.07501e+015
1.07382e+015
1.07109e+015
1.06683e+015
1.06107e+015
1.05385e+015
1.04522e+015
1.03524e+015
1.02397e+015
1.01149e+015
9.97883e+014
9.83226e+014
9.67612e+014
9.51138e+014
9.33902e+014
9.16001e+014
8.97538e+014
8.78611e+014
8.59319e+014
8.39757e+014
8.20018e+014
8.00188e+014
7.8035e+014
7.60579e+014
7.4094e+014
7.21494e+014
7.0229e+014
6.83368e+014
6.64758e+014
6.4648e+014
6.28542e+014
6.10941e+014
5.93663e+014
5.76683e+014
5.59963e+014
5.43453e+014
5.27092e+014
5.10807e+014
4.94514e+014
4.7812e+014
4.61519e+014
4.44599e+014
4.27239e+014
4.0931e+014
3.90673e+014
3.71179e+014
3.50664e+014
3.28965e+014
3.05948e+014
2.81618e+014
2.56037e+014
2.29765e+014
2.03349e+014
1.77385e+014
1.52087e+014
1.28207e+014
1.07569e+014
9.42131e+013
9.1557e+013
9.8935e+013
1.1315e+014
1.32106e+014
1.54826e+014
1.81002e+014
2.10635e+014
2.43934e+014
2.81231e+014
3.22932e+014
3.69508e+014
4.21481e+014
4.79423e+014
5.43959e+014
6.15751e+014
6.95491e+014
7.83892e+014
8.81672e+014
9.89538e+014
1.10817e+015
1.23819e+015
1.38017e+015
1.53454e+015
1.70165e+015
1.88168e+015
2.07467e+015
2.28045e+015
2.49869e+015
2.72884e+015
2.97019e+015
3.22184e+015
3.4827e+015
3.75156e+015
4.02708e+015
4.3078e+015
4.59221e+015
4.87871e+015
5.16569e+015
5.45152e+015
5.73463e+015
6.01346e+015
6.2865e+015
6.55232e+015
6.80956e+015
7.05692e+015
7.29317e+015
7.51717e+015
7.72785e+015
7.9242e+015
8.10527e+015
8.2702e+015
8.41813e+015
8.54828e+015
8.65989e+015
8.75224e+015
8.82464e+015
8.87643e+015
8.90702e+015
8.91588e+015
8.90256e+015
8.86673e+015
8.80931e+015
8.72976e+015
8.62796e+015
8.50403e+015
8.35833e+015
8.19139e+015
8.00393e+015
7.79684e+015
7.57118e+015
7.32815e+015
7.06909e+015
6.79545e+015
6.50874e+015
6.2105e+015
5.90231e+015
5.58566e+015
5.26202e+015
4.93274e+015
4.59902e+015
4.26192e+015
3.9223e+015
3.58079e+015
3.23779e+015
2.89351e+015
2.54798e+015
2.20139e+015
1.85421e+015
1.50769e+015
1.16349e+015
8.23146e+014
5.09417e+014
2.26428e+014
3.42709e+013
5.34853e+013
7.47116e+013
9.57203e+013
1.16607e+014
1.37537e+014
1.58654e+014
1.80044e+014
2.01755e+014
2.23816e+014
2.46249e+014
2.69066e+014
2.92273e+014
3.15868e+014
3.39836e+014
3.64152e+014
3.88783e+014
4.13686e+014
4.38808e+014
4.64093e+014
4.89481e+014
5.14905e+014
5.40299e+014
5.65594e+014
5.90721e+014
6.15609e+014
6.40187e+014
6.64384e+014
6.88128e+014
7.11349e+014
7.33974e+014
7.55933e+014
7.77154e+014
7.97568e+014
8.17106e+014
8.35701e+014
8.53289e+014
8.69809e+014
8.85202e+014
8.99415e+014
9.12398e+014
9.24104e+014
9.34495e+014
9.43535e+014
9.51195e+014
9.57453e+014
9.62292e+014
9.65701e+014
9.6768e+014
9.68236e+014
9.67383e+014
9.65104e+014
9.6142e+014
9.56357e+014
9.49953e+014
9.42253e+014
9.3331e+014
9.23186e+014
9.11949e+014
8.99676e+014
8.86446e+014
8.72345e+014
8.57461e+014
8.41885e+014
8.25711e+014
8.09031e+014
7.91938e+014
7.74521e+014
7.5687e+014
7.39068e+014
7.21196e+014
7.03327e+014
6.85529e+014
6.67862e+014
6.50379e+014
6.33122e+014
6.16127e+014
5.99416e+014
5.83006e+014
5.66898e+014
5.51087e+014
5.35553e+014
5.20267e+014
5.05187e+014
4.90259e+014
4.75417e+014
4.60584e+014
4.45667e+014
4.30562e+014
4.15155e+014
3.99315e+014
3.82902e+014
3.65762e+014
3.47725e+014
3.28606e+014
3.08207e+014
2.8635e+014
2.62955e+014
2.38184e+014
2.12582e+014
1.87077e+014
1.62439e+014
1.38819e+014
1.15876e+014
9.51093e+013
8.01956e+013
7.69729e+013
8.33321e+013
9.60964e+013
1.13061e+014
1.33272e+014
1.56414e+014
1.82479e+014
2.11616e+014
2.44069e+014
2.80151e+014
3.2023e+014
3.64723e+014
4.14087e+014
4.68827e+014
5.29486e+014
5.96639e+014
6.70891e+014
7.5286e+014
8.4317e+014
9.42437e+014
1.05125e+015
1.17015e+015
1.29961e+015
1.44003e+015
1.59168e+015
1.75472e+015
1.92915e+015
2.11482e+015
2.3114e+015
2.51842e+015
2.7352e+015
2.96092e+015
3.19462e+015
3.43519e+015
3.68141e+015
3.93197e+015
4.1855e+015
4.44056e+015
4.69569e+015
4.94944e+015
5.20037e+015
5.44709e+015
5.68823e+015
5.9225e+015
6.14864e+015
6.36548e+015
6.57191e+015
6.76688e+015
6.94941e+015
7.11858e+015
7.27354e+015
7.41349e+015
7.53766e+015
7.64536e+015
7.73593e+015
7.80876e+015
7.86328e+015
7.899e+015
7.91546e+015
7.91231e+015
7.88933e+015
7.84649e+015
7.78471e+015
7.70332e+015
7.60221e+015
7.48153e+015
7.34165e+015
7.18314e+015
7.00672e+015
6.81326e+015
6.60378e+015
6.37942e+015
6.14141e+015
5.89107e+015
5.62973e+015
5.35875e+015
5.07945e+015
4.79311e+015
4.50091e+015
4.20393e+015
3.90315e+015
3.5994e+015
3.29337e+015
2.9856e+015
2.67653e+015
2.36649e+015
2.05573e+015
1.74464e+015
1.43388e+015
1.12499e+015
8.18976e+014
5.26485e+014
2.78787e+014
8.38827e+013
2.59375e+013
4.33635e+013
6.25442e+013
8.16826e+013
1.00649e+014
1.19458e+014
1.38197e+014
1.56946e+014
1.75765e+014
1.94711e+014
2.13837e+014
2.33187e+014
2.52795e+014
2.72686e+014
2.92871e+014
3.13347e+014
3.34103e+014
3.55115e+014
3.76351e+014
3.97771e+014
4.19331e+014
4.40981e+014
4.62668e+014
4.84337e+014
5.05928e+014
5.27383e+014
5.48639e+014
5.69631e+014
5.90296e+014
6.10566e+014
6.30373e+014
6.49651e+014
6.68329e+014
6.86341e+014
7.03619e+014
7.20098e+014
7.35714e+014
7.50407e+014
7.6412e+014
7.76801e+014
7.88401e+014
7.98878e+014
8.08192e+014
8.16311e+014
8.2321e+014
8.28865e+014
8.33263e+014
8.36396e+014
8.38262e+014
8.38869e+014
8.3824e+014
8.36352e+014
8.33216e+014
8.28856e+014
8.23304e+014
8.166e+014
8.08795e+014
7.99944e+014
7.90112e+014
7.79368e+014
7.67786e+014
7.55445e+014
7.42423e+014
7.28805e+014
7.14674e+014
7.00113e+014
6.85207e+014
6.70034e+014
6.54674e+014
6.392e+014
6.23683e+014
6.08188e+014
5.92773e+014
5.77489e+014
5.62381e+014
5.47483e+014
5.32824e+014
5.18421e+014
5.04282e+014
4.90405e+014
4.7678e+014
4.63382e+014
4.50179e+014
4.37125e+014
4.24164e+014
4.11224e+014
3.98223e+014
3.85063e+014
3.71632e+014
3.57801e+014
3.43425e+014
3.28342e+014
3.12371e+014
2.95309e+014
2.76935e+014
2.5703e+014
2.35451e+014
2.12303e+014
1.88111e+014
1.63946e+014
1.41083e+014
1.19763e+014
9.92583e+013
7.85998e+013
6.48123e+013
6.10292e+013
6.62898e+013
7.71035e+013
9.14251e+013
1.08418e+014
1.27823e+014
1.49619e+014
1.73901e+014
2.00834e+014
2.30635e+014
2.63568e+014
2.99938e+014
3.40091e+014
3.84407e+014
4.33306e+014
4.8724e+014
5.46688e+014
6.12154e+014
6.84156e+014
7.63215e+014
8.49847e+014
9.44546e+014
1.04777e+015
1.15992e+015
1.28132e+015
1.41222e+015
1.55275e+015
1.70291e+015
1.86258e+015
2.03151e+015
2.20928e+015
2.39534e+015
2.589e+015
2.78945e+015
2.99574e+015
3.20684e+015
3.42164e+015
3.63895e+015
3.85754e+015
4.07616e+015
4.29354e+015
4.50844e+015
4.71963e+015
4.92591e+015
5.12613e+015
5.31917e+015
5.50398e+015
5.67956e+015
5.84494e+015
5.99925e+015
6.14164e+015
6.27133e+015
6.38758e+015
6.48972e+015
6.57711e+015
6.6492e+015
6.70547e+015
6.74549e+015
6.76888e+015
6.77537e+015
6.76471e+015
6.73677e+015
6.69287e+015
6.63246e+015
6.55512e+015
6.46082e+015
6.34977e+015
6.22236e+015
6.07915e+015
5.92084e+015
5.74826e+015
5.56235e+015
5.36412e+015
5.15467e+015
4.93513e+015
4.70663e+015
4.47029e+015
4.22715e+015
3.97822e+015
3.72437e+015
3.46639e+015
3.20498e+015
2.94072e+015
2.67414e+015
2.40568e+015
2.1358e+015
1.86493e+015
1.5935e+015
1.32212e+015
1.05032e+015
7.80219e+014
5.18207e+014
2.87078e+014
1.17399e+014
2.0144e+013
1.57803e+013
3.24996e+013
4.95429e+013
6.6405e+013
8.29227e+013
9.90446e+013
1.14836e+014
1.30386e+014
1.4577e+014
1.61073e+014
1.76371e+014
1.91734e+014
2.07217e+014
2.22862e+014
2.387e+014
2.54748e+014
2.71012e+014
2.87488e+014
3.04164e+014
3.21019e+014
3.38028e+014
3.55158e+014
3.72376e+014
3.8964e+014
4.06907e+014
4.24132e+014
4.41265e+014
4.58252e+014
4.75039e+014
4.91567e+014
5.07776e+014
5.23605e+014
5.38991e+014
5.53871e+014
5.68181e+014
5.81861e+014
5.9485e+014
6.07093e+014
6.18536e+014
6.29129e+014
6.38828e+014
6.47594e+014
6.55392e+014
6.62192e+014
6.67971e+014
6.72711e+014
6.764e+014
6.79032e+014
6.80606e+014
6.8113e+014
6.80628e+014
6.79089e+014
6.76502e+014
6.72886e+014
6.68269e+014
6.62686e+014
6.56185e+014
6.48816e+014
6.40636e+014
6.31708e+014
6.22097e+014
6.1187e+014
6.01098e+014
5.89851e+014
5.78201e+014
5.66221e+014
5.5398e+014
5.41545e+014
5.28982e+014
5.16353e+014
5.03713e+014
4.91117e+014
4.7861e+014
4.66234e+014
4.54022e+014
4.42e+014
4.30188e+014
4.18595e+014
4.07223e+014
3.96065e+014
3.85105e+014
3.74317e+014
3.63663e+014
3.53097e+014
3.42558e+014
3.31976e+014
3.21264e+014
3.10321e+014
2.99029e+014
2.8725e+014
2.74826e+014
2.6158e+014
2.4731e+014
2.31796e+014
2.14806e+014
1.96153e+014
1.7585e+014
1.54451e+014
1.32848e+014
1.12271e+014
9.38375e+013
7.59015e+013
5.92198e+013
4.74727e+013
4.43612e+013
4.84771e+013
5.68865e+013
6.79238e+013
8.09898e+013
9.59138e+013
1.12683e+014
1.31353e+014
1.52021e+014
1.74818e+014
1.99908e+014
2.27489e+014
2.57788e+014
2.91067e+014
3.27618e+014
3.67763e+014
4.11847e+014
4.60244e+014
5.13341e+014
5.71543e+014
6.35258e+014
7.0489e+014
7.80829e+014
8.63438e+014
9.53042e+014
1.04991e+015
1.15424e+015
1.26616e+015
1.3857e+015
1.5128e+015
1.64726e+015
1.78882e+015
1.93706e+015
2.09147e+015
2.25145e+015
2.41628e+015
2.58517e+015
2.75725e+015
2.93161e+015
3.10727e+015
3.28324e+015
3.4585e+015
3.63205e+015
3.80286e+015
3.96996e+015
4.13235e+015
4.28911e+015
4.43931e+015
4.58208e+015
4.71658e+015
4.84201e+015
4.95762e+015
5.06267e+015
5.15651e+015
5.23852e+015
5.30812e+015
5.36483e+015
5.40822e+015
5.43794e+015
5.45375e+015
5.45552e+015
5.44322e+015
5.41692e+015
5.37831e+015
5.32618e+015
5.26019e+015
5.18039e+015
5.08701e+015
4.98044e+015
4.86122e+015
4.72998e+015
4.58747e+015
4.43449e+015
4.2719e+015
4.1006e+015
3.9215e+015
3.73547e+015
3.54336e+015
3.34592e+015
3.14383e+015
2.93763e+015
2.72774e+015
2.51441e+015
2.29781e+015
2.07803e+015
1.85515e+015
1.6293e+015
1.40079e+015
1.17034e+015
9.37551e+014
7.02258e+014
4.74086e+014
2.73129e+014
1.21298e+014
3.44501e+013
2.94039e+012
8.36142e+012
2.18867e+013
3.5529e+013
4.88678e+013
6.16016e+013
7.36984e+013
8.5261e+013
9.64205e+013
1.07263e+014
1.17883e+014
1.28368e+014
1.38789e+014
1.49204e+014
1.5966e+014
1.70195e+014
1.80838e+014
1.91607e+014
2.02515e+014
2.13566e+014
2.24761e+014
2.36094e+014
2.47552e+014
2.59123e+014
2.70784e+014
2.82513e+014
2.9428e+014
3.06053e+014
3.17795e+014
3.29464e+014
3.41018e+014
3.52409e+014
3.63586e+014
3.745e+014
3.85096e+014
3.95324e+014
4.0513e+014
4.14464e+014
4.23279e+014
4.31529e+014
4.39174e+014
4.46175e+014
4.52501e+014
4.58124e+014
4.63021e+014
4.67172e+014
4.70566e+014
4.73192e+014
4.75049e+014
4.76135e+014
4.76458e+014
4.76031e+014
4.74892e+014
4.72977e+014
4.70301e+014
4.6689e+014
4.62774e+014
4.57994e+014
4.52593e+014
4.46618e+014
4.40117e+014
4.33141e+014
4.25742e+014
4.17972e+014
4.09888e+014
4.01543e+014
3.92991e+014
3.84282e+014
3.75465e+014
3.66586e+014
3.5769e+014
3.48815e+014
3.39999e+014
3.31273e+014
3.22664e+014
3.14192e+014
3.05874e+014
2.97718e+014
2.89728e+014
2.81898e+014
2.74218e+014
2.66668e+014
2.59222e+014
2.51844e+014
2.44488e+014
2.371e+014
2.29614e+014
2.21949e+014
2.14012e+014
2.05691e+014
1.96856e+014
1.87359e+014
1.77034e+014
1.65702e+014
1.5318e+014
1.39298e+014
1.23971e+014
1.07567e+014
9.13183e+013
7.50653e+013
5.88941e+013
4.59316e+013
3.53822e+013
2.85468e+013
2.72999e+013
3.04114e+013
3.60335e+013
4.32391e+013
5.17157e+013
6.1396e+013
7.22906e+013
8.4436e+013
9.78853e+013
1.12706e+014
1.28982e+014
1.46814e+014
1.66325e+014
1.87658e+014
2.10976e+014
2.36469e+014
2.64343e+014
2.94821e+014
3.28146e+014
3.64573e+014
4.04368e+014
4.478e+014
4.95141e+014
5.46653e+014
6.02582e+014
6.63154e+014
7.2856e+014
7.98953e+014
8.74437e+014
9.5506e+014
1.04081e+015
1.1316e+015
1.22729e+015
1.32764e+015
1.43238e+015
1.54112e+015
1.65344e+015
1.76886e+015
1.88683e+015
2.00676e+015
2.12803e+015
2.24999e+015
2.37196e+015
2.49325e+015
2.61315e+015
2.73097e+015
2.846e+015
2.95756e+015
3.06495e+015
3.1675e+015
3.26457e+015
3.3555e+015
3.43967e+015
3.51649e+015
3.58539e+015
3.64581e+015
3.69728e+015
3.73936e+015
3.77167e+015
3.79391e+015
3.80591e+015
3.80762e+015
3.79916e+015
3.7825e+015
3.7568e+015
3.72132e+015
3.67591e+015
3.6207e+015
3.55592e+015
3.48191e+015
3.39906e+015
3.30789e+015
3.20895e+015
3.10285e+015
2.99023e+015
2.87171e+015
2.74789e+015
2.61935e+015
2.48659e+015
2.34998e+015
2.20982e+015
2.06625e+015
1.91922e+015
1.7685e+015
1.61364e+015
1.45409e+015
1.28916e+015
1.11828e+015
9.41171e+014
7.5849e+014
5.70303e+014
3.85912e+014
2.24053e+014
1.03664e+014
3.30157e+013
5.68035e+012
2.04035e+011
4.38023e+012
8.58786e+012
1.48144e+013
2.1049e+013
2.66546e+013
3.17337e+013
3.63963e+013
4.06551e+013
4.4672e+013
4.85104e+013
5.22114e+013
5.58096e+013
5.9333e+013
6.28059e+013
6.62502e+013
6.96852e+013
7.31278e+013
7.65929e+013
8.00935e+013
8.36411e+013
8.72445e+013
9.09118e+013
9.46478e+013
9.84544e+013
1.0233e+014
1.06271e+014
1.10268e+014
1.1431e+014
1.18383e+014
1.22469e+014
1.26547e+014
1.30595e+014
1.3459e+014
1.38505e+014
1.42314e+014
1.45991e+014
1.49511e+014
1.52849e+014
1.55981e+014
1.58888e+014
1.61551e+014
1.63953e+014
1.66082e+014
1.67926e+014
1.69477e+014
1.7073e+014
1.71681e+014
1.7233e+014
1.72678e+014
1.72727e+014
1.72479e+014
1.71996e+014
1.71294e+014
1.70333e+014
1.69105e+014
1.67614e+014
1.65873e+014
1.639e+014
1.61712e+014
1.59328e+014
1.56768e+014
1.54052e+014
1.512e+014
1.48233e+014
1.45171e+014
1.42036e+014
1.38846e+014
1.3562e+014
1.32375e+014
1.29128e+014
1.25894e+014
1.22685e+014
1.19515e+014
1.16392e+014
1.13325e+014
1.10319e+014
1.07377e+014
1.045e+014
1.01686e+014
9.89301e+013
9.62239e+013
9.35566e+013
9.09136e+013
8.82764e+013
8.56226e+013
8.29252e+013
8.01518e+013
7.72642e+013
7.42165e+013
7.09554e+013
6.74187e+013
6.35362e+013
5.923e+013
5.44155e+013
4.90026e+013
4.29023e+013
3.60894e+013
2.84588e+013
2.01294e+013
1.506e+013
1.23227e+013
1.14617e+013
1.21833e+013
1.40849e+013
1.67231e+013
1.9872e+013
2.34515e+013
2.74414e+013
3.18442e+013
3.66734e+013
4.19493e+013
4.76989e+013
5.39552e+013
6.07577e+013
6.81526e+013
7.61928e+013
8.49386e+013
9.44567e+013
1.04821e+014
1.1611e+014
1.28409e+014
1.41808e+014
1.56399e+014
1.72277e+014
1.89535e+014
2.08265e+014
2.28553e+014
2.50478e+014
2.74109e+014
2.99501e+014
3.26694e+014
3.5571e+014
3.86548e+014
4.19189e+014
4.53588e+014
4.89677e+014
5.27364e+014
5.66533e+014
6.07045e+014
6.48742e+014
6.91445e+014
7.3496e+014
7.79078e+014
8.23576e+014
8.68223e+014
9.1278e+014
9.56999e+014
1.00063e+015
1.04343e+015
1.08514e+015
1.1255e+015
1.16428e+015
1.20122e+015
1.23607e+015
1.26861e+015
1.2986e+015
1.32584e+015
1.35012e+015
1.37127e+015
1.38918e+015
1.40378e+015
1.41506e+015
1.42316e+015
1.42837e+015
1.4312e+015
1.43249e+015
1.43155e+015
1.42687e+015
1.41831e+015
1.40576e+015
1.38939e+015
1.36925e+015
1.34558e+015
1.31848e+015
1.28813e+015
1.25468e+015
1.21835e+015
1.17934e+015
1.13783e+015
1.09398e+015
1.04788e+015
9.99597e+014
9.49106e+014
8.9632e+014
8.41066e+014
7.83075e+014
7.21965e+014
6.57199e+014
5.88052e+014
5.13905e+014
4.34378e+014
3.49543e+014
2.60668e+014
1.7147e+014
9.57569e+013
4.27875e+013
1.42901e+013
2.97987e+012
2.33745e+011
3.32873e+009
)
;

boundaryField
{
    walls
    {
        type            kqRWallFunction;
        value           nonuniform List<scalar> 
400
(
5.47352e+012
5.26609e+012
6.05076e+012
8.51727e+012
1.27119e+013
1.76376e+013
2.31113e+013
2.89525e+013
3.50528e+013
4.13288e+013
4.77053e+013
5.41146e+013
6.04976e+013
6.68044e+013
7.29941e+013
7.90327e+013
8.48936e+013
9.05572e+013
9.60099e+013
1.01244e+014
1.06256e+014
1.11047e+014
1.15622e+014
1.19986e+014
1.24149e+014
1.28119e+014
1.31907e+014
1.35522e+014
1.38974e+014
1.42269e+014
1.45415e+014
1.48416e+014
1.51274e+014
1.5399e+014
1.56562e+014
1.58987e+014
1.61259e+014
1.63369e+014
1.65309e+014
1.67069e+014
1.68636e+014
1.7e+014
1.71151e+014
1.72089e+014
1.72829e+014
1.73429e+014
1.73823e+014
1.73992e+014
1.73928e+014
1.73626e+014
1.73082e+014
1.72293e+014
1.71259e+014
1.69979e+014
1.68457e+014
1.66696e+014
1.64703e+014
1.62484e+014
1.6005e+014
1.5741e+014
1.54578e+014
1.51568e+014
1.48395e+014
1.45077e+014
1.41631e+014
1.38078e+014
1.34436e+014
1.30727e+014
1.26972e+014
1.23192e+014
1.1941e+014
1.15645e+014
1.11921e+014
1.08256e+014
1.04671e+014
1.01184e+014
9.78133e+013
9.45742e+013
9.14816e+013
8.85484e+013
8.57861e+013
8.32045e+013
8.08119e+013
7.86148e+013
7.66178e+013
7.48236e+013
7.32343e+013
7.18512e+013
7.06742e+013
6.97019e+013
6.89318e+013
6.83591e+013
6.79778e+013
6.77793e+013
6.77528e+013
6.78845e+013
6.81577e+013
6.8552e+013
6.90432e+013
6.96032e+013
7.01995e+013
7.0793e+013
7.13326e+013
7.17323e+013
7.18145e+013
7.15904e+013
7.12604e+013
7.09532e+013
7.06433e+013
7.0186e+013
6.94586e+013
6.84932e+013
6.73654e+013
6.61227e+013
6.48076e+013
6.34646e+013
6.21375e+013
6.08681e+013
5.96977e+013
5.86685e+013
5.78244e+013
5.72146e+013
5.68968e+013
5.69452e+013
5.74579e+013
5.85676e+013
6.04541e+013
6.33596e+013
6.76007e+013
7.35721e+013
8.17358e+013
9.25899e+013
1.06621e+014
1.24252e+014
1.45798e+014
1.71447e+014
2.01255e+014
2.35164e+014
2.73021e+014
3.14596e+014
3.59605e+014
4.07717e+014
4.58566e+014
5.11757e+014
5.66874e+014
6.23487e+014
6.81154e+014
7.3943e+014
7.97874e+014
8.56048e+014
9.13526e+014
9.69895e+014
1.02476e+015
1.07777e+015
1.12857e+015
1.17685e+015
1.22234e+015
1.2648e+015
1.30403e+015
1.33988e+015
1.37221e+015
1.40096e+015
1.42606e+015
1.44749e+015
1.46527e+015
1.47941e+015
1.48996e+015
1.49695e+015
1.50045e+015
1.50052e+015
1.4973e+015
1.49167e+015
1.48525e+015
1.47704e+015
1.46638e+015
1.45283e+015
1.43612e+015
1.41608e+015
1.39263e+015
1.36577e+015
1.33551e+015
1.30193e+015
1.26513e+015
1.22526e+015
1.18249e+015
1.137e+015
1.08903e+015
1.03882e+015
9.86644e+014
9.32808e+014
8.77624e+014
8.21425e+014
7.6456e+014
7.07383e+014
6.50259e+014
5.93529e+014
5.37588e+014
4.82664e+014
4.29466e+014
3.79466e+014
4.38023e+012
8.58786e+012
1.48144e+013
2.1049e+013
2.66546e+013
3.17337e+013
3.63963e+013
4.06551e+013
4.4672e+013
4.85104e+013
5.22114e+013
5.58096e+013
5.9333e+013
6.28059e+013
6.62502e+013
6.96852e+013
7.31278e+013
7.65929e+013
8.00935e+013
8.36411e+013
8.72445e+013
9.09118e+013
9.46478e+013
9.84544e+013
1.0233e+014
1.06271e+014
1.10268e+014
1.1431e+014
1.18383e+014
1.22469e+014
1.26547e+014
1.30595e+014
1.3459e+014
1.38505e+014
1.42314e+014
1.45991e+014
1.49511e+014
1.52849e+014
1.55981e+014
1.58888e+014
1.61551e+014
1.63953e+014
1.66082e+014
1.67926e+014
1.69477e+014
1.7073e+014
1.71681e+014
1.7233e+014
1.72678e+014
1.72727e+014
1.72479e+014
1.71996e+014
1.71294e+014
1.70333e+014
1.69105e+014
1.67614e+014
1.65873e+014
1.639e+014
1.61712e+014
1.59328e+014
1.56768e+014
1.54052e+014
1.512e+014
1.48233e+014
1.45171e+014
1.42036e+014
1.38846e+014
1.3562e+014
1.32375e+014
1.29128e+014
1.25894e+014
1.22685e+014
1.19515e+014
1.16392e+014
1.13325e+014
1.10319e+014
1.07377e+014
1.045e+014
1.01686e+014
9.89301e+013
9.62239e+013
9.35566e+013
9.09136e+013
8.82764e+013
8.56226e+013
8.29252e+013
8.01518e+013
7.72642e+013
7.42165e+013
7.09554e+013
6.74187e+013
6.35362e+013
5.923e+013
5.44155e+013
4.90026e+013
4.29023e+013
3.60894e+013
2.84588e+013
2.01294e+013
1.506e+013
1.23227e+013
1.14617e+013
1.21833e+013
1.40849e+013
1.67231e+013
1.9872e+013
2.34515e+013
2.74414e+013
3.18442e+013
3.66734e+013
4.19493e+013
4.76989e+013
5.39552e+013
6.07577e+013
6.81526e+013
7.61928e+013
8.49386e+013
9.44567e+013
1.04821e+014
1.1611e+014
1.28409e+014
1.41808e+014
1.56399e+014
1.72277e+014
1.89535e+014
2.08265e+014
2.28553e+014
2.50478e+014
2.74109e+014
2.99501e+014
3.26694e+014
3.5571e+014
3.86548e+014
4.19189e+014
4.53588e+014
4.89677e+014
5.27364e+014
5.66533e+014
6.07045e+014
6.48742e+014
6.91445e+014
7.3496e+014
7.79078e+014
8.23576e+014
8.68223e+014
9.1278e+014
9.56999e+014
1.00063e+015
1.04343e+015
1.08514e+015
1.1255e+015
1.16428e+015
1.20122e+015
1.23607e+015
1.26861e+015
1.2986e+015
1.32584e+015
1.35012e+015
1.37127e+015
1.38918e+015
1.40378e+015
1.41506e+015
1.42316e+015
1.42837e+015
1.4312e+015
1.43249e+015
1.43155e+015
1.42687e+015
1.41831e+015
1.40576e+015
1.38939e+015
1.36925e+015
1.34558e+015
1.31848e+015
1.28813e+015
1.25468e+015
1.21835e+015
1.17934e+015
1.13783e+015
1.09398e+015
1.04788e+015
9.99597e+014
9.49106e+014
8.9632e+014
8.41066e+014
7.83075e+014
7.21965e+014
6.57199e+014
5.88052e+014
5.13905e+014
4.34378e+014
3.49543e+014
2.60668e+014
1.7147e+014
9.57569e+013
4.27875e+013
1.42901e+013
2.97987e+012
2.33745e+011
3.32873e+009
)
;
    }
    inlet
    {
        type            fixedValue;
        value           uniform 0.01;
    }
    outlet
    {
        type            freestream;
        freestreamValue uniform 0.01;
        value           nonuniform List<scalar> 
20
(
3.79466e+014
9.00344e+014
1.36058e+015
1.73669e+015
2.02912e+015
2.22809e+015
2.31889e+015
2.27366e+015
0.01
0.01
0.01
0.01
0.01
0.01
0.01
0.01
0.01
0.01
0.01
0.01
)
;
    }
    frontAndBack
    {
        type            empty;
    }
}


// ************************************************************************* //
