/*--------------------------------*- C++ -*----------------------------------*\
| =========                 |                                                 |
| \\      /  F ield         | OpenFOAM: The Open Source CFD Toolbox           |
|  \\    /   O peration     | Version:  5.x                                   |
|   \\  /    A nd           | Web:      www.OpenFOAM.org                      |
|    \\/     M anipulation  |                                                 |
\*---------------------------------------------------------------------------*/
/*   Windows 32 and 64 bit porting by blueCAPE: http://www.bluecape.com.pt   *\
|  Based on Windows porting (2.0.x v4) by Symscape: http://www.symscape.com   |
\*---------------------------------------------------------------------------*/
FoamFile
{
    version     2.0;
    format      ascii;
    class       surfaceScalarField;
    location    "2000";
    object      phi;
}
// * * * * * * * * * * * * * * * * * * * * * * * * * * * * * * * * * * * * * //

dimensions      [0 3 -1 0 0 0 0];

internalField   nonuniform List<scalar> 
7780
(
50.3819
-50.3819
52.9692
-2.58727
19.124
33.8452
-35.9111
55.0351
-104.788
68.8766
-179.071
74.2833
-251.526
72.4551
-319.831
68.3049
-382.988
63.1571
-440.507
57.5193
-492.206
51.6982
-538.148
45.9425
-578.592
40.4442
-613.914
35.3221
-644.529
30.6142
-670.873
26.3445
-693.4
22.5274
-712.563
19.1623
-728.799
16.2365
-742.527
13.728
-754.136
11.6087
-763.982
9.84603
-772.387
8.40494
-779.636
7.24905
-785.978
6.34172
-791.624
5.64677
-796.754
5.12914
-801.509
4.75541
-806.003
4.49418
-810.32
4.31636
-814.515
4.19547
-818.623
4.10772
-822.655
4.03212
-826.605
3.95056
-830.453
3.84772
-834.164
3.71109
-837.695
3.53077
-840.994
3.29929
-844.006
3.01138
-846.669
2.66368
-848.924
2.25433
-850.706
1.78243
-851.953
1.24708
-852.596
0.64324
-852.59
-0.00636747
-851.927
-0.663043
-850.566
-1.36067
-848.487
-2.07971
-845.668
-2.81821
-842.102
-3.56688
-837.785
-4.31683
-832.726
-5.05919
-826.941
-5.78499
-820.455
-6.48525
-813.304
-7.15113
-805.53
-7.77404
-797.184
-8.34576
-788.326
-8.85862
-779.02
-9.30559
-769.34
-9.68038
-759.362
-9.97762
-749.169
-10.1929
-738.846
-10.3228
-728.481
-10.3654
-718.161
-10.3205
-707.972
-10.1889
-698
-9.97148
-688.328
-9.67182
-679.033
-9.29495
-670.186
-8.84741
-661.849
-8.33733
-654.074
-7.77425
-646.905
-7.16901
-640.372
-6.53373
-634.49
-5.88169
-629.263
-5.2273
-624.676
-4.58623
-620.701
-3.9758
-617.287
-3.41325
-614.372
-2.91496
-611.873
-2.49928
-609.688
-2.18541
-607.694
-1.99371
-605.746
-1.94823
-603.678
-2.06825
-601.307
-2.37081
-598.43
-2.87694
-594.82
-3.61014
-590.224
-4.59602
-584.363
-5.86054
-576.933
-7.4299
-567.603
-9.32993
-556.018
-11.5856
-541.798
-14.2201
-524.544
-17.2539
-503.84
-20.7032
-479.262
-24.5783
-450.379
-28.8827
-416.767
-33.6128
-378.008
-38.759
-333.7
-44.3073
-283.465
-50.2354
-226.971
-56.4936
-164.196
-62.7758
-96.8545
-67.3411
-26.3647
-70.4898
47.6292
-73.9939
124.854
-77.2246
205.667
-80.8137
289.533
-83.8658
374.563
-85.0295
459.496
-84.9333
543.709
-84.2132
626.693
-82.9838
708.044
-81.3506
787.505
-79.4615
864.962
-77.4572
940.414
-75.4518
1013.97
-73.556
1085.85
-71.8768
1156.35
-70.5014
1225.85
-69.4983
1294.75
-68.9057
1363.53
-68.7802
1432.71
-69.1808
1502.85
-70.1343
1574.52
-71.6741
1648.37
-73.8454
1725.07
-76.6989
1805.35
-80.2842
1889.99
-84.6383
1979.76
-89.7714
2075.42
-95.6561
2177.64
-102.222
2287
-109.365
2403.95
-116.949
2528.78
-124.826
2661.61
-132.837
2802.44
-140.823
2951.07
-148.631
3107.18
-156.109
3270.29
-163.116
3439.81
-169.516
3615
-175.187
3795.02
-180.021
3978.94
-183.926
4165.77
-186.831
4354.46
-188.689
4543.94
-189.476
4733.11
-189.173
4920.89
-187.772
5106.18
-185.291
5287.93
-181.758
5465.15
-177.213
5636.85
-171.702
5802.13
-165.284
5960.15
-158.021
6110.14
-149.985
6251.39
-141.252
6383.29
-131.901
6505.31
-122.017
6616.99
-111.68
6717.96
-100.973
6807.93
-89.9691
6886.67
-78.7376
6954.01
-67.3368
7009.82
-55.8152
7054.04
-44.2204
7086.61
-32.5704
7107.52
-20.9018
7116.72
-9.20609
7113.83
2.89228
7098.5
15.3255
7070.87
27.6328
7031.09
39.7765
6979.18
51.9145
6915.08
64.0982
6838.78
76.304
6750.25
88.5243
6649.49
100.759
6536.49
113.004
6411.24
125.251
6273.76
137.483
6124.08
149.676
5962.28
161.799
5788.47
173.809
5602.82
185.658
5405.53
197.286
5196.91
208.624
4977.31
219.595
4747.2
230.111
4507.12
240.084
4257.71
249.404
3999.66
258.048
3733.92
265.747
3460.72
273.201
3181.9
278.819
2894.23
287.667
2597.44
296.789
319.535
1.69382
-52.0756
-20.6882
19.7947
-59.3041
72.4611
-110.68
106.411
-166.332
124.528
-222.824
130.776
-279.57
129.2
-334.643
123.378
-386.606
115.12
-434.665
105.578
-478.466
95.4998
-517.928
85.4046
-553.118
75.6343
-584.199
66.4023
-611.428
57.8432
-635.123
50.04
-655.628
43.032
-673.291
36.8254
-688.457
31.4025
-701.458
26.7287
-712.606
22.7573
-722.194
19.4337
-730.487
16.6977
-737.724
14.4862
-744.117
12.735
-749.85
11.3798
-755.079
10.3576
-759.931
9.60819
-764.511
9.07411
-768.897
8.70194
-773.144
8.44258
-777.288
8.25164
-781.345
8.08968
-785.317
7.92235
-789.19
7.72044
-792.939
7.45982
-796.529
7.1212
-799.92
6.68981
-803.063
6.15509
-805.91
5.51032
-808.408
4.75222
-810.506
3.88065
-812.157
2.89825
-813.325
1.81068
-813.965
0.634381
-814.027
-0.601936
-813.489
-1.89836
-812.32
-3.24878
-810.499
-4.63909
-808.013
-6.05312
-804.855
-7.4749
-801.026
-8.88819
-796.534
-10.2765
-791.396
-11.6234
-785.635
-12.9123
-779.281
-14.1274
-772.374
-15.2533
-764.957
-16.2756
-757.081
-17.181
-748.804
-17.9575
-740.187
-18.5949
-731.295
-19.0844
-722.199
-19.4196
-712.968
-19.5959
-703.678
-19.6105
-694.403
-19.4639
-685.215
-19.1595
-676.184
-18.7023
-667.379
-18.1003
-658.862
-17.3644
-650.691
-16.5085
-642.916
-15.5488
-635.581
-14.5043
-628.719
-13.3962
-622.352
-12.248
-616.494
-11.0855
-611.144
-9.93674
-606.287
-8.83194
-601.898
-7.80263
-597.931
-6.8816
-594.327
-6.10409
-591.004
-5.50753
-587.867
-5.13167
-584.796
-5.01878
-581.655
-5.20942
-578.282
-5.74369
-574.493
-6.66622
-570.077
-8.02565
-564.799
-9.87385
-558.395
-12.2646
-550.573
-15.252
-541.014
-18.8893
-529.372
-23.2272
-515.28
-28.312
-498.352
-34.1825
-478.188
-40.8668
-454.388
-48.3788
-426.557
-56.7132
-394.328
-65.8417
-357.38
-75.707
-315.472
-86.2152
-268.49
-97.2177
-216.511
-108.473
-159.752
-119.535
-97.6041
-129.488
-29.8575
-138.236
42.2908
-146.142
118.012
-152.946
195.982
-158.784
275.51
-163.393
356.571
-166.091
438.649
-167.012
521.009
-166.574
603.006
-164.98
684.107
-162.451
763.917
-159.272
842.188
-155.728
918.827
-152.091
993.886
-148.615
1067.54
-145.529
1140.07
-143.028
1211.84
-141.272
1283.32
-140.388
1355.05
-140.506
1427.61
-141.741
1501.65
-144.181
1577.89
-147.908
1657.04
-152.993
1739.82
-159.48
1826.91
-167.376
1918.92
-176.649
2016.37
-187.22
2119.68
-198.97
2229.2
-211.737
2345.16
-225.323
2467.71
-239.501
2596.9
-254.023
2732.69
-268.619
2874.88
-283.014
3023.18
-296.929
3177.16
-310.093
3336.3
-322.25
3499.94
-333.161
3667.36
-342.606
3837.74
-350.399
4010.2
-356.39
4183.84
-360.474
4357.72
-362.567
4530.85
-362.601
4702.24
-360.565
4870.95
-356.479
5036.04
-350.385
5196.63
-342.344
5351.85
-332.437
5500.91
-320.762
5643.06
-307.432
5777.61
-292.576
5903.96
-276.333
6021.56
-258.853
6129.95
-240.292
6228.74
-220.807
6317.62
-200.554
6396.32
-179.682
6464.68
-158.325
6522.55
-136.605
6569.84
-114.627
6606.5
-92.4778
6632.53
-70.2463
6647.99
-48.0297
6653.02
-25.9387
6647.34
-3.52241
6631.12
19.1114
6604.58
41.866
6567.57
64.6385
6519.95
87.4026
6461.68
110.182
6392.78
132.996
6313.24
155.85
6223.02
178.742
6122.11
201.667
6010.5
224.61
5888.21
247.546
5755.25
270.438
5611.69
293.237
5457.61
315.88
5293.13
338.289
5118.42
360.369
4933.7
382.008
4739.25
403.074
4535.42
423.419
4322.66
442.877
4101.48
461.263
3872.48
478.395
3636.45
494.087
3394.01
508.18
3146.56
520.653
2893.73
531.653
2639.95
541.441
2382.07
554.671
567.124
-29.6788
-22.3967
-65.2522
55.3681
-105.848
113.057
-150.039
150.602
-196.006
170.495
-242.603
177.373
-288.948
175.546
-333.936
168.366
-376.721
157.905
-416.725
145.582
-453.611
132.387
-487.223
119.017
-517.539
105.95
-544.64
93.5031
-568.68
81.883
-589.859
71.2194
-608.408
61.581
-624.574
52.9914
-638.612
45.4404
-650.776
38.893
-661.315
33.2958
-670.464
28.5827
-678.444
24.6781
-685.459
21.5007
-691.69
18.966
-697.298
16.9882
-702.423
15.4825
-707.181
14.3662
-711.667
13.5603
-715.956
12.9906
-720.102
12.5883
-724.141
12.291
-728.094
12.0425
-731.965
11.7939
-735.748
11.5032
-739.424
11.1354
-742.965
10.6625
-746.338
10.0626
-749.503
9.32014
-752.418
8.42499
-755.038
7.37227
-757.319
6.16202
-759.22
4.79886
-760.701
3.29215
-761.725
1.65837
-762.247
-0.0804495
-762.237
-1.9083
-761.673
-3.81294
-760.534
-5.77761
-758.805
-7.78188
-756.476
-9.80391
-753.543
-11.8211
-750.009
-13.8105
-745.884
-15.7489
-741.183
-17.6134
-735.929
-19.3816
-730.15
-21.0317
-723.882
-22.5434
-717.166
-23.8977
-710.046
-25.0776
-702.572
-26.0681
-694.8
-26.8567
-686.786
-27.4333
-678.591
-27.791
-670.276
-27.9254
-661.905
-27.8355
-653.54
-27.5245
-645.243
-26.999
-637.074
-26.2692
-629.09
-25.3488
-621.342
-24.2558
-613.879
-23.0121
-606.741
-21.6426
-599.961
-20.1759
-593.565
-18.6438
-587.569
-17.0814
-581.979
-15.5271
-576.789
-14.0223
-571.98
-12.6115
-567.52
-11.3418
-563.36
-10.2637
-559.437
-9.43103
-555.667
-8.90133
-551.951
-8.73496
-548.167
-8.99312
-544.172
-9.73899
-539.797
-11.0406
-534.851
-12.9716
-529.115
-15.6099
-522.344
-19.0364
-514.263
-23.3329
-504.572
-28.5794
-492.947
-34.8522
-479.04
-42.2196
-462.484
-50.7381
-442.905
-60.4465
-419.923
-71.36
-393.174
-83.463
-362.315
-96.7005
-327.053
-110.969
-287.162
-126.106
-242.512
-141.868
-193.079
-157.906
-138.889
-173.725
-79.707
-188.67
-15.6106
-202.333
52.7928
-214.546
124.917
-225.071
199.933
-233.8
277.086
-240.545
355.956
-244.961
435.978
-247.034
516.431
-247.026
596.654
-245.204
676.093
-241.891
754.321
-237.499
831.062
-232.469
906.207
-227.236
979.797
-222.205
1052.02
-217.751
1123.17
-214.182
1193.66
-211.763
1264.02
-210.745
1334.85
-211.337
1406.82
-213.708
1480.63
-217.991
1557.01
-224.286
1636.65
-232.639
1720.21
-243.035
1808.23
-255.402
1901.19
-269.606
1999.44
-285.467
2103.23
-302.766
2212.74
-321.248
2328.05
-340.628
2449.14
-360.588
2575.9
-380.787
2708.14
-400.859
2845.55
-420.43
2987.75
-439.124
3134.23
-456.576
3284.43
-472.444
3437.68
-486.411
3593.27
-498.198
3750.44
-507.567
3908.38
-514.336
4066.27
-518.358
4223.23
-519.531
4378.44
-517.812
4531.07
-513.199
4680.33
-505.735
4825.43
-495.486
4965.64
-482.552
5100.26
-467.054
5228.63
-449.139
5350.18
-428.975
5464.35
-406.747
5570.67
-382.658
5668.74
-356.919
5758.2
-329.751
5838.76
-301.371
5910.2
-271.995
5972.34
-241.825
6025.07
-211.046
6068.29
-179.826
6101.97
-148.309
6126.11
-116.621
6140.73
-84.8628
6145.76
-53.0625
6140.99
-21.1674
6126.58
10.8834
6102.62
43.0738
6069.12
75.3704
6026.04
107.717
5973.34
140.097
5911.01
172.516
5839.03
204.979
5757.39
237.485
5666.11
270.026
5565.19
302.585
5454.67
335.133
5334.59
367.629
5205.01
400.016
5066.02
432.22
4917.76
464.147
4760.37
495.682
4594.05
526.685
4419.07
556.991
4235.73
586.411
4044.43
614.723
3845.62
641.681
3639.88
667.01
3427.86
690.406
3210.44
711.512
2988.54
730.076
2763.59
745.603
2536.63
758.612
2310.82
767.255
2087.53
777.962
779.414
-44.924
22.5273
-87.5654
98.0095
-127.907
153.398
-167.191
189.886
-206.08
209.385
-244.656
215.949
-282.628
213.518
-319.442
205.18
-354.602
193.065
-387.739
178.719
-418.598
163.245
-447.018
147.437
-472.932
131.863
-496.346
116.917
-517.329
102.867
-535.997
89.8871
-552.497
78.0814
-567.003
67.4971
-579.702
58.1392
-590.789
49.9803
-600.462
42.9684
-608.912
37.0328
-616.323
32.0895
-622.868
28.0451
-628.702
24.8003
-633.967
22.2532
-638.786
20.3012
-643.263
18.8436
-647.486
17.7833
-651.524
17.0281
-655.428
16.4925
-659.234
16.0977
-662.965
15.7733
-666.628
15.4569
-670.22
15.0947
-673.726
14.642
-677.126
14.0624
-680.391
13.3275
-683.488
12.4168
-686.38
11.3168
-689.028
10.0208
-691.395
8.52838
-693.441
6.84512
-695.131
4.98215
-696.429
2.95643
-697.299
0.789519
-697.71
-1.49761
-697.637
-3.88578
-697.061
-6.3536
-695.966
-8.87708
-694.339
-11.43
-692.176
-13.9848
-689.473
-16.513
-686.236
-18.986
-682.475
-21.375
-678.204
-23.652
-673.446
-25.7897
-668.227
-27.7625
-662.579
-29.5463
-656.537
-31.1193
-650.143
-32.4624
-643.44
-33.5593
-636.477
-34.3968
-629.303
-34.9652
-621.969
-35.2584
-614.531
-35.2744
-607.04
-35.0154
-599.551
-34.4879
-592.117
-33.7035
-584.787
-32.6779
-577.611
-31.4326
-570.629
-29.9935
-563.881
-28.3904
-557.4
-26.6578
-551.209
-24.8343
-545.328
-22.9627
-539.765
-21.0903
-534.518
-19.2687
-529.576
-17.5536
-524.913
-16.0047
-520.49
-14.6863
-516.254
-13.6677
-512.133
-13.0225
-508.039
-12.8289
-503.864
-13.1676
-499.479
-14.1239
-494.731
-15.7888
-489.443
-18.2602
-483.411
-21.6415
-476.407
-26.04
-468.176
-31.564
-458.436
-38.3198
-446.88
-46.4083
-433.18
-55.9195
-416.991
-66.9268
-397.958
-79.4794
-375.725
-93.5937
-349.944
-109.244
-320.293
-126.351
-286.491
-144.771
-248.313
-164.284
-205.606
-184.574
-158.291
-205.222
-106.331
-225.685
-49.6702
-245.331
11.5844
-263.587
77.067
-280.028
146.29
-294.293
218.59
-306.1
293.231
-315.187
369.556
-321.285
446.873
-324.351
524.425
-324.578
601.498
-322.277
677.484
-317.877
751.93
-311.945
824.545
-305.084
895.243
-297.935
964.116
-291.078
1031.4
-285.036
1097.49
-280.269
1162.89
-277.168
1228.24
-276.092
1294.23
-277.326
1361.59
-281.072
1431.09
-287.484
1503.44
-296.639
1579.32
-308.521
1659.31
-323.027
1743.88
-339.973
1833.39
-359.112
1928.07
-380.148
2028.05
-402.748
2133.36
-426.552
2243.9
-451.174
2359.52
-476.206
2479.95
-501.218
2604.86
-525.768
2733.84
-549.407
2866.41
-571.694
3002.03
-592.202
3140.13
-610.536
3280.05
-626.334
3421.13
-639.278
3562.66
-649.102
3703.93
-655.6
3844.2
-658.626
3982.76
-658.092
4118.92
-653.973
4252.01
-646.288
4381.37
-635.101
4506.4
-620.51
4626.49
-602.646
4741.11
-581.672
4849.75
-557.778
4951.95
-531.176
5047.3
-502.102
5135.45
-470.806
5216.09
-437.552
5288.94
-402.607
5353.81
-366.238
5410.52
-328.703
5458.94
-290.246
5498.98
-251.089
5530.58
-211.43
5553.71
-171.434
5568.32
-131.232
5574.36
-90.8989
5571.74
-50.4431
5560.45
-9.87885
5540.52
30.8137
5511.96
71.6294
5474.78
112.554
5428.94
153.556
5374.42
194.621
5311.19
235.743
5239.25
276.913
5158.62
318.121
5069.3
359.345
4971.33
400.555
4864.75
441.709
4749.63
482.748
4626.06
523.594
4494.13
564.149
4353.98
604.292
4205.79
643.869
4049.78
682.701
3886.2
720.571
3715.38
757.226
3537.73
792.373
3353.74
825.677
3164
856.748
2969.26
885.146
2770.44
910.334
2568.73
931.785
2365.76
948.57
2163.89
960.487
1966.45
964.694
1778.72
965.689
950.963
-50.7155
73.2428
-95.5883
142.882
-133.882
191.691
-168.334
224.338
-200.871
241.922
-232.389
247.466
-263.076
244.205
-292.782
234.886
-321.268
221.551
-348.298
205.749
-373.682
188.629
-397.274
171.03
-418.984
153.573
-438.773
136.706
-456.655
120.749
-472.687
105.919
-486.959
92.353
-499.587
80.1252
-510.707
69.2597
-520.468
59.7411
-529.023
51.5232
-536.526
44.5363
-543.129
38.6924
-548.975
33.891
-554.198
30.0228
-558.918
26.9733
-563.243
24.6264
-567.266
22.8667
-571.065
21.5822
-574.703
20.6658
-578.227
20.0172
-581.674
19.5441
-585.063
19.163
-588.406
18.7997
-591.701
18.3898
-594.939
17.8796
-598.102
17.2254
-601.167
16.3928
-604.107
15.3563
-606.889
14.0992
-609.481
12.6127
-611.848
10.8956
-613.957
8.95381
-615.774
6.79921
-617.267
4.44949
-618.404
1.92691
-619.157
-0.745
-619.5
-3.54251
-619.414
-6.44004
-618.881
-9.40995
-617.889
-12.4224
-616.428
-15.4456
-614.494
-18.4468
-612.087
-21.3927
-609.213
-24.2497
-605.88
-26.9849
-602.103
-29.5663
-597.902
-31.9636
-593.3
-34.1483
-588.325
-36.0944
-583.008
-37.7789
-577.386
-39.1819
-571.495
-40.2873
-565.378
-41.0829
-559.075
-41.5607
-552.632
-41.7172
-546.094
-41.5537
-539.506
-41.0759
-532.914
-40.296
-526.361
-39.2304
-519.891
-37.9033
-513.54
-36.3438
-507.345
-34.5858
-501.335
-32.6681
-495.534
-30.6349
-489.961
-28.5356
-484.626
-26.425
-479.532
-24.3634
-474.669
-22.4164
-470.018
-20.6552
-465.548
-19.1566
-461.212
-18.0035
-456.95
-17.2852
-452.682
-17.0962
-448.314
-17.5362
-443.726
-18.7111
-438.781
-20.7345
-433.313
-23.7278
-427.135
-27.8192
-420.034
-33.1417
-411.768
-39.8294
-402.074
-48.0145
-390.66
-57.822
-377.216
-69.3634
-361.414
-82.7288
-342.916
-97.9778
-321.381
-115.129
-296.479
-134.146
-267.9
-154.93
-235.372
-177.299
-198.671
-200.985
-157.634
-225.611
-112.164
-250.692
-62.2182
-275.631
-7.80635
-299.743
50.9534
-322.347
113.781
-342.855
180.222
-360.735
249.637
-375.516
321.236
-386.785
394.181
-394.23
467.623
-397.794
540.667
-397.621
612.488
-394.098
682.403
-387.792
749.957
-379.498
814.919
-370.046
877.291
-360.307
937.362
-351.148
995.612
-343.285
1052.62
-337.28
1109.08
-333.622
1165.74
-332.758
1223.42
-335.001
1282.9
-340.558
1344.96
-349.546
1410.28
-361.957
1479.43
-377.666
1552.85
-396.446
1630.86
-417.992
1713.69
-441.94
1801.43
-467.882
1894.06
-495.379
1991.48
-523.969
2093.48
-553.174
2199.77
-582.501
2310
-611.448
2423.74
-639.509
2540.52
-666.183
2659.81
-690.988
2781.08
-713.466
2903.74
-733.196
3027.2
-749.798
3150.86
-762.931
3274.08
-772.324
3396.27
-777.791
3516.84
-779.193
3635.21
-776.463
3750.83
-769.601
3863.2
-758.651
3971.8
-743.7
4076.16
-724.876
4175.86
-702.341
4270.47
-676.289
4359.64
-646.944
4443.02
-614.558
4520.32
-579.4
4591.27
-541.759
4655.65
-501.932
4713.27
-460.223
4763.96
-416.929
4807.6
-372.338
4844.07
-326.72
4873.3
-280.318
4895.21
-233.345
4909.75
-185.974
4916.85
-138.332
4916.45
-90.492
4908.49
-42.4904
4892.97
5.64959
4869.85
53.9312
4839.12
102.354
4800.77
150.906
4754.76
199.566
4701.07
248.314
4639.68
297.134
4570.59
346.005
4493.81
394.903
4409.36
443.793
4317.28
492.633
4217.63
541.363
4110.46
589.91
3995.88
638.179
3873.98
686.049
3744.9
733.371
3608.81
779.962
3465.91
825.6
3316.46
870.018
3160.78
912.904
2999.26
953.891
2832.39
992.553
2660.75
1028.38
2485.1
1060.79
2306.39
1089.04
2125.93
1112.25
1945.51
1128.99
1768
1138
1597.27
1135.42
1439.95
1123.01
1090.75
-53.0504
126.293
-94.6813
184.513
-128.585
225.594
-157.501
253.255
-183.728
268.149
-208.519
272.257
-232.424
268.11
-255.572
258.034
-277.896
243.874
-299.246
227.1
-319.464
208.846
-338.415
189.981
-355.998
171.156
-372.151
152.859
-386.853
135.451
-400.118
119.184
-411.994
104.229
-422.554
90.6851
-431.891
78.5971
-440.114
67.9639
-447.339
58.7483
-453.688
50.8846
-459.28
44.2849
-464.234
38.8451
-468.661
34.4492
-472.662
30.9744
-476.329
28.2939
-479.744
26.2811
-482.973
24.8118
-486.074
23.7668
-489.091
23.0335
-492.055
22.508
-494.987
22.0955
-497.899
21.7116
-500.791
21.2823
-503.658
20.7462
-506.486
20.0531
-509.256
19.163
-511.946
18.0459
-514.528
16.6818
-516.975
15.0599
-519.258
13.1779
-521.345
11.0412
-523.208
8.66223
-524.818
6.05916
-526.146
3.25487
-527.165
0.274802
-527.853
-2.85445
-528.189
-6.10423
-528.155
-9.44371
-527.738
-12.8399
-526.926
-16.2578
-525.712
-19.661
-524.092
-23.0122
-522.068
-26.2742
-519.643
-29.4099
-516.825
-32.3834
-513.629
-35.1602
-510.069
-37.7081
-506.166
-39.9974
-501.943
-42.0016
-497.427
-43.6979
-492.648
-45.0672
-487.635
-46.095
-482.425
-46.7714
-477.051
-47.0912
-471.549
-47.0548
-465.959
-46.6664
-460.316
-45.9385
-454.66
-44.8867
-449.026
-43.5376
-443.447
-41.923
-437.953
-40.0794
-432.572
-38.049
-427.327
-35.8803
-422.234
-33.628
-417.306
-31.3535
-412.545
-29.1243
-407.947
-27.0149
-403.495
-25.1063
-399.165
-23.4866
-394.918
-22.2513
-390.699
-21.5037
-386.441
-21.3541
-382.058
-21.9197
-377.442
-23.3264
-372.468
-25.7093
-366.983
-29.2128
-360.812
-33.9895
-353.757
-40.1971
-345.59
-47.9959
-336.061
-57.5436
-324.894
-68.9896
-311.79
-82.4669
-296.436
-98.0828
-278.507
-115.907
-257.674
-135.961
-233.621
-158.2
-206.048
-182.502
-174.694
-208.653
-139.344
-236.335
-99.8399
-265.115
-56.0895
-294.443
-8.06605
-323.654
44.1885
-351.997
100.539
-378.698
160.683
-402.999
224.096
-424.148
290.038
-441.457
357.566
-454.313
425.613
-462.277
493.102
-465.283
558.92
-463.439
622.137
-457.315
682.07
-447.725
738.353
-435.781
791.116
-422.809
840.815
-410.007
888.059
-398.393
933.594
-388.821
978.261
-381.946
1022.95
-378.316
1068.57
-378.373
1115.94
-382.371
1165.82
-390.44
1218.84
-402.568
1275.49
-418.604
1336.12
-438.292
1400.96
-461.286
1470.15
-487.179
1543.72
-515.516
1621.64
-545.802
1703.78
-577.517
1789.93
-610.121
1879.82
-643.061
1973.09
-675.777
2069.35
-707.709
2168.15
-738.304
2269
-767.029
2371.39
-793.38
2474.81
-816.886
2578.73
-837.123
2682.65
-853.712
2786.03
-866.312
2888.37
-874.663
2989.2
-878.619
3088.05
-878.05
3184.5
-872.912
3278.15
-863.244
3368.61
-849.112
3455.54
-830.628
3538.6
-807.942
3617.5
-781.241
3691.96
-750.745
3761.72
-716.704
3826.55
-679.394
3886.26
-639.11
3940.67
-596.162
3989.61
-550.869
4032.94
-503.553
4070.53
-454.529
4102.3
-404.099
4128.12
-352.546
4147.92
-300.122
4161.62
-247.046
4169.14
-193.494
4170.41
-139.596
4165.35
-85.4365
4153.93
-31.062
4136.08
23.4996
4111.76
78.2425
4080.95
133.166
4043.61
188.252
3999.69
243.479
3949.19
298.819
3892.08
354.244
3828.36
409.723
3758.05
465.216
3681.16
520.679
3597.74
576.056
3507.82
631.276
3411.48
686.253
3308.79
740.875
3199.83
795.004
3084.73
848.468
2963.64
901.053
2836.74
952.498
2704.28
1002.49
2566.53
1050.65
2423.89
1096.53
2276.82
1139.62
2125.92
1179.29
1971.93
1214.78
1815.85
1245.12
1659.03
1269.07
1503.33
1284.69
1351.63
1289.7
1207.88
1279.17
1078.81
1252.08
1201.48
-50.8046
177.098
-86.553
220.262
-114.426
253.467
-137.121
275.949
-156.887
287.915
-175.11
290.48
-192.536
285.536
-209.461
274.959
-225.912
260.326
-241.808
242.995
-257.02
224.058
-271.42
204.381
-284.903
184.639
-297.392
165.348
-308.839
146.898
-319.23
129.575
-328.577
113.576
-336.919
99.0271
-344.314
85.9915
-350.834
74.484
-356.564
64.4781
-361.594
55.9145
-366.017
48.708
-369.925
42.7537
-373.408
37.9324
-376.549
34.1155
-379.425
31.1692
-382.102
28.9583
-384.639
27.3492
-387.086
26.2131
-389.48
25.4277
-391.851
24.8794
-394.22
24.4645
-396.598
24.0893
-398.987
23.6714
-401.384
23.143
-403.779
22.4485
-406.159
21.543
-408.506
20.3922
-410.797
18.9729
-413.009
17.2722
-415.118
15.2864
-417.097
13.0205
-418.921
10.4865
-420.565
7.70288
-422.003
4.69302
-423.212
1.48361
-424.169
-1.89683
-424.856
-5.41757
-425.254
-9.04537
-425.349
-12.7448
-425.129
-16.4784
-424.583
-20.2066
-423.706
-23.8895
-422.493
-27.4866
-420.946
-30.9575
-419.066
-34.2632
-416.86
-37.3659
-414.338
-40.2301
-411.512
-42.8232
-408.398
-45.1157
-405.014
-47.0819
-401.381
-48.7004
-397.522
-49.9544
-393.461
-50.8322
-389.225
-51.3272
-384.841
-51.4383
-380.34
-51.1682
-375.748
-50.5298
-371.1
-49.5349
-366.424
-48.2136
-361.747
-46.6004
-357.094
-44.7325
-352.488
-42.6545
-347.95
-40.418
-343.497
-38.0818
-339.137
-35.7126
-334.877
-33.3843
-330.714
-31.1786
-326.635
-29.1851
-322.619
-27.5019
-318.635
-26.2357
-314.636
-25.5024
-310.564
-25.4268
-306.34
-26.1429
-301.872
-27.7953
-297.041
-30.5399
-291.71
-34.5435
-285.717
-39.9824
-278.875
-47.0394
-270.97
-55.9008
-261.763
-66.7505
-250.99
-79.7631
-238.362
-95.0941
-223.577
-112.868
-206.317
-133.167
-186.265
-156.013
-163.113
-181.352
-136.575
-209.04
-106.404
-238.824
-72.4029
-270.336
-34.437
-303.081
7.5561
-336.436
53.5701
-369.668
103.515
-401.942
157.162
-432.345
214.085
-459.922
273.593
-483.656
334.71
-502.575
396.198
-515.801
456.619
-522.699
514.637
-523.301
568.963
-517.765
618.645
-506.998
663.517
-492.597
703.913
-476.176
740.411
-459.307
773.885
-443.482
805.435
-429.942
836.203
-419.588
867.253
-412.997
899.524
-410.586
933.808
-412.657
970.752
-419.314
1010.83
-430.519
1054.37
-446.105
1101.56
-465.798
1152.51
-489.241
1207.24
-516.013
1265.7
-545.646
1327.81
-577.626
1393.42
-611.406
1462.31
-646.411
1534.24
-682.048
1608.89
-717.712
1685.91
-752.795
1764.9
-786.703
1845.45
-818.85
1927.1
-848.684
2009.42
-875.695
2091.95
-899.417
2174.27
-919.448
2255.99
-935.428
2336.68
-947.002
2415.95
-953.931
2493.48
-956.148
2568.94
-953.51
2642.02
-945.997
2712.48
-933.701
2780.07
-916.707
2844.59
-895.141
2905.82
-869.174
2963.59
-839.01
3017.73
-804.888
3068.1
-767.075
3114.56
-725.859
3157
-681.547
3195.3
-634.46
3229.36
-584.924
3259.07
-533.266
3284.34
-479.804
3305.09
-424.844
3321.21
-368.67
3332.63
-311.536
3339.24
-253.659
3340.97
-195.22
3337.72
-136.351
3329.43
-77.1445
3316.02
-17.6528
3297.43
42.0929
3273.59
102.08
3244.45
162.299
3209.98
222.724
3170.14
283.323
3124.9
344.062
3074.24
404.9
3018.17
465.794
2956.69
526.696
2889.82
587.552
2817.58
648.297
2740
708.854
2657.13
769.125
2569.01
828.989
2475.72
888.292
2377.35
946.841
2274.01
1004.39
2165.86
1060.65
2053.1
1115.25
1936
1167.74
1814.93
1217.61
1690.35
1264.21
1562.86
1306.78
1433.26
1344.37
1302.63
1375.75
1172.37
1399.33
1044.35
1412.71
921.162
1412.88
806.118
1394.21
705.223
1352.97
1282.27
-42.853
219.951
-71.7743
249.183
-92.9047
274.598
-109
292.045
-122.205
301.121
-133.992
302.266
-145.158
296.703
-156.073
285.874
-166.839
271.092
-177.423
253.58
-187.729
234.364
-197.638
214.29
-207.041
194.042
-215.847
174.155
-223.993
155.044
-231.438
137.02
-238.169
120.307
-244.192
105.051
-249.536
91.3349
-254.241
79.1894
-258.362
68.5992
-261.961
59.5131
-265.104
51.8505
-267.858
45.5084
-270.293
40.3668
-272.472
36.2945
-274.455
33.153
-276.298
30.8014
-278.049
29.0996
-279.747
27.9116
-281.428
27.1079
-283.116
26.5675
-284.831
26.1798
-286.585
25.8431
-288.381
25.4678
-290.218
24.9802
-292.092
24.3218
-293.992
23.443
-295.905
22.3054
-297.815
20.8828
-299.703
19.1602
-301.549
17.1324
-303.332
14.8033
-305.03
12.1847
-306.622
9.29487
-308.086
6.15721
-309.402
2.79911
-310.549
-0.749597
-311.51
-4.45683
-312.267
-8.28792
-312.806
-12.2058
-313.114
-16.1709
-313.178
-20.1419
-312.991
-24.0766
-312.546
-27.9321
-311.838
-31.6657
-310.865
-35.2359
-309.629
-38.6023
-308.132
-41.7271
-306.38
-44.5752
-304.381
-47.1146
-302.145
-49.3174
-299.686
-51.16
-297.016
-52.6236
-294.154
-53.6949
-291.114
-54.3664
-287.919
-54.634
-284.587
-54.4999
-281.136
-53.9808
-277.596
-53.0755
-273.987
-51.8226
-270.328
-50.2589
-266.64
-48.4204
-262.942
-46.3527
-259.25
-44.1096
-255.579
-41.753
-251.938
-39.3534
-248.333
-36.9899
-244.761
-34.7501
-241.215
-32.7309
-237.679
-31.0388
-234.124
-29.7902
-230.514
-29.1122
-226.798
-29.1427
-222.91
-30.0312
-218.765
-31.9401
-214.26
-35.0451
-209.269
-39.5346
-203.643
-45.6086
-197.207
-53.4752
-189.76
-63.3476
-181.074
-75.437
-170.893
-89.9445
-158.937
-107.05
-144.909
-126.897
-128.498
-149.578
-109.393
-175.118
-87.2944
-203.451
-61.9337
-234.401
-33.0884
-267.669
-0.599031
-302.825
35.619
-339.299
75.5715
-376.388
119.179
-413.275
166.228
-448.992
216.305
-482.421
268.768
-512.385
322.591
-537.479
376.328
-556.312
428.289
-567.762
476.66
-571.069
519.852
-566.493
557.096
-555.008
588.306
-538.208
613.823
-518.114
634.632
-496.985
652.24
-476.915
668.239
-459.48
684.074
-445.777
700.947
-436.462
719.735
-431.784
741.022
-431.874
765.206
-436.841
792.529
-446.637
823.102
-461.093
856.943
-479.946
894.004
-502.859
934.19
-529.427
977.374
-559.197
1023.4
-591.672
1072.09
-626.311
1123.22
-662.537
1176.55
-699.745
1231.81
-737.311
1288.71
-774.605
1346.9
-810.989
1406.04
-845.848
1465.78
-878.585
1525.75
-908.649
1585.58
-935.534
1644.96
-958.794
1703.57
-978.061
1761.16
-993.015
1817.4
-1003.24
1872
-1008.54
1924.86
-1009
1975.74
-1004.39
2024.47
-994.725
2070.93
-980.163
2115.02
-960.8
2156.65
-936.765
2195.72
-908.243
2232.16
-875.453
2265.92
-838.645
2296.93
-798.092
2325.16
-754.086
2350.55
-706.935
2373.04
-656.957
2392.59
-604.474
2409.13
-549.806
2422.6
-493.265
2432.9
-435.15
2439.97
-375.736
2443.71
-315.274
2444.02
-253.976
2440.83
-192.022
2434.02
-129.547
2423.52
-66.6459
2409.25
-3.37928
2391.12
60.2216
2369.06
124.137
2343.02
188.343
2312.94
252.803
2278.79
317.475
2240.54
382.312
2198.17
447.265
2151.68
512.283
2101.07
577.311
2046.33
642.29
1987.47
707.155
1924.5
771.823
1857.44
836.193
1786.29
900.137
1711.09
963.489
1631.89
1026.04
1548.77
1087.51
1461.84
1147.58
1371.27
1205.82
1277.3
1261.71
1180.27
1314.64
1080.62
1363.85
979.008
1408.39
876.289
1447.09
773.624
1478.42
672.538
1500.42
574.97
1510.28
483.148
1504.7
398.868
1478.49
324.107
1427.73
1337.46
-32.122
252.073
-52.3491
269.41
-65.8508
288.099
-74.9892
301.183
-81.5267
307.658
-86.9189
307.658
-92.0102
301.794
-97.0815
290.945
-102.318
276.328
-107.722
258.983
-113.217
239.86
-118.699
219.772
-124.057
199.399
-129.192
179.29
-134.026
159.878
-138.5
141.494
-142.574
124.381
-146.231
108.708
-149.469
94.573
-152.302
82.0221
-154.754
71.0517
-156.861
61.6196
-158.662
53.6517
-160.202
47.0487
-161.528
41.6924
-162.685
37.4511
-163.717
34.1849
-164.665
31.7497
-165.567
30.0015
-166.455
28.7996
-167.356
28.0094
-168.294
27.5055
-169.287
27.1723
-170.346
26.9025
-171.477
26.5988
-172.679
26.1826
-173.953
25.5957
-175.294
24.7837
-176.693
23.7043
-178.138
22.3285
-179.618
20.6393
-181.115
18.63
-182.615
16.3034
-184.101
13.6704
-185.555
10.7488
-186.959
7.56167
-188.297
4.13663
-189.55
0.504129
-190.704
-3.30303
-191.743
-7.24954
-192.651
-11.2974
-193.416
-15.406
-194.025
-19.5327
-194.468
-23.6339
-194.735
-27.6651
-194.818
-31.5823
-194.712
-35.3419
-194.413
-38.9021
-193.916
-42.2234
-193.223
-45.2688
-192.333
-48.0046
-191.249
-50.4011
-189.976
-52.4327
-188.521
-54.0791
-186.89
-55.3255
-185.091
-56.1652
-183.14
-56.5859
-181.038
-56.6011
-178.799
-56.22
-176.451
-55.4237
-174.001
-54.2723
-171.461
-52.7993
-168.845
-51.036
-166.169
-49.0293
-163.444
-46.8339
-160.683
-44.5141
-157.894
-42.1429
-155.081
-39.8031
-152.244
-37.5867
-149.378
-35.5964
-146.472
-33.9454
-143.504
-32.7583
-140.444
-32.1717
-137.252
-32.3348
-133.872
-33.4115
-130.231
-35.5805
-126.24
-39.0362
-121.786
-43.9882
-116.735
-50.6597
-110.925
-59.2853
-104.167
-70.1058
-96.2421
-83.3617
-86.9035
-99.2831
-75.8774
-118.076
-62.8699
-139.904
-47.5748
-164.873
-29.6874
-193.005
-8.921
-224.217
14.9706
-258.293
42.1738
-294.873
72.7947
-333.446
106.832
-373.336
144.16
-413.716
184.526
-453.642
227.506
-491.971
272.349
-527.264
318.054
-558.091
363.014
-582.439
405.088
-598.386
442.06
-604.734
472.577
-601.586
495.666
-589.583
510.938
-570.28
519.215
-546.485
522.459
-521.358
523.051
-497.577
523.151
-477.015
524.374
-460.703
527.741
-449.144
533.813
-442.534
542.909
-440.88
555.081
-444.046
570.301
-452.061
588.472
-464.809
609.45
-482.07
633.053
-503.55
659.085
-528.891
687.338
-557.679
717.596
-589.456
749.638
-623.714
783.232
-659.905
818.138
-697.443
854.106
-735.712
890.875
-774.081
928.175
-811.904
965.726
-848.541
1003.25
-883.376
1040.49
-915.819
1077.17
-945.328
1113.04
-971.411
1147.89
-993.639
1181.53
-1011.7
1213.87
-1025.36
1244.69
-1034.06
1273.8
-1037.65
1301.26
-1036.45
1326.99
-1030.12
1350.92
-1018.65
1373.07
-1002.31
1393.45
-981.18
1412.07
-955.383
1428.94
-925.118
1444.1
-890.614
1457.58
-852.121
1469.4
-809.913
1479.59
-764.277
1488.17
-715.511
1495.13
-663.92
1500.47
-609.813
1504.16
-553.494
1506.15
-495.26
1506.4
-435.395
1504.82
-374.161
1501.34
-311.795
1495.87
-248.506
1488.31
-184.464
1478.57
-119.807
1466.56
-54.6332
1452.19
10.9934
1435.37
77.0402
1416.03
143.478
1394.11
210.267
1369.55
277.358
1342.33
344.697
1312.41
412.23
1279.78
479.899
1244.41
547.651
1206.29
615.429
1165.4
683.178
1121.72
750.834
1075.23
818.318
1025.89
885.531
973.686
952.341
918.601
1018.57
860.636
1084
799.818
1148.33
736.212
1211.19
669.933
1272.09
601.171
1330.47
530.211
1385.6
457.469
1436.59
383.53
1482.33
309.188
1521.43
235.465
1552.14
163.659
1572.22
95.2058
1578.73
31.4925
1568.42
-26.1789
1536.16
-75.7863
1477.34
1331.4
-19.5391
271.612
-29.5958
279.467
-34.6908
293.194
-36.5264
303.019
-36.5162
307.648
-35.6996
306.842
-34.8117
300.906
-34.2359
290.37
-34.1217
276.214
-34.4949
259.356
-35.3007
240.665
-36.446
220.918
-37.8249
200.778
-39.3355
180.801
-40.8879
161.43
-42.4069
143.013
-43.8337
125.808
-45.1257
110
-46.2554
95.7028
-47.2089
82.9756
-47.9841
71.8269
-48.5882
62.2238
-49.0363
54.0998
-49.349
47.3614
-49.5507
41.8941
-49.6682
37.5686
-49.729
34.2458
-49.7604
31.7811
-49.7882
30.0293
-49.8361
28.8475
-49.9252
28.0985
-50.0742
27.6545
-50.3002
27.3984
-50.6169
27.2192
-51.0308
27.0127
-51.5419
26.6936
-52.1555
26.2093
-52.8721
25.5003
-53.6879
24.52
-54.5969
23.2375
-55.5914
21.6338
-56.6622
19.7007
-57.7987
17.4399
-58.9892
14.8609
-60.2213
11.9808
-61.4816
8.82204
-62.7567
5.41167
-64.0327
1.78017
-65.2963
-2.03949
-66.5339
-6.01195
-67.7321
-10.0991
-68.878
-14.2601
-69.9589
-18.4518
-70.963
-22.6299
-71.8788
-26.7493
-72.696
-30.765
-73.405
-34.6329
-73.9969
-38.3102
-74.4639
-41.7564
-74.7991
-44.9336
-74.9966
-47.807
-75.052
-50.3457
-74.9619
-52.5228
-74.7248
-54.3162
-74.3411
-55.7091
-73.8122
-56.6941
-73.1309
-57.2673
-72.2995
-57.4325
-71.3412
-57.1784
-70.2482
-56.5167
-69.0245
-55.496
-67.6783
-54.1455
-66.2196
-52.4947
-64.6577
-50.5912
-63.0009
-48.4907
-61.257
-46.2581
-59.432
-43.9679
-57.5304
-41.7046
-55.5536
-39.5636
-53.499
-37.651
-51.3592
-36.0852
-49.1204
-34.9972
-46.7611
-34.531
-44.2508
-34.8451
-41.5461
-36.1162
-38.5888
-38.5378
-35.3035
-42.3215
-31.5946
-47.6971
-27.3429
-54.9115
-22.4024
-64.2258
-16.5975
-75.9108
-9.72083
-90.2384
-1.53363
-107.47
8.23249
-127.842
19.8698
-151.541
33.6842
-178.687
49.9782
-209.3
69.0274
-243.266
91.0461
-280.311
116.159
-319.985
144.361
-361.649
175.475
-404.45
209.114
-447.355
244.737
-489.265
281.59
-528.824
318.326
-564.001
353.521
-593.285
384.574
-613.492
409.158
-622.97
426.051
-621.627
433.12
-608.655
430.18
-586.643
419.405
-559.505
404.187
-531.267
387.903
-505.074
373.051
-482.725
361.007
-464.97
352.321
-452.017
347.069
-443.893
345.099
-440.564
346.174
-441.955
350.061
-447.934
356.527
-458.526
365.291
-473.573
376.073
-492.852
388.595
-516.072
402.583
-542.878
417.769
-572.866
433.892
-605.579
450.697
-640.519
467.933
-677.142
485.357
-714.867
502.731
-753.086
519.823
-791.172
536.408
-828.49
552.282
-864.414
567.25
-898.344
581.141
-929.71
593.801
-957.988
605.098
-982.708
614.91
-1003.45
623.141
-1019.93
629.73
-1031.95
634.864
-1039.19
638.602
-1041.38
640.624
-1038.48
641.189
-1030.69
640.501
-1017.97
638.582
-1000.39
635.533
-978.131
631.458
-951.308
626.475
-920.136
620.705
-884.844
614.264
-845.68
607.255
-802.905
599.771
-756.793
591.884
-707.624
583.65
-655.686
575.102
-601.264
566.25
-544.641
557.082
-486.093
547.567
-425.879
537.651
-364.246
527.269
-301.413
516.34
-237.577
504.779
-172.903
492.494
-107.523
479.4
-41.5388
465.409
24.9848
450.439
92.0096
434.425
159.493
417.311
227.381
399.054
295.614
379.621
364.131
358.981
432.869
337.109
501.771
313.976
570.784
289.547
639.859
263.777
708.947
236.615
777.996
207.996
846.937
177.848
915.679
146.096
984.092
112.673
1052
77.5214
1119.15
40.6075
1185.25
1.93252
1249.86
-38.4528
1312.48
-80.4289
1372.45
-123.79
1428.96
-168.231
1481.03
-213.341
1527.44
-258.616
1566.71
-303.56
1597.09
-347.383
1616.05
-389.598
1620.95
-428.572
1607.39
-459.581
1567.17
-469.982
1487.74
1225.42
-5.1512
276.763
-4.37104
278.687
-0.723817
289.547
4.83808
297.457
11.2943
301.192
18.0302
300.106
24.6141
294.322
30.6022
284.381
35.851
270.965
40.3243
254.883
44.0577
236.932
47.1275
217.848
49.6297
198.276
51.6643
178.766
53.3273
159.767
54.7062
141.634
55.8776
124.637
56.9061
108.971
57.8437
94.7652
58.7306
82.0888
59.596
70.9614
60.4593
61.3604
61.3314
53.2277
62.2157
46.477
63.1101
40.9998
64.0074
36.6713
64.8974
33.3558
65.7672
30.9113
66.6027
29.1938
67.3891
28.0611
68.1122
27.3755
68.7585
27.0081
69.3153
26.8416
69.769
26.7655
70.1056
26.676
70.3175
26.4817
70.4024
26.1244
70.3554
25.5473
70.1751
24.7004
69.8609
23.5516
69.4144
22.0803
68.8384
20.2767
68.1375
18.1408
67.3173
15.6811
66.3851
12.913
65.3491
9.85811
64.2183
6.54249
63.0025
2.99587
61.7123
-0.749258
60.3584
-4.65803
58.9523
-8.69298
57.5059
-12.8137
56.0315
-16.9774
54.5415
-21.1399
53.0484
-25.2562
51.5648
-29.2814
50.1032
-33.1714
48.6764
-36.8834
47.2969
-40.3769
45.9772
-43.6138
44.7293
-46.5591
43.5651
-49.1816
42.4962
-51.4539
41.5334
-53.3535
40.6867
-54.8624
39.9577
-55.9651
39.3476
-56.6571
38.8502
-56.935
38.4834
-56.8116
38.2919
-56.3251
38.2546
-55.4587
38.3558
-54.2468
38.5963
-52.7352
38.9741
-50.969
39.4864
-49.0029
40.1294
-46.9011
40.8993
-44.7377
41.7922
-42.5976
42.8057
-40.577
43.9388
-38.7842
45.1939
-37.3402
46.5772
-36.3805
48.101
-36.0548
49.7835
-36.5276
51.6539
-37.9866
53.7538
-40.6378
56.1409
-44.7086
58.892
-50.4481
62.1072
-58.1267
65.9145
-68.0331
70.4733
-80.4696
75.9781
-95.7432
82.6593
-114.151
90.7816
-135.964
100.638
-161.398
112.536
-190.586
126.776
-223.539
143.614
-260.104
163.202
-299.899
185.548
-342.332
210.446
-386.547
237.423
-431.427
265.617
-475.548
293.975
-517.623
321.451
-556.299
345.694
-588.244
365.063
-612.654
377.466
-625.895
378.697
-624.201
367.424
-610.353
344.67
-585.901
314.368
-556.341
281.446
-526.582
250.018
-499.839
222.302
-477.359
198.93
-459.353
179.772
-445.812
164.424
-436.669
152.414
-431.883
143.279
-431.429
136.602
-435.278
132.07
-443.402
129.324
-455.779
128.015
-472.264
127.81
-492.647
128.387
-516.648
129.435
-543.927
130.659
-574.089
131.774
-606.694
132.51
-641.256
132.616
-677.248
131.858
-714.108
130.02
-751.248
126.911
-788.064
122.368
-823.946
116.253
-858.299
108.46
-890.551
98.9172
-920.167
87.5862
-946.657
74.4596
-969.581
59.5768
-988.567
42.9071
-1003.26
24.2792
-1013.32
3.88532
-1018.8
-17.7874
-1019.71
-40.594
-1015.67
-64.3602
-1006.92
-88.8805
-993.446
-114.085
-975.19
-139.823
-952.393
-165.86
-925.271
-191.977
-894.018
-217.972
-858.849
-243.656
-819.996
-268.857
-777.704
-293.422
-732.227
-317.223
-683.823
-340.156
-632.754
-362.142
-579.278
-383.132
-523.651
-403.103
-466.122
-422.058
-406.924
-440.022
-346.281
-457.042
-284.394
-473.176
-221.443
-488.496
-157.583
-503.077
-92.9424
-516.993
-27.6226
-530.32
38.3115
-543.121
104.81
-555.445
171.818
-567.336
239.271
-578.825
307.104
-589.943
375.249
-600.717
443.644
-611.181
512.236
-621.377
580.98
-631.358
649.84
-641.195
718.784
-650.973
787.774
-660.795
856.759
-670.775
925.659
-681.037
994.354
-691.708
1062.67
-702.911
1130.36
-714.75
1197.08
-727.298
1262.41
-740.585
1325.77
-754.587
1386.45
-769.228
1443.6
-784.373
1496.18
-799.832
1542.9
-815.336
1582.21
-830.633
1612.38
-844.911
1630.32
-857.37
1633.41
-864.046
1614.07
-853.221
1556.35
-800.135
1434.66
1039.33
11.0069
265.756
22.5829
267.111
34.7396
277.39
47.3451
284.851
60.0549
288.482
72.5169
287.644
84.4029
282.436
95.4731
273.311
105.582
260.856
114.676
245.789
122.764
228.844
129.899
210.712
136.16
192.016
141.636
173.29
146.423
154.98
150.618
137.439
154.311
120.944
157.586
105.696
160.518
91.833
163.174
79.4334
165.608
68.5269
167.868
59.1003
169.991
51.105
172.005
44.4632
173.93
39.0741
175.782
34.8201
177.566
31.5715
179.286
29.1915
180.939
27.5403
182.521
26.4795
184.022
25.8744
185.434
25.5956
186.755
25.521
187.977
25.5432
189.078
25.5749
190.027
25.5327
190.827
25.3248
191.477
24.8977
191.967
24.2102
192.29
23.2282
192.441
21.9293
192.416
20.3021
192.212
18.3448
191.829
16.0641
191.268
13.4742
190.531
10.595
189.622
7.4512
188.547
4.07108
187.312
0.485859
185.924
-3.27069
184.394
-7.16236
182.73
-11.15
180.945
-15.1918
179.049
-19.2446
177.057
-23.2642
174.983
-27.2068
172.841
-31.0292
170.647
-34.6894
168.417
-38.1477
166.17
-41.3667
163.923
-44.3118
161.693
-46.9521
159.5
-49.2602
157.359
-51.2131
155.289
-52.7917
153.303
-53.9799
151.419
-54.7727
149.651
-55.1674
148.011
-55.1709
146.507
-54.8217
145.16
-54.1112
143.974
-53.0608
142.953
-51.714
142.099
-50.1151
141.413
-48.3175
140.896
-46.3838
140.545
-44.3865
140.356
-42.4092
140.326
-40.5472
140.451
-38.9085
140.725
-37.6149
141.148
-36.8031
141.72
-36.6265
142.445
-37.2531
143.336
-38.8778
144.416
-41.7175
145.721
-46.0129
147.303
-52.031
149.241
-60.0648
151.64
-70.4317
154.638
-83.468
158.415
-99.5195
163.189
-118.925
169.22
-141.996
176.802
-168.98
186.242
-200.026
197.834
-235.131
211.803
-274.073
228.172
-316.268
246.759
-360.919
266.976
-406.764
287.864
-452.315
307.911
-495.595
325.173
-534.886
338.705
-569.83
346.701
-596.241
344.394
-610.347
327.847
-609.348
296.855
-593.209
254.019
-567.518
205.261
-537.143
156.968
-508.048
113.185
-482.8
75.0926
-461.747
42.3306
-444.597
14.1312
-431.154
-10.278
-421.403
-31.5565
-415.39
-50.2595
-413.18
-66.8535
-414.835
-81.7388
-420.393
-95.2888
-429.852
-107.892
-443.177
-119.922
-460.234
-131.742
-480.826
-143.702
-504.688
-156.134
-531.495
-169.352
-560.871
-183.652
-592.394
-199.307
-625.601
-216.563
-659.992
-235.637
-695.034
-256.711
-730.174
-279.934
-764.842
-305.411
-798.469
-333.214
-830.496
-363.369
-860.396
-395.859
-887.677
-430.632
-911.884
-467.6
-932.613
-506.649
-949.519
-547.644
-962.268
-590.313
-970.651
-634.388
-974.725
-679.707
-974.393
-725.976
-969.402
-773.005
-959.894
-820.482
-945.969
-868.055
-927.616
-915.449
-905
-962.387
-878.334
-1008.59
-847.812
-1053.8
-813.641
-1097.76
-776.036
-1140.24
-735.223
-1181.04
-691.431
-1219.97
-644.892
-1256.88
-595.839
-1291.66
-544.501
-1324.21
-491.102
-1354.47
-435.859
-1382.42
-378.979
-1408.04
-320.659
-1431.35
-261.079
-1452.4
-200.401
-1471.21
-138.77
-1487.84
-76.3087
-1502.35
-13.1146
-1514.78
50.7428
-1525.17
115.2
-1533.55
180.194
-1539.93
245.658
-1544.35
311.522
-1546.82
377.72
-1547.38
444.196
-1546.05
510.905
-1542.89
577.821
-1537.97
644.925
-1531.39
712.207
-1523.27
779.652
-1513.74
847.229
-1502.96
914.88
-1491.11
982.498
-1478.36
1049.92
-1464.9
1116.9
-1450.9
1183.09
-1436.51
1248.02
-1421.85
1311.1
-1406.99
1371.59
-1391.96
1428.58
-1376.74
1480.95
-1361.19
1527.36
-1345.05
1566.07
-1327.19
1594.52
-1305.58
1608.72
-1277.07
1604.9
-1234.02
1571.02
-1157.12
1479.44
-1016.8
1294.34
804.994
27.6083
238.148
49.8292
244.89
70.1211
257.099
89.3466
265.626
107.809
270.02
125.502
269.951
142.303
265.635
158.095
257.519
172.765
246.187
186.241
232.313
198.498
216.587
209.553
199.658
219.451
182.117
228.267
164.475
236.088
147.158
243.013
130.514
249.143
114.814
254.579
100.26
259.418
86.9937
263.752
75.0999
267.662
64.6161
271.224
55.5383
274.502
47.8274
277.55
41.4154
280.413
36.2114
283.126
32.1067
285.717
28.9804
288.205
26.7035
290.602
25.1436
292.913
24.1684
295.139
23.6487
297.275
23.4596
299.314
23.482
301.244
23.6128
303.055
23.7641
304.731
23.8563
306.255
23.8011
307.612
23.5404
308.791
23.032
309.777
22.2422
310.558
21.1477
311.124
19.7357
311.466
18.0029
311.576
15.9545
311.448
13.6026
311.077
10.9653
310.463
8.06545
309.605
4.92941
308.504
1.58631
307.166
-1.93203
305.595
-5.59135
303.799
-9.35447
301.789
-13.1813
299.574
-17.0302
297.169
-20.8588
294.587
-24.6252
291.846
-28.288
288.964
-31.8071
285.96
-35.1444
282.858
-38.2638
279.678
-41.1323
276.446
-43.7196
273.184
-45.9991
269.919
-47.9478
266.674
-49.5466
263.475
-50.7806
260.346
-51.6436
257.312
-52.1332
254.395
-52.2541
251.604
-52.0308
248.962
-51.4692
246.488
-50.5871
244.195
-49.4204
242.09
-48.0105
240.18
-46.4079
238.469
-44.6723
236.956
-42.8732
235.638
-41.091
234.509
-39.4183
233.56
-37.9602
232.782
-36.8367
232.162
-36.1831
231.686
-36.151
231.345
-36.9115
231.13
-38.6635
231.043
-41.6298
231.092
-46.0619
231.303
-52.2421
231.723
-60.4851
232.428
-71.1368
233.53
-84.5698
235.184
-101.173
237.592
-121.333
241.005
-145.409
245.711
-173.686
252.013
-206.328
260.188
-243.307
270.419
-284.304
282.444
-328.293
295.804
-374.279
309.249
-420.209
320.586
-463.652
328.524
-503.533
331.61
-537.971
326.254
-564.475
308.125
-578.112
273.444
-575.666
222.358
-558.262
160.351
-531.202
95.2115
-502.379
34.6569
-476.589
-18.5821
-454.808
-64.9009
-436.481
-105.633
-421.014
-142.003
-408.227
-174.903
-398.254
-205.008
-391.298
-232.856
-387.542
-258.905
-387.13
-283.567
-390.173
-307.233
-396.727
-330.296
-406.789
-353.167
-420.306
-376.247
-437.153
-399.931
-457.143
-424.593
-480.026
-450.588
-505.5
-478.245
-533.213
-507.868
-562.771
-539.724
-593.744
-574.049
-625.667
-611.035
-658.049
-650.825
-690.384
-693.514
-722.152
-739.149
-752.834
-787.725
-781.92
-839.191
-808.93
-893.458
-833.411
-950.386
-854.956
-1009.79
-873.205
-1071.46
-887.852
-1135.09
-898.638
-1200.33
-905.417
-1266.89
-908.157
-1334.55
-906.74
-1402.88
-901.064
-1471.56
-891.222
-1540.22
-877.308
-1608.46
-859.378
-1675.89
-837.566
-1742.17
-812.054
-1806.96
-783.025
-1869.93
-750.669
-1930.78
-715.186
-1989.23
-676.775
-2045.02
-635.64
-2097.93
-591.985
-2147.75
-546.01
-2194.34
-497.913
-2237.56
-447.884
-2277.31
-396.109
-2313.52
-342.766
-2346.16
-288.021
-2375.2
-232.034
-2400.65
-174.951
-2422.52
-116.905
-2440.81
-58.0134
-2455.56
1.63341
-2466.78
61.9574
-2474.46
122.88
-2478.61
184.345
-2479.23
246.283
-2476.34
308.63
-2469.95
371.324
-2460.07
434.321
-2446.76
497.593
-2430.07
561.133
-2410.09
624.949
-2386.94
689.056
-2360.76
753.467
-2331.71
818.176
-2299.98
883.149
-2265.78
948.301
-2229.34
1013.48
-2190.89
1078.45
-2150.65
1142.85
-2108.83
1206.2
-2065.59
1267.87
-2021.03
1327.03
-1975.15
1382.7
-1927.81
1433.61
-1878.56
1478.11
-1826.4
1513.91
-1769.4
1537.53
-1704.48
1543.8
-1624.08
1524.5
-1514.89
1461.82
-1357.16
1321.72
-1137.98
1075.16
570.225
43.216
194.932
75.602
212.504
103.337
229.363
128.512
240.451
152.088
246.444
174.46
247.579
195.743
244.352
215.918
237.344
234.888
227.217
252.551
214.65
268.832
200.306
283.695
184.796
297.145
168.667
309.227
152.392
320.015
136.37
329.603
120.927
338.098
106.318
345.617
92.7409
352.279
80.3324
358.198
69.1806
363.486
59.3284
368.244
50.7797
372.567
43.5051
376.535
37.4473
380.219
32.5267
383.68
28.646
386.965
25.6955
390.111
23.5571
393.146
22.1085
396.088
21.2269
398.945
20.7914
401.72
20.6849
404.405
20.7962
406.992
21.0263
409.468
21.2881
411.822
21.5026
414.031
21.5922
416.073
21.4979
417.929
21.1757
419.58
20.5918
421.005
19.7226
422.186
18.5545
423.106
17.0828
423.75
15.3105
424.105
13.2483
424.158
10.9117
423.902
8.3214
423.33
5.50121
422.439
2.47756
421.228
-0.720752
419.699
-4.0623
417.857
-7.51235
415.709
-11.0332
413.264
-14.5855
410.535
-18.1298
407.536
-21.6265
404.285
-25.0372
400.803
-28.3246
397.112
-31.453
393.237
-34.3889
389.206
-37.1012
385.047
-39.5613
380.792
-41.7441
376.472
-43.6274
372.118
-45.193
367.764
-46.4267
363.442
-47.3213
359.183
-47.8743
355.018
-48.0893
350.969
-47.982
347.062
-47.5622
343.323
-46.8475
339.77
-45.8679
336.421
-44.6608
333.285
-43.2724
330.371
-41.7578
327.679
-40.1818
325.208
-38.6199
322.949
-37.1593
320.889
-35.9002
319.01
-34.9572
317.287
-34.4604
315.693
-34.5572
314.2
-35.4179
312.776
-37.2399
311.394
-40.2482
310.033
-44.7003
308.681
-50.89
307.346
-59.1507
306.065
-69.8556
304.91
-83.4146
304
-100.263
303.511
-120.844
303.67
-145.568
304.752
-174.768
307.035
-208.611
310.763
-247.034
316.12
-289.661
322.115
-334.287
327.466
-379.63
330.958
-423.701
329.953
-462.647
321.653
-495.233
302.433
-518.751
267.5
-529.541
213.911
-524.524
143.418
-505.172
63.8833
-478.728
-13.6801
-453.638
-82.8187
-433.24
-143.008
-416.4
-196.215
-401.601
-244.261
-388.434
-288.427
-376.849
-329.515
-367.139
-368.097
-359.671
-404.647
-354.749
-439.592
-352.597
-473.342
-353.38
-506.303
-357.212
-538.886
-364.144
-571.517
-374.158
-604.632
-387.191
-638.661
-403.124
-674.023
-421.781
-711.117
-442.933
-750.313
-466.304
-791.954
-491.572
-836.341
-518.385
-883.727
-546.358
-934.319
-575.074
-988.277
-604.091
-1045.71
-632.952
-1106.67
-661.191
-1171.15
-688.349
-1239.1
-713.977
-1310.38
-737.648
-1384.83
-758.964
-1462.21
-777.571
-1542.26
-793.155
-1624.66
-805.459
-1709.02
-814.273
-1794.97
-819.47
-1882.13
-820.99
-1970.12
-818.749
-2058.48
-812.712
-2146.75
-802.944
-2234.53
-789.529
-2321.36
-772.549
-2406.8
-752.127
-2490.44
-728.419
-2571.87
-701.588
-2650.74
-671.805
-2726.68
-639.246
-2799.37
-604.085
-2868.51
-566.497
-2933.84
-526.656
-2995.12
-484.73
-3052.15
-440.884
-3104.76
-395.273
-3152.82
-348.052
-3196.21
-299.367
-3234.88
-249.358
-3268.75
-198.164
-3297.79
-145.912
-3321.97
-92.7273
-3341.26
-38.7232
-3355.64
16.0167
-3365.09
71.4074
-3369.57
127.363
-3369.07
183.842
-3363.57
240.783
-3353.07
298.127
-3337.56
355.823
-3317.09
413.844
-3291.68
472.184
-3261.41
530.859
-3226.36
589.906
-3186.67
649.365
-3142.48
709.28
-3093.98
769.673
-3041.37
830.536
-2984.87
891.805
-2924.74
953.345
-2861.21
1014.92
-2794.52
1076.17
-2724.88
1136.56
-2652.42
1195.4
-2577.11
1251.73
-2498.75
1304.34
-2416.79
1351.65
-2330.18
1391.5
-2237.06
1420.79
-2134.22
1434.69
-2015.91
1425.49
-1872.68
1381.27
-1690.56
1279.7
-1458.25
1089.41
-1192.67
809.581
366.24
56.8572
138.075
97.554
171.807
131.543
195.374
161.744
210.25
189.748
218.44
216.313
221.015
241.743
218.922
266.086
213.001
289.229
204.074
311.01
192.869
331.28
180.035
349.938
166.137
366.938
151.667
382.285
137.045
396.032
122.624
408.264
108.695
419.093
95.4887
428.65
83.1842
437.072
71.9102
444.501
61.7515
451.076
52.7536
456.929
44.9267
462.183
38.2508
466.951
32.68
471.33
28.1474
475.406
24.5697
479.251
21.8506
482.922
19.8859
486.464
18.5667
489.908
17.7828
493.275
17.4251
496.572
17.387
499.801
17.5673
502.954
17.8737
506.018
18.2237
508.979
18.5418
511.813
18.7587
514.493
18.8178
516.993
18.6755
519.286
18.2985
521.345
17.6633
523.144
16.7557
524.657
15.5698
525.86
14.1073
526.732
12.3763
527.254
10.3898
527.41
8.16615
527.185
5.72601
526.57
3.09253
525.559
0.290325
524.15
-2.65318
522.343
-5.70611
520.144
-8.83372
517.558
-11.9998
514.597
-15.1682
511.273
-18.3033
507.606
-21.3703
503.617
-24.3356
499.331
-27.1669
494.776
-29.834
489.984
-32.3087
484.988
-34.565
479.824
-36.5801
474.53
-38.3334
469.145
-39.8079
463.708
-40.9903
458.26
-41.8731
452.839
-42.4534
447.483
-42.7335
442.225
-42.7235
437.096
-42.4338
432.13
-41.8806
427.351
-41.0893
422.783
-40.0925
418.441
-38.9308
414.336
-37.6534
410.473
-36.3187
406.849
-34.9953
403.452
-33.7627
400.265
-32.713
397.26
-31.9522
394.402
-31.6018
391.645
-31.8008
388.94
-32.7129
386.229
-34.5292
383.452
-37.4704
380.545
-41.7938
377.454
-47.7984
374.133
-55.8301
370.563
-66.2853
366.757
-79.6092
362.779
-96.2854
358.75
-116.815
354.856
-141.673
351.333
-171.245
348.4
-205.678
346.166
-244.8
344.368
-287.863
342.152
-332.071
337.468
-374.946
327.163
-413.396
307.433
-442.916
273.7
-461.5
221.592
-466.643
149.234
-457.184
60.2274
-435.517
-33.6567
-411.288
-120.15
-392.235
-194.906
-378.882
-260.415
-367.731
-319.638
-357.177
-374.431
-346.808
-425.929
-336.936
-474.742
-328.035
-521.295
-320.586
-565.969
-314.997
-609.149
-311.569
-651.23
-310.517
-692.616
-311.993
-733.731
-316.097
-775.018
-322.857
-816.933
-332.243
-859.935
-344.189
-904.478
-358.581
-950.998
-375.261
-999.909
-394.022
-1051.59
-414.622
-1106.38
-436.783
-1164.57
-460.198
-1226.4
-484.528
-1292.06
-509.408
-1361.7
-534.457
-1435.37
-559.278
-1513.09
-583.473
-1594.8
-606.644
-1680.36
-628.41
-1769.61
-648.405
-1862.28
-666.294
-1958.07
-681.775
-2056.64
-694.588
-2157.58
-704.519
-2260.45
-711.398
-2364.81
-715.117
-2470.19
-715.608
-2576.12
-712.823
-2682.07
-706.761
-2787.53
-697.476
-2892.03
-685.035
-2995.05
-669.526
-3096.12
-651.06
-3194.77
-629.769
-3290.56
-605.796
-3383.08
-579.288
-3471.93
-550.392
-3556.76
-519.258
-3637.22
-486.031
-3713.03
-450.853
-3783.9
-413.861
-3849.6
-375.185
-3909.92
-334.951
-3964.69
-293.277
-4013.78
-250.282
-4057.06
-206.08
-4094.43
-160.786
-4125.83
-114.516
-4151.17
-67.3831
-4170.4
-19.502
-4183.43
29.0494
-4190.2
78.181
-4190.66
127.821
-4184.77
177.953
-4172.51
228.518
-4153.85
279.47
-4128.8
330.771
-4097.37
382.417
-4059.61
434.421
-4015.57
486.827
-3965.36
539.694
-3909.09
593.093
-3846.9
647.09
-3778.96
701.735
-3705.47
757.043
-3626.63
812.969
-3542.68
869.388
-3453.82
926.061
-3360.24
982.591
-3262.06
1038.38
-3159.22
1092.55
-3051.42
1143.93
-2938.02
1190.93
-2817.84
1231.47
-2689.05
1262.72
-2548.97
1280.71
-2393.44
1279.15
-2215.8
1247.84
-2007.5
1172.98
-1759.6
1031.8
-1484.72
814.516
-1223.15
548.013
209.276
65.0473
73.0278
111.801
125.053
150.555
156.62
184.798
176.008
216.715
186.523
247.264
190.465
276.826
189.36
305.448
184.379
332.933
176.589
359.016
166.787
383.455
155.596
406.071
143.521
426.76
130.978
445.487
118.318
462.281
105.831
477.218
93.7571
490.417
82.2905
502.018
71.5824
512.184
61.7449
521.08
52.8549
528.877
44.9567
535.739
38.0651
541.821
32.1687
547.267
27.2335
552.208
23.2069
556.757
20.0209
561.011
17.596
565.052
15.8447
568.945
14.6745
572.736
13.9913
576.46
13.7009
580.137
13.7106
583.773
13.9314
587.365
14.2813
590.904
14.6853
594.371
15.075
597.741
15.3887
600.984
15.5748
604.067
15.592
606.957
15.4089
609.618
15.0025
612.015
14.3585
614.114
13.4703
615.884
12.3379
617.293
10.9672
618.313
9.36918
618.92
7.55925
619.092
5.55392
618.812
3.37321
618.066
1.03622
616.848
-1.43544
615.155
-4.01315
612.987
-6.66526
610.346
-9.3594
607.242
-12.0639
603.686
-14.7478
599.697
-17.3813
595.297
-19.9353
590.512
-22.3819
585.373
-24.6947
579.914
-26.8497
574.173
-28.8241
568.192
-30.5988
562.013
-32.1548
555.682
-33.4768
549.244
-34.5529
542.747
-35.3759
536.236
-35.9426
529.757
-36.2542
523.351
-36.3173
517.058
-36.1406
510.915
-35.7383
504.957
-35.1312
499.211
-34.3465
493.699
-33.4184
488.434
-32.3889
483.424
-31.3082
478.664
-30.2357
474.143
-29.241
469.834
-28.4048
465.703
-27.8209
461.699
-27.598
457.761
-27.8621
453.811
-28.7635
449.762
-30.48
445.512
-33.2199
440.948
-37.2307
435.956
-42.8061
430.42
-50.294
424.238
-60.1036
417.335
-72.7063
409.676
-88.6261
401.281
-108.42
392.229
-132.622
382.665
-161.68
372.768
-195.782
362.555
-234.587
351.376
-276.685
337.795
-318.49
317.946
-355.097
286.147
-381.598
237.475
-394.244
168.153
-392.179
77.3944
-375.884
-27.8736
-351.916
-132.426
-330.965
-223.966
-319.748
-302.121
-314.08
-371.655
-309.348
-435.995
-303.391
-496.901
-296.271
-555.146
-288.563
-611.11
-280.972
-665.054
-274.092
-717.244
-268.397
-767.99
-264.25
-817.652
-261.907
-866.63
-261.54
-915.339
-263.284
-964.23
-267.206
-1013.78
-273.306
-1064.47
-281.553
-1116.78
-291.882
-1171.17
-304.189
-1228.1
-318.334
-1287.97
-334.144
-1351.18
-351.413
-1418.05
-369.911
-1488.87
-389.377
-1563.88
-409.527
-1643.22
-430.059
-1727.02
-450.658
-1815.3
-470.998
-1908.03
-490.749
-2005.08
-509.589
-2106.29
-527.202
-2211.4
-543.293
-2320.11
-557.588
-2432.04
-569.846
-2546.77
-579.857
-2663.83
-587.45
-2782.74
-592.493
-2902.96
-594.893
-3023.98
-594.596
-3145.22
-591.581
-3266.12
-585.861
-3386.12
-577.471
-3504.68
-566.474
-3621.26
-552.948
-3735.33
-536.987
-3846.4
-518.703
-3953.99
-498.212
-4057.64
-475.635
-4156.94
-451.093
-4251.49
-424.706
-4340.93
-396.59
-4424.93
-366.856
-4503.18
-335.612
-4575.4
-302.956
-4641.38
-268.98
-4700.88
-233.774
-4753.74
-197.425
-4799.79
-160.025
-4838.91
-121.665
-4870.98
-82.4475
-4895.88
-42.4792
-4913.51
-1.88094
-4923.73
39.2758
-4926.45
80.9017
-4921.61
122.975
-4909.16
165.503
-4889.06
208.418
-4861.28
251.696
-4825.82
295.307
-4782.67
339.271
-4731.87
383.622
-4673.47
428.426
-4607.54
473.762
-4534.17
519.72
-4453.47
566.386
-4365.56
613.827
-4270.59
662.07
-4168.7
711.08
-4060.04
760.729
-3944.73
810.758
-3822.86
860.716
-3694.36
909.877
-3558.95
957.151
-3416.01
1000.98
-3264.34
1039.27
-3102.1
1069.22
-2926.59
1087.21
-2734.82
1088.95
-2523.65
1067.98
-2288.4
1012.59
-2025.09
909.668
-1739.95
746.661
-1468.33
542.896
-1252.6
332.289
113.277
63.6952
9.3326
113.403
75.3457
154.563
115.459
192.023
138.548
227.91
150.635
262.92
155.455
297.246
155.033
330.825
150.8
363.285
144.129
394.227
135.845
423.309
126.514
450.281
116.548
474.989
106.271
497.365
95.9413
517.423
85.7735
535.235
75.9443
550.927
66.5983
564.659
57.8512
576.612
49.7912
586.985
42.4818
595.979
35.9629
603.792
30.2519
610.616
25.3448
616.63
21.2195
621.999
17.8386
626.868
15.1517
631.365
13.0983
635.6
11.6105
639.658
10.6157
643.611
10.0387
647.508
9.80422
651.382
9.83649
655.251
10.0622
659.119
10.4128
662.98
10.8247
666.815
11.2394
670.6
11.6045
674.299
11.8753
677.876
12.0153
681.289
11.9961
684.494
11.7967
687.449
11.4036
690.11
10.8097
692.434
10.0135
694.383
9.01895
695.918
7.83419
697.005
6.47154
697.614
4.94508
697.717
3.27061
697.293
1.4596
696.332
-0.474401
694.825
-2.50595
692.766
-4.60615
690.154
-6.74731
686.993
-8.90343
683.295
-11.0497
679.076
-13.162
674.358
-15.217
669.167
-17.1916
663.537
-19.0647
657.505
-20.8172
651.111
-22.4305
644.403
-23.8903
637.428
-25.1796
630.236
-26.2848
622.879
-27.1962
615.41
-27.9074
607.883
-28.4153
600.349
-28.7205
592.859
-28.8272
585.461
-28.7419
578.198
-28.4754
571.11
-28.044
564.233
-27.4689
557.591
-26.7769
551.204
-26.0016
545.079
-25.1833
539.213
-24.37
533.591
-23.6187
528.182
-22.9956
522.939
-22.5784
517.799
-22.458
512.679
-22.7413
507.473
-23.5581
502.057
-25.0633
496.278
-27.4413
489.964
-30.9161
482.917
-35.7597
474.926
-42.3024
465.767
-50.9452
455.222
-62.1608
443.08
-76.4847
429.173
-94.5122
413.405
-116.854
395.775
-144.049
376.349
-176.357
354.903
-213.141
329.951
-251.733
298.351
-286.89
254.063
-310.809
190.448
-317.983
103.788
-307.584
-4.02295
-284.367
-121.504
-258.403
-231.282
-242.138
-324.2
-238.046
-403.911
-240.037
-476.554
-241.437
-545.64
-240.262
-612.291
-236.739
-676.87
-231.692
-739.501
-225.932
-800.299
-220.174
-859.427
-214.964
-917.121
-210.702
-973.692
-207.679
-1029.51
-206.09
-1084.99
-206.063
-1140.57
-207.7
-1196.74
-211.031
-1254.01
-216.041
-1312.86
-222.702
-1373.79
-230.951
-1437.28
-240.702
-1503.77
-251.84
-1573.69
-264.227
-1647.4
-277.701
-1725.24
-292.076
-1807.47
-307.147
-1894.3
-322.693
-1985.88
-338.482
-2082.27
-354.269
-2183.46
-369.803
-2289.38
-384.832
-2399.86
-399.107
-2514.68
-412.388
-2633.52
-424.45
-2756.03
-435.084
-2881.76
-444.108
-3010.26
-451.363
-3140.98
-456.727
-3273.38
-460.099
-3406.86
-461.404
-3540.85
-460.612
-3674.71
-457.718
-3807.85
-452.725
-3939.65
-445.665
-4069.54
-436.587
-4196.93
-425.556
-4321.27
-412.647
-4442.03
-397.947
-4558.7
-381.544
-4670.8
-363.533
-4777.89
-344.004
-4879.55
-323.048
-4975.38
-300.752
-5065.04
-277.199
-5148.18
-252.468
-5224.51
-226.629
-5293.75
-199.742
-5355.65
-171.869
-5410.01
-143.072
-5456.61
-113.417
-5495.3
-82.9762
-5525.92
-51.8285
-5548.33
-20.0711
-5562.35
12.1376
-5567.79
44.7211
-5564.59
77.7016
-5552.68
111.058
-5531.99
144.813
-5502.44
178.875
-5464.01
213.261
-5416.65
247.947
-5360.36
282.982
-5295.14
318.402
-5221.01
354.29
-5137.97
390.731
-5046.08
427.822
-4945.34
465.652
-4835.81
504.292
-4717.5
543.767
-4590.46
584.037
-4454.7
624.971
-4310.24
666.296
-4157.05
707.529
-3995
747.822
-3823.66
785.81
-3642.17
819.498
-3449.12
846.221
-3242.42
862.522
-3019.27
864.056
-2776.92
846.591
-2514.66
805.721
-2234.27
732.204
-1942.08
617.472
-1662.56
467.14
-1434.02
314.363
-1284.65
182.919
64.7094
50.7732
-41.4406
94.6356
31.4833
135.49
74.6047
176.201
97.8378
217.374
109.463
258.472
114.357
299.135
114.37
339.152
110.783
377.862
105.419
414.717
98.99
449.305
91.9261
481.334
84.5198
510.633
76.9712
537.133
69.4411
560.847
62.0596
581.858
54.9337
600.304
48.1524
616.366
41.7893
630.254
35.9028
642.197
30.5389
652.43
25.7296
661.19
21.4928
668.705
17.8299
675.194
14.7298
680.862
12.171
685.891
10.1222
690.446
8.54393
694.666
7.39049
698.669
6.61198
702.552
6.15599
706.387
5.96905
710.227
5.99686
714.103
6.18594
718.031
6.48467
722.012
6.84437
726.031
7.22019
730.063
7.57192
734.074
7.86483
738.019
8.06981
741.852
8.16334
745.521
8.12815
748.971
7.95277
752.151
7.6304
755.006
7.15873
757.485
6.53949
759.541
5.77793
761.13
4.88245
762.211
3.86419
762.745
2.73674
762.699
1.50548
762.06
0.164888
760.812
-1.25746
758.94
-2.73499
756.439
-4.24594
753.308
-5.77194
749.553
-7.29568
745.192
-8.8002
740.243
-10.2686
734.735
-11.6831
728.7
-13.0299
722.178
-14.2949
715.212
-15.4648
707.855
-16.5335
700.159
-17.4831
692.177
-18.303
683.967
-18.9866
675.589
-19.5294
667.103
-19.929
658.568
-20.1852
650.041
-20.301
641.58
-20.2805
633.235
-20.1307
625.054
-19.8629
617.077
-19.4914
609.335
-19.0349
601.85
-18.5172
594.634
-17.9671
587.683
-17.4194
580.98
-16.9152
574.488
-16.5032
568.149
-16.24
561.884
-16.1929
555.586
-16.4436
549.12
-17.0923
542.314
-18.2574
534.957
-20.0842
526.795
-22.7535
517.524
-26.4887
506.791
-31.57
494.197
-38.3508
479.288
-47.2514
461.574
-58.7716
440.562
-73.5001
415.803
-92.0949
386.904
-115.15
353.385
-142.838
314.248
-174.004
266.455
-203.939
205.907
-226.341
125.9
-230.803
22.9409
-215.024
-97.0758
-187.567
-218.754
-162.689
-326.253
-150.904
-416.121
-152.27
-495.224
-158.944
-570.573
-164.688
-644.561
-167.449
-717.405
-167.419
-788.789
-165.355
-858.467
-162.014
-926.332
-158.067
-992.437
-154.069
-1056.96
-150.438
-1120.19
-147.476
-1182.47
-145.395
-1244.23
-144.333
-1305.91
-144.384
-1368.01
-145.599
-1431.05
-147.986
-1495.56
-151.534
-1562.05
-156.216
-1631.02
-161.983
-1702.95
-168.769
-1778.3
-176.491
-1857.47
-185.05
-1940.84
-194.33
-2028.72
-204.201
-2121.35
-214.52
-2218.91
-225.133
-2321.51
-235.881
-2429.18
-246.595
-2541.88
-257.103
-2659.48
-267.234
-2781.77
-276.817
-2908.47
-285.69
-3039.22
-293.699
-3173.59
-300.706
-3311.12
-306.586
-3451.24
-311.237
-3593.4
-314.57
-3736.98
-316.518
-3881.35
-317.035
-4025.86
-316.107
-4169.85
-313.727
-4312.68
-309.894
-4453.71
-304.635
-4592.31
-297.985
-4727.88
-289.991
-4859.82
-280.704
-4987.58
-270.184
-5110.63
-258.491
-5228.48
-245.689
-5340.64
-231.837
-5446.69
-216.998
-5546.22
-201.228
-5638.83
-184.583
-5724.18
-167.12
-5801.93
-148.886
-5871.76
-129.908
-5933.41
-110.221
-5986.61
-89.8675
-6031.14
-68.888
-6066.79
-47.3239
-6093.4
-25.2241
-6110.81
-2.65514
-6118.71
20.0321
-6116.89
42.8989
-6105.41
66.2274
-6084.11
89.7514
-6052.87
113.577
-6011.58
137.585
-5960.19
161.873
-5898.64
186.394
-5826.88
211.227
-5744.87
236.386
-5652.54
261.958
-5549.82
288.012
-5436.63
314.637
-5312.89
341.913
-5178.51
369.905
-5033.37
398.626
-4877.34
428.014
-4710.27
457.902
-4531.98
488.004
-4342.36
517.908
-4141.36
546.828
-3928.97
573.411
-3704.73
595.262
-3467.87
609.365
-3217.43
612.082
-2952.39
599.013
-2671.59
565.792
-2375.41
509.543
-2073.7
430.487
-1790.42
334.196
-1559.06
235.782
-1396.86
152.161
-1307.18
93.2363
39.4614
13.8927
-55.3332
43.6957
1.68033
82.7011
35.5993
128.544
51.9946
178.166
59.8412
228.337
64.1858
278.01
64.6973
326.918
61.8755
373.954
58.3824
418.425
54.5188
459.909
50.4418
498.146
46.2829
533.006
42.1118
564.457
37.9897
592.547
33.9697
617.385
30.0958
639.133
26.4046
657.994
22.928
674.204
19.6924
688.02
16.7234
699.716
14.0336
709.564
11.6445
717.834
9.55982
724.787
7.7766
730.671
6.28731
735.714
5.07927
740.123
4.13494
744.081
3.43263
747.745
2.94748
751.249
2.65272
754.698
2.51992
758.173
2.52151
761.73
2.62894
765.403
2.81147
769.207
3.04069
773.137
3.2903
777.172
3.53642
781.279
3.75793
785.412
3.93675
789.517
4.05898
793.532
4.11342
797.393
4.09157
801.035
3.98857
804.391
3.80224
807.398
3.5329
809.992
3.18313
812.118
2.75735
813.719
2.2629
814.749
1.70679
815.165
1.0889
814.94
0.390232
814.048
-0.365005
812.464
-1.15156
810.172
-1.95386
807.165
-2.76501
803.447
-3.57746
799.029
-4.38255
793.931
-5.17072
788.175
-5.92696
781.799
-6.65329
774.847
-7.34337
767.364
-7.98227
759.413
-8.5816
751.037
-9.10774
742.296
-9.56142
733.253
-9.94356
723.976
-10.2527
714.534
-10.4869
704.994
-10.6451
695.421
-10.7282
685.88
-10.7393
676.431
-10.6822
667.13
-10.5612
658.022
-10.3839
649.147
-10.1599
640.532
-9.90184
632.19
-9.62545
624.12
-9.3495
616.302
-9.09658
608.692
-8.89336
601.223
-8.77067
593.794
-8.76466
586.275
-8.92464
578.493
-9.30974
570.216
-9.98055
561.156
-11.0247
550.954
-12.551
539.163
-14.6978
525.236
-17.643
508.51
-21.6244
488.172
-26.9141
463.257
-33.8567
432.621
-42.8632
394.925
-54.3992
348.815
-69.0404
293.204
-87.227
225.289
-106.089
136.402
-115.052
30.3972
-120.336
-82.6834
-117.722
-201.945
-95.7628
-314.064
-75.4473
-409.313
-67.4407
-490.068
-70.1491
-565.86
-76.4784
-642.691
-82.1122
-721.598
-85.7812
-801.46
-87.5863
-881.043
-87.8352
-959.47
-86.9279
-1036.19
-85.2942
-1110.96
-83.2942
-1183.81
-81.2246
-1254.93
-79.3138
-1324.68
-77.731
-1393.47
-76.5977
-1461.81
-76.0021
-1530.19
-75.9992
-1599.2
-76.5941
-1669.39
-77.7922
-1741.33
-79.5977
-1815.55
-81.9914
-1892.58
-84.9492
-1972.92
-88.435
-2057.01
-92.4042
-2145.25
-96.8039
-2238.01
-101.573
-2335.57
-106.642
-2438.15
-111.935
-2545.91
-117.375
-2658.92
-122.874
-2777.17
-128.347
-2900.57
-133.704
-3028.95
-138.854
-3162.05
-143.711
-3299.55
-148.191
-3441.04
-152.213
-3586.03
-155.708
-3734.01
-158.611
-3884.38
-160.869
-4036.51
-162.438
-4189.74
-163.288
-4343.37
-163.407
-4496.7
-162.776
-4649.05
-161.375
-4799.73
-159.214
-4948.05
-156.309
-5093.36
-152.678
-5235.01
-148.344
-5372.38
-143.335
-5504.88
-137.68
-5631.96
-131.409
-5753.1
-124.552
-5867.8
-117.14
-5975.6
-109.199
-6076.07
-100.756
-6168.81
-91.8355
-6253.47
-82.469
-6329.65
-72.7036
-6397.03
-62.5241
-6455.31
-51.9396
-6504.2
-40.9779
-6543.42
-29.6693
-6572.7
-18.0455
-6591.75
-6.1717
-6600.49
6.08604
-6598.71
18.2546
-6586.32
30.5038
-6563.36
43.2718
-6529.27
55.6571
-6483.99
68.2931
-6427.08
80.6776
-6358.71
93.5052
-6278.82
106.502
-6187.46
119.872
-6084.41
133.336
-5969.48
147.029
-5842.49
161.014
-5703.2
175.347
-5551.36
190.079
-5386.71
205.25
-5208.92
220.838
-5017.7
236.795
-4812.77
252.975
-4593.89
269.124
-4360.88
284.889
-4113.88
299.836
-3853.75
313.279
-3581.37
322.883
-3298.01
326.005
-3006.01
320.075
-2708.64
301.644
-2410.1
267.254
-2117.91
217.354
-1849.65
162.231
-1628.75
113.297
-1474.95
81.9803
-1378.13
55.3335
-1317.62
32.7331
20.8277
-55.3332
-53.6529
-18.0536
33.941
93.7822
157.968
222.665
284.541
342.923
397.442
447.884
494.167
536.278
574.268
608.238
638.334
664.738
687.666
707.359
724.082
738.116
749.76
759.32
767.096
773.384
778.463
782.598
786.031
788.978
791.631
794.151
796.672
799.301
802.113
805.153
808.444
811.98
815.738
819.675
823.734
827.847
831.939
835.927
839.73
843.262
846.446
849.203
851.466
853.173
854.262
854.652
854.287
853.135
851.181
848.416
844.839
840.456
835.286
829.359
822.705
815.362
807.38
798.798
789.69
780.129
770.185
759.933
749.446
738.801
728.072
717.333
706.651
696.09
685.706
675.546
665.644
656.019
646.669
637.573
628.679
619.909
611.144
602.219
592.91
582.929
571.904
559.353
544.656
527.013
505.388
478.474
444.617
401.754
347.355
278.315
191.088
84.9983
-30.0542
-150.39
-268.112
-363.875
-439.322
-506.763
-576.912
-653.391
-735.503
-821.284
-908.87
-996.705
-1083.63
-1168.93
-1252.22
-1333.45
-1412.76
-1490.49
-1567.09
-1643.09
-1719.09
-1795.68
-1873.48
-1953.07
-2035.07
-2120.01
-2208.45
-2300.85
-2397.66
-2499.23
-2605.87
-2717.81
-2835.18
-2958.06
-3086.4
-3220.11
-3358.96
-3502.67
-3650.86
-3803.08
-3958.79
-4117.4
-4278.27
-4440.7
-4603.99
-4767.4
-4930.17
-5091.55
-5250.76
-5407.07
-5559.75
-5708.1
-5851.43
-5989.11
-6120.52
-6245.07
-6362.21
-6471.41
-6572.17
-6664
-6746.47
-6819.18
-6881.7
-6933.64
-6974.62
-7004.29
-7022.33
-7028.5
-7022.42
-7004.16
-6973.66
-6930.39
-6874.73
-6806.44
-6725.76
-6632.25
-6525.75
-6405.88
-6272.54
-6125.52
-5964.5
-5789.15
-5599.08
-5393.83
-5172.99
-4936.19
-4683.22
-4414.09
-4129.2
-3829.37
-3516.09
-3193.21
-2867.2
-2547.13
-2245.48
-1978.23
-1760.87
-1598.64
-1485.35
-1403.37
-1348.03
-1315.3
)
;

boundaryField
{
    walls
    {
        type            calculated;
        value           uniform 0;
    }
    inlet
    {
        type            calculated;
        value           nonuniform List<scalar> 
20
(
-5e-005
-5e-005
-5e-005
-5e-005
-5e-005
-5e-005
-5e-005
-5e-005
-5e-005
-5e-005
-5e-005
-5e-005
-5e-005
-5e-005
-5e-005
-5e-005
-5e-005
-5e-005
-5e-005
-5e-005
)
;
    }
    outlet
    {
        type            calculated;
        value           nonuniform List<scalar> 
20
(
2277.91
2134.48
1875.24
1607.17
1300.16
968.087
624.432
268.911
-69.7223
-364
-614.046
-782.465
-903.214
-988.682
-1066.18
-1156.6
-1236.09
-1281.93
-1298.99
-1294.47
)
;
    }
    frontAndBack
    {
        type            empty;
        value           nonuniform 0();
    }
}


// ************************************************************************* //
