/*--------------------------------*- C++ -*----------------------------------*\
| =========                 |                                                 |
| \\      /  F ield         | OpenFOAM: The Open Source CFD Toolbox           |
|  \\    /   O peration     | Version:  5.x                                   |
|   \\  /    A nd           | Web:      www.OpenFOAM.org                      |
|    \\/     M anipulation  |                                                 |
\*---------------------------------------------------------------------------*/
/*   Windows 32 and 64 bit porting by blueCAPE: http://www.bluecape.com.pt   *\
|  Based on Windows porting (2.0.x v4) by Symscape: http://www.symscape.com   |
\*---------------------------------------------------------------------------*/
FoamFile
{
    version     2.0;
    format      ascii;
    class       volScalarField;
    location    "1000";
    object      omega;
}
// * * * * * * * * * * * * * * * * * * * * * * * * * * * * * * * * * * * * * //

dimensions      [0 0 -1 0 0 0 0];

internalField   nonuniform List<scalar> 
4000
(
191.904
191.712
191.521
191.33
191.139
190.948
190.758
190.568
190.378
190.189
190
189.811
189.622
189.434
189.246
189.058
188.871
188.684
188.497
188.31
188.124
187.938
187.752
187.566
187.381
187.196
187.011
186.827
186.643
186.459
186.275
186.092
185.909
185.726
185.544
185.361
185.179
184.998
184.816
184.635
184.454
184.273
184.093
183.913
183.733
183.553
183.374
183.195
183.016
182.838
182.659
182.481
182.303
182.126
181.949
181.772
181.595
181.418
181.242
181.066
180.891
180.715
180.54
180.365
180.19
180.016
179.842
179.668
179.494
179.321
179.147
178.975
178.802
178.629
178.457
178.285
178.114
177.942
177.771
177.6
177.429
177.259
177.089
176.919
176.749
176.58
176.41
176.242
176.073
175.904
175.736
175.568
175.4
175.233
175.065
174.898
174.732
174.565
174.399
174.233
174.067
173.901
173.736
173.571
173.406
173.241
173.077
172.912
172.748
172.585
172.421
172.258
172.095
171.932
171.769
171.607
171.445
171.283
171.121
170.96
170.799
170.638
170.477
170.316
170.156
169.996
169.836
169.677
169.517
169.358
169.199
169.04
168.882
168.724
168.566
168.408
168.25
168.093
167.936
167.779
167.622
167.465
167.309
167.153
166.997
166.842
166.686
166.531
166.376
166.221
166.067
165.912
165.758
165.604
165.451
165.297
165.144
164.991
164.838
164.685
164.533
164.381
164.229
164.077
163.925
163.774
163.623
163.472
163.321
163.171
163.02
162.87
162.72
162.571
162.421
162.272
162.123
161.974
161.825
161.677
161.528
161.38
161.233
161.085
160.937
160.79
160.643
160.496
160.35
160.203
160.057
159.911
159.765
159.619
159.474
159.329
159.184
159.039
158.894
158.75
7.52638
13.1254
17.1222
20.1404
22.3984
24.0063
25.0721
25.7183
26.0674
26.2256
26.2725
26.2627
26.2334
26.2111
26.2134
26.2459
26.3146
26.4265
26.5718
26.7405
26.9264
27.1158
27.299
27.4728
27.657
27.8417
28.019
28.1831
28.3307
28.4576
28.5741
28.7023
28.8166
28.9138
28.9948
29.048
29.077
29.0936
29.112
29.1126
29.0951
29.0561
28.9745
28.8659
28.7551
28.6891
28.6631
28.6741
28.6916
28.7134
28.7248
28.7319
28.7246
28.7163
28.6979
28.6825
28.6589
28.6437
28.6225
28.6147
28.6072
28.6128
28.6169
28.6136
28.5915
28.5702
28.5447
28.5356
28.5247
28.5191
28.5018
28.4927
28.4784
28.4843
28.4957
28.5228
28.5386
28.5528
28.5436
28.5272
28.493
28.4623
28.4224
28.3926
28.3551
28.3295
28.2966
28.2746
28.2452
28.2245
28.2009
28.1896
28.1676
28.1386
28.0657
27.9839
27.9171
27.919
27.9431
27.9933
28.0344
28.0874
28.1218
28.1717
28.1978
28.2315
28.2347
28.2531
28.2582
28.2869
28.3005
28.3225
28.3212
28.3172
28.2915
28.2762
28.2521
28.2549
28.2552
28.2767
28.2881
28.3111
28.3203
28.3428
28.3597
28.4123
28.502
28.6832
28.9733
29.3344
29.53
29.3495
29.007
28.6365
28.3933
28.4317
28.6572
28.8641
28.8942
28.8629
28.865
28.9226
29.0401
29.128
29.12
29.101
29.0714
29.0966
29.1323
29.2052
29.2752
29.3891
29.5321
29.7383
29.9181
30.0287
29.9658
29.8651
29.8095
29.8617
29.9668
30.0961
30.1841
30.144
29.8655
29.6004
29.4342
29.4023
29.2699
28.551
27.4228
26.751
26.2831
26.1876
26.539
26.6171
26.3927
26.7226
26.9488
27.0784
26.9795
26.47
26.2503
26.2583
26.0555
25.9902
26.6884
27.4458
27.9975
29.6863
31.0672
31.6644
32.5106
33.6883
34.2726
34.5458
34.8338
35.1422
35.4134
35.4294
1.85666
2.99536
3.94331
4.68904
5.24169
5.6227
5.86522
6.00682
6.08156
6.11575
6.12712
6.12537
6.11462
6.09811
6.07927
6.06168
6.04426
6.02749
6.01307
5.99885
5.98675
5.97811
5.9726
5.97019
5.96042
5.94783
5.93723
5.93984
5.95003
5.96188
5.96786
5.95448
5.93386
5.91039
5.88552
5.86084
5.83805
5.8356
5.80689
5.76789
5.72517
5.68008
5.61506
5.53257
5.44844
5.37835
5.33481
5.3206
5.32566
5.34311
5.36735
5.39423
5.41445
5.42145
5.41471
5.39909
5.38141
5.38083
5.40448
5.45111
5.50156
5.54088
5.55341
5.54163
5.52203
5.51589
5.52318
5.53996
5.55902
5.58296
5.61349
5.65242
5.69423
5.73537
5.77108
5.80119
5.82304
5.84014
5.84935
5.85229
5.84988
5.84708
5.84321
5.84101
5.8383
5.83742
5.83572
5.83555
5.83513
5.83717
5.8413
5.84865
5.85408
5.85337
5.82986
5.79177
5.75679
5.74255
5.74165
5.74787
5.75491
5.76597
5.77662
5.78938
5.79724
5.80602
5.81341
5.82297
5.82804
5.83402
5.83644
5.83822
5.83572
5.83196
5.82645
5.8235
5.82139
5.82336
5.82489
5.82919
5.83264
5.8357
5.83615
5.83492
5.82971
5.82248
5.82382
5.8727
5.98856
5.99315
5.65911
5.36643
5.53409
5.69001
5.69017
5.68888
5.73395
5.78842
5.83329
5.87975
5.9325
5.97936
6.01849
6.04038
6.04525
6.03752
6.02615
6.03139
6.04967
6.07547
6.09021
6.12133
6.1706
6.24133
6.35009
6.49848
6.51086
6.42178
6.33648
6.29079
6.28746
6.3069
6.43331
6.54379
6.45272
6.25128
6.08845
6.00898
5.73996
5.75118
6.06674
6.08254
6.03574
5.78626
5.71452
5.84289
6.02359
5.92145
6.0258
6.30923
6.43779
6.47187
6.36419
6.17821
6.15349
6.10078
5.86107
5.71526
5.96088
6.17136
6.56115
6.99565
7.14729
6.98655
6.94463
7.10211
7.36588
7.76344
8.02736
8.15992
1.21764
1.52225
1.78332
1.9863
2.13081
2.22521
2.28185
2.31301
2.32849
2.33503
2.33657
2.33467
2.32937
2.32055
2.30859
2.29473
2.27848
2.25848
2.2366
2.21391
2.18993
2.16664
2.14484
2.12444
2.10368
2.08384
2.06525
2.04727
2.03133
2.01782
2.00495
1.98976
1.97431
1.95936
1.94519
1.93149
1.9183
1.90109
1.89115
1.88548
1.88148
1.87718
1.87314
1.87087
1.86875
1.86567
1.85715
1.8447
1.83003
1.81507
1.79858
1.7827
1.76938
1.75995
1.75317
1.74786
1.74146
1.73063
1.71479
1.697
1.68192
1.67282
1.67166
1.67442
1.67332
1.66651
1.65787
1.65048
1.64433
1.63808
1.63071
1.62313
1.61684
1.61387
1.61328
1.61397
1.61405
1.61297
1.62508
1.6424
1.65383
1.66204
1.66784
1.67303
1.67853
1.68629
1.692
1.69309
1.68734
1.67266
1.64979
1.62483
1.61424
1.6356
1.69629
1.76782
1.82645
1.8649
1.88786
1.90122
1.90956
1.91664
1.92388
1.93093
1.93656
1.9413
1.9475
1.95623
1.96328
1.96802
1.97096
1.97313
1.97434
1.97518
1.97592
1.97703
1.97815
1.97931
1.98027
1.98153
1.98316
1.984
1.98301
1.97956
1.97221
1.95772
1.9381
1.9266
1.90805
1.89011
1.92519
1.94976
1.90288
1.91462
1.92
1.91141
1.92308
1.93861
1.95027
1.95657
1.96459
1.9831
2.00066
2.01245
2.02433
2.027
2.02172
2.01858
2.02593
2.03386
2.03392
2.03215
2.03616
2.05752
2.06891
2.02028
2.01444
2.03943
2.05727
2.06117
2.06289
2.0806
2.03756
1.92736
1.96533
2.00888
2.01784
2.01474
2.07088
2.17172
2.25551
2.29311
2.28739
2.27963
2.18148
2.16028
2.18247
2.12965
2.19937
2.26458
2.32248
2.36128
2.32748
2.25183
2.23449
2.25096
2.11965
2.04345
2.08891
2.12815
2.26182
2.42313
2.39178
2.31874
2.27774
2.29406
2.34633
2.42028
2.48724
2.55197
1.06088
1.15326
1.23039
1.28963
1.33057
1.35626
1.37097
1.37864
1.3822
1.38352
1.38357
1.38263
1.38052
1.37697
1.37196
1.36591
1.3588
1.35023
1.3409
1.33139
1.32156
1.31201
1.30307
1.29473
1.28686
1.27955
1.27262
1.2654
1.25843
1.25188
1.24594
1.24038
1.23524
1.23043
1.22576
1.22097
1.21582
1.21003
1.20699
1.20592
1.20562
1.20629
1.20892
1.21197
1.2142
1.21517
1.21376
1.21043
1.20599
1.20114
1.19597
1.19126
1.18762
1.18545
1.18451
1.18415
1.18293
1.18017
1.17535
1.16936
1.16433
1.16165
1.16271
1.16775
1.17151
1.1722
1.17092
1.16922
1.1673
1.16496
1.16218
1.15936
1.15692
1.15532
1.15449
1.15437
1.15575
1.15328
1.14604
1.14136
1.13928
1.13797
1.13707
1.13629
1.13551
1.13425
1.13346
1.13363
1.13511
1.1384
1.14375
1.1496
1.1514
1.14833
1.14001
1.1326
1.13028
1.13284
1.1352
1.13837
1.14236
1.14506
1.15114
1.15929
1.17166
1.18433
1.18025
1.16471
1.15593
1.15497
1.1555
1.15592
1.15676
1.15804
1.15898
1.15898
1.15928
1.1595
1.15956
1.15946
1.16025
1.16842
1.17862
1.18734
1.20109
1.21956
1.22381
1.22134
1.2173
1.22352
1.24955
1.26269
1.24008
1.21371
1.21804
1.21835
1.21717
1.19221
1.20874
1.22588
1.23366
1.24967
1.26166
1.27179
1.24108
1.21977
1.247
1.26358
1.2491
1.25079
1.26944
1.27539
1.27415
1.28062
1.24776
1.2317
1.23285
1.2326
1.24153
1.25631
1.2576
1.27053
1.23645
1.25249
1.25662
1.28239
1.29996
1.31281
1.33909
1.36615
1.35986
1.35757
1.35445
1.38102
1.35543
1.33556
1.31721
1.3131
1.31352
1.31124
1.31044
1.30977
1.30771
1.31131
1.31437
1.32174
1.26422
1.2824
1.33457
1.3507
1.36981
1.37608
1.36851
1.36168
1.37947
1.41477
1.44943
1.47092
1.47972
1.48485
1.01613
1.04308
1.0653
1.08248
1.09428
1.10155
1.1056
1.10764
1.10853
1.10881
1.10875
1.1084
1.1077
1.10655
1.10493
1.10296
1.10069
1.09809
1.09532
1.09252
1.08971
1.08699
1.08442
1.082
1.07971
1.07757
1.07552
1.0734
1.07124
1.06908
1.06707
1.06526
1.06362
1.06209
1.06058
1.05898
1.05726
1.05566
1.05455
1.05392
1.05356
1.05364
1.05443
1.05533
1.05595
1.05621
1.05602
1.0555
1.05472
1.05377
1.05273
1.05179
1.05107
1.05073
1.05071
1.05079
1.0507
1.05004
1.04874
1.04718
1.04568
1.04487
1.04509
1.04651
1.04879
1.0502
1.05027
1.04917
1.04796
1.04688
1.04582
1.04493
1.04421
1.04375
1.04374
1.04409
1.04407
1.04365
1.04125
1.0393
1.03836
1.03778
1.03742
1.03712
1.0368
1.03637
1.0361
1.03622
1.03687
1.03817
1.0399
1.04158
1.04238
1.04033
1.03548
1.03108
1.02985
1.02961
1.02979
1.03001
1.03023
1.03074
1.03121
1.03177
1.03156
1.03143
1.03312
1.03564
1.03605
1.0357
1.03492
1.03345
1.03272
1.0327
1.03288
1.03339
1.03512
1.03676
1.03764
1.03814
1.03855
1.03832
1.03774
1.03805
1.03461
1.03875
1.05556
1.05858
1.05171
1.05135
1.05415
1.05197
1.04517
1.04387
1.04638
1.04924
1.04548
1.04723
1.04421
1.04767
1.05805
1.06194
1.07122
1.07115
1.05856
1.05152
1.0442
1.04753
1.05554
1.05611
1.05601
1.05505
1.05464
1.05561
1.06224
1.06778
1.06264
1.06065
1.05932
1.0576
1.05898
1.05814
1.07301
1.08316
1.08916
1.08793
1.08221
1.08187
1.07866
1.07815
1.10045
1.11109
1.11214
1.12101
1.13583
1.14267
1.12477
1.10726
1.0868
1.09401
1.08926
1.08932
1.08151
1.0857
1.09058
1.08617
1.08701
1.10079
1.15931
1.14676
1.15408
1.1579
1.15892
1.16425
1.18302
1.19876
1.20967
1.24994
1.32551
1.29594
1.00401
1.01101
1.01677
1.02135
1.02454
1.02651
1.0276
1.02814
1.02837
1.02843
1.0284
1.0283
1.0281
1.02779
1.02736
1.02683
1.02623
1.02558
1.02489
1.02419
1.0235
1.02283
1.0222
1.02159
1.02101
1.02046
1.01993
1.01939
1.01884
1.01828
1.01774
1.01725
1.01679
1.01636
1.01593
1.01548
1.01501
1.01458
1.01421
1.0139
1.01365
1.01349
1.01346
1.01349
1.01349
1.01344
1.01336
1.01326
1.01312
1.01294
1.01273
1.01252
1.01231
1.01215
1.01202
1.01203
1.01211
1.01199
1.01176
1.01147
1.01116
1.01095
1.01087
1.01056
1.01036
1.01031
1.01035
1.01029
1.01004
1.00979
1.00964
1.00954
1.00949
1.00948
1.00949
1.00948
1.00903
1.00917
1.00986
1.00982
1.00973
1.00965
1.00959
1.00954
1.00949
1.00943
1.00941
1.00944
1.00956
1.00972
1.00974
1.0096
1.00963
1.00941
1.00859
1.00778
1.00762
1.00762
1.00765
1.0076
1.00753
1.00762
1.00757
1.00752
1.00736
1.00744
1.00866
1.01045
1.0118
1.01202
1.01081
1.00962
1.00913
1.009
1.00907
1.00937
1.00982
1.01097
1.01195
1.01258
1.01264
1.01144
1.01026
1.0093
1.00843
1.0075
1.00901
1.00987
1.00919
1.00924
1.00908
1.00896
1.00874
1.00954
1.00967
1.01058
1.01173
1.01474
1.01274
1.01198
1.01624
1.01487
1.01395
1.02051
1.03296
1.02203
1.01807
1.01863
1.0268
1.03207
1.02867
1.02438
1.02204
1.03037
1.04076
1.03473
1.02635
1.02624
1.02433
1.01997
1.02027
1.02304
1.03599
1.04246
1.03208
1.02449
1.01881
1.01641
1.01714
1.0201
1.02693
1.04569
1.06285
1.07846
1.10097
1.11291
1.11245
1.09227
1.05499
1.0405
1.05303
1.04857
1.03424
1.03051
1.03785
1.04465
1.05523
1.08397
1.10649
1.10347
1.09448
1.09245
1.12335
1.16255
1.19442
1.20336
1.20195
1.19698
1.20448
1.24159
1.001
1.00253
1.00376
1.0048
1.00555
1.00603
1.0063
1.00643
1.00649
1.00651
1.0065
1.00647
1.00643
1.00635
1.00626
1.00614
1.006
1.00586
1.00571
1.00556
1.00541
1.00526
1.00512
1.00499
1.00486
1.00473
1.00461
1.00449
1.00437
1.00424
1.00412
1.004
1.0039
1.00379
1.00369
1.00358
1.00347
1.00336
1.00326
1.00317
1.00309
1.00302
1.00298
1.00295
1.0029
1.00286
1.00282
1.00279
1.00276
1.00272
1.00268
1.00263
1.00258
1.00253
1.00248
1.00246
1.00246
1.00246
1.00245
1.00241
1.00238
1.00238
1.00239
1.00234
1.00228
1.00227
1.00233
1.00239
1.00234
1.00223
1.00213
1.00203
1.00195
1.00189
1.00184
1.00177
1.00168
1.00166
1.00178
1.00178
1.00177
1.00176
1.00175
1.00174
1.00173
1.00173
1.00173
1.00173
1.00175
1.00177
1.00179
1.0018
1.00179
1.00178
1.00169
1.00157
1.00151
1.0015
1.00149
1.00146
1.00144
1.00144
1.0014
1.00136
1.00137
1.00139
1.00154
1.00163
1.00169
1.0017
1.00173
1.00205
1.0024
1.00257
1.0027
1.00264
1.00207
1.0018
1.0019
1.00211
1.00221
1.00207
1.00187
1.00163
1.00172
1.00146
1.00135
1.00137
1.00153
1.00158
1.00155
1.00163
1.00191
1.00235
1.00367
1.00338
1.00358
1.00601
1.00692
1.00477
1.00449
1.0066
1.00628
1.00611
1.01094
1.02896
1.03671
1.05024
1.05365
1.05132
1.05106
1.05653
1.06262
1.06759
1.05664
1.02895
1.01427
1.01076
1.00919
1.00671
1.00623
1.00879
1.0095
1.00872
1.01117
1.01106
1.00852
1.00717
1.00873
1.01713
1.03996
1.04542
1.0491
1.05791
1.07104
1.07521
1.07133
1.07321
1.05671
1.03148
1.03486
1.03747
1.01979
1.01562
1.01779
1.0183
1.04129
1.09063
1.12931
1.13324
1.12046
1.11528
1.12957
1.13491
1.12027
1.13488
1.1312
1.11952
1.11049
1.13268
1.00035
1.00053
1.00064
1.00078
1.00091
1.001
1.00105
1.00108
1.0011
1.0011
1.0011
1.0011
1.00109
1.00108
1.00106
1.00103
1.00101
1.00098
1.00095
1.00092
1.00089
1.00086
1.00083
1.0008
1.00078
1.00075
1.00073
1.0007
1.00068
1.00065
1.00062
1.0006
1.00058
1.00055
1.00053
1.0005
1.00048
1.00046
1.00043
1.00041
1.00039
1.00038
1.00037
1.00035
1.00034
1.00033
1.00032
1.00031
1.0003
1.00029
1.00028
1.00027
1.00026
1.00025
1.00024
1.00022
1.00021
1.00021
1.00021
1.00022
1.00024
1.00026
1.00027
1.00028
1.00031
1.00035
1.00038
1.00041
1.00043
1.00039
1.00032
1.00025
1.00018
1.00013
1.0001
1.00008
1.00006
1.00006
1.00007
1.00007
1.00007
1.00007
1.00008
1.00009
1.0001
1.00011
1.00012
1.00012
1.00012
1.00012
1.00013
1.00014
1.00013
1.00012
1.00009
1.00007
1.00006
1.00005
1.00003
1.00001
1.00001
1.00002
1.00003
1.00002
1.00002
1.00001
1.00001
1.00001
1.00001
1.00002
1.00005
1.0001
1.00015
1.00019
1.00022
1.00021
1.00013
1.00012
1.00022
1.0005
1.0008
1.00083
1.00055
1.00024
1.00008
1.00001
0.999987
0.999987
1.00002
1.00009
1.00023
1.0005
1.00081
1.00142
1.00409
1.00459
1.00473
1.00694
1.00791
1.00556
1.00314
1.00252
1.00255
1.00249
1.00456
1.01359
1.01473
1.01612
1.01814
1.02096
1.02014
1.02095
1.02633
1.03673
1.05077
1.02941
1.01637
1.01566
1.01488
1.01016
1.00705
1.00998
1.01473
1.00793
1.00567
1.00906
1.01456
1.01528
1.01687
1.01747
1.02555
1.0442
1.04944
1.04644
1.05047
1.05175
1.04191
1.03502
1.03598
1.03351
1.02873
1.03724
1.03314
1.03739
1.03715
1.035
1.06459
1.12165
1.16527
1.15894
1.13022
1.1139
1.10531
1.08412
1.07627
1.08375
1.07406
1.0637
1.0805
1.07931
1.00024
1.00014
0.999998
0.999933
0.999917
0.999919
0.999925
0.999931
0.999934
0.999936
0.999936
0.999936
0.999935
0.999932
0.999928
0.999924
0.999919
0.999913
0.999907
0.999901
0.999895
0.999888
0.999883
0.999877
0.999871
0.999865
0.999859
0.999853
0.999846
0.99984
0.999833
0.999827
0.99982
0.999813
0.999806
0.999799
0.999793
0.999787
0.999782
0.999779
0.999778
0.999778
0.999776
0.999773
0.999769
0.999766
0.999763
0.999761
0.99976
0.999758
0.999756
0.999753
0.999749
0.999744
0.99974
0.999736
0.999733
0.999732
0.999733
0.999736
0.999742
0.99975
0.99976
0.999769
0.999777
0.999783
0.999786
0.999787
0.999787
0.999774
0.999754
0.999731
0.999712
0.9997
0.999696
0.999698
0.9997
0.999704
0.999713
0.999726
0.999744
0.999775
0.999816
0.999872
0.99994
1.00001
1.00004
1.00004
1.00002
1
0.999973
0.999944
0.999924
0.999901
0.999879
0.999851
0.999832
0.999813
0.999805
0.999808
0.99984
0.999886
0.999958
1.00002
1.00002
0.999995
0.999981
0.999951
0.999937
0.99996
1.00002
1.00009
1.00017
1.00019
1.00016
1.0001
0.999975
0.999948
1.00028
1.00121
1.0022
1.0028
1.00252
1.00109
1.00021
0.999856
0.999744
0.999718
0.999827
1.00023
1.0014
1.00327
1.00434
1.0061
1.0148
1.01568
1.01037
1.00605
1.00435
1.0028
1.00172
1.00211
1.00398
1.0041
1.00424
1.01005
1.02626
1.03121
1.02308
1.01578
1.01333
1.01475
1.02249
1.0363
1.03431
1.01759
1.01366
1.00712
1.00471
1.00711
1.01382
1.01484
1.01129
1.00757
1.00535
1.00801
1.00973
1.01568
1.01782
1.0228
1.02864
1.03091
1.0247
1.01565
1.01489
1.02077
1.02668
1.02131
1.02608
1.03766
1.02828
1.02192
1.03556
1.03742
1.03183
1.04361
1.07773
1.12317
1.14897
1.14122
1.1088
1.09218
1.09867
1.09884
1.09347
1.08249
1.07427
1.08172
1.10396
1.12672
1.00027
1.00016
1
0.999926
0.9999
0.999896
0.999898
0.999901
0.999902
0.999902
0.999899
0.999896
0.999893
0.999888
0.999884
0.999879
0.999875
0.99987
0.999865
0.99986
0.999855
0.99985
0.999845
0.999839
0.999834
0.999829
0.999823
0.999817
0.999811
0.999805
0.999799
0.999793
0.999787
0.999781
0.999775
0.999769
0.999765
0.999761
0.999759
0.99976
0.999763
0.999764
0.999762
0.999758
0.999753
0.999749
0.999745
0.999741
0.999737
0.999733
0.99973
0.999726
0.999722
0.999719
0.999715
0.999712
0.999708
0.999705
0.999703
0.999703
0.999703
0.999704
0.999706
0.999706
0.999705
0.999704
0.999702
0.999702
0.999701
0.999699
0.999696
0.999693
0.999696
0.999706
0.999725
0.999752
0.999772
0.999804
0.999863
0.999936
1.00002
1.00015
1.00034
1.00061
1.00092
1.00122
1.00144
1.00159
1.00168
1.00173
1.00173
1.00164
1.00155
1.00146
1.0013
1.00109
1.00096
1.00081
1.00076
1.00078
1.00078
1.00074
1.00091
1.00124
1.00145
1.00152
1.00153
1.00144
1.00127
1.00122
1.00122
1.00113
1.00089
1.00061
1.00043
1.00042
1.00024
1.00014
1.00066
1.00197
1.00255
1.00289
1.00336
1.00345
1.00234
1.0008
1.00002
0.999889
1.00033
1.0021
1.00539
1.00939
1.01543
1.02269
1.01831
1.01059
1.00472
1.00249
1.00239
1.00195
1.00142
1.0032
1.00877
1.00885
1.01071
1.02246
1.03464
1.02784
1.01532
1.0091
1.0082
1.0106
1.01692
1.023
1.01505
1.00769
1.0042
1.00219
1.00138
1.00169
1.00254
1.00274
1.00303
1.00278
1.00275
1.0044
1.0091
1.01508
1.02099
1.02825
1.03294
1.02605
1.01556
1.00935
1.00744
1.00995
1.01201
1.01016
1.01517
1.02724
1.02979
1.01953
1.01433
1.02027
1.02911
1.03774
1.04651
1.0658
1.08608
1.09985
1.11043
1.12223
1.1348
1.13035
1.10802
1.08491
1.09126
1.11642
1.18096
1.23074
1.00043
1.00058
1.00062
1.0007
1.00078
1.00084
1.00088
1.00089
1.00089
1.00088
1.00087
1.00085
1.00083
1.0008
1.00078
1.00076
1.00073
1.00071
1.00069
1.00066
1.00064
1.00062
1.0006
1.00058
1.00056
1.00053
1.00051
1.00049
1.00047
1.00044
1.00042
1.0004
1.00039
1.00037
1.00035
1.00033
1.00032
1.00031
1.0003
1.00029
1.00029
1.00028
1.00027
1.00026
1.00024
1.00023
1.00022
1.0002
1.00019
1.00017
1.00016
1.00015
1.00014
1.00013
1.00012
1.00011
1.0001
1.00009
1.00008
1.00008
1.00007
1.00006
1.00006
1.00005
1.00004
1.00003
1.00003
1.00003
1.00005
1.00006
1.00008
1.00007
1.00009
1.00014
1.00023
1.00032
1.00038
1.00041
1.00045
1.00049
1.00055
1.00064
1.00079
1.00094
1.00109
1.00116
1.00112
1.00106
1.001
1.00094
1.00088
1.00083
1.00077
1.00073
1.00069
1.00066
1.00064
1.00061
1.00057
1.00053
1.00051
1.00053
1.00064
1.00081
1.00093
1.00092
1.00086
1.0008
1.00077
1.00088
1.00124
1.00185
1.0021
1.002
1.00192
1.00166
1.00133
1.00107
1.00139
1.00301
1.00335
1.00303
1.00296
1.00294
1.00224
1.00124
1.00053
1.00033
1.00062
1.0024
1.00526
1.00942
1.01599
1.01678
1.01208
1.00719
1.00504
1.0052
1.00697
1.00813
1.00689
1.01145
1.01807
1.02367
1.03315
1.04449
1.03964
1.0193
1.01031
1.00765
1.00995
1.01846
1.03243
1.03319
1.02245
1.01251
1.0074
1.00391
1.00256
1.00431
1.00605
1.00576
1.0087
1.0082
1.00711
1.006
1.00822
1.02236
1.0412
1.05313
1.04164
1.02571
1.01699
1.01252
1.00848
1.00639
1.00653
1.00894
1.01084
1.01221
1.01816
1.02894
1.03452
1.03322
1.047
1.06775
1.07649
1.07914
1.08116
1.08775
1.0928
1.08452
1.09178
1.09429
1.09483
1.09817
1.12441
1.1854
1.2535
1.20344
1.00111
1.00249
1.00349
1.00432
1.0049
1.00526
1.00546
1.00553
1.00553
1.00548
1.0054
1.0053
1.00519
1.00508
1.00496
1.00484
1.00472
1.00461
1.0045
1.00439
1.00428
1.00417
1.00407
1.00397
1.00388
1.00378
1.00368
1.00358
1.00348
1.00339
1.0033
1.00321
1.00313
1.00306
1.00298
1.00291
1.00285
1.00279
1.00274
1.0027
1.00267
1.00263
1.00258
1.00255
1.00251
1.00247
1.00243
1.00237
1.0023
1.00224
1.00217
1.00212
1.00207
1.00203
1.002
1.00195
1.00191
1.00186
1.00182
1.00178
1.00174
1.0017
1.00167
1.00162
1.00157
1.00154
1.00154
1.0016
1.0017
1.00178
1.00188
1.00194
1.00209
1.00235
1.00255
1.0027
1.00279
1.00288
1.00299
1.00307
1.00316
1.00331
1.00354
1.00381
1.00411
1.00432
1.00442
1.00446
1.00446
1.00442
1.00437
1.00427
1.00419
1.00414
1.00414
1.00414
1.00416
1.00416
1.00414
1.00409
1.00404
1.00413
1.00437
1.00487
1.00518
1.00523
1.00515
1.00504
1.00498
1.00525
1.00718
1.01326
1.01573
1.01567
1.01492
1.01175
1.00857
1.00643
1.00709
1.01331
1.01806
1.01595
1.01958
1.01918
1.01194
1.00658
1.00426
1.00341
1.00473
1.00889
1.00893
1.01685
1.02224
1.02374
1.02762
1.0271
1.02133
1.02511
1.02373
1.01373
1.01111
1.01528
1.02683
1.03149
1.03596
1.03897
1.03127
1.02111
1.0182
1.02191
1.02226
1.01605
1.01662
1.0269
1.02669
1.02209
1.01444
1.01287
1.00995
1.00718
1.00625
1.00587
1.00749
1.0108
1.01801
1.01706
1.01413
1.01638
1.02636
1.03546
1.04855
1.05711
1.05527
1.04827
1.03124
1.01974
1.02886
1.03838
1.04993
1.05533
1.05603
1.05775
1.0636
1.066
1.07213
1.07048
1.06687
1.05514
1.04388
1.04599
1.06443
1.0802
1.07948
1.07314
1.11011
1.1441
1.18695
1.17114
1.14773
1.11966
1.00394
1.01043
1.01545
1.01932
1.0219
1.02345
1.02427
1.0246
1.02462
1.02442
1.0241
1.02369
1.02322
1.02271
1.02218
1.02165
1.02112
1.0206
1.0201
1.01961
1.01913
1.01868
1.01825
1.01783
1.01743
1.01703
1.01663
1.01623
1.01583
1.01544
1.01507
1.01472
1.01439
1.01408
1.01378
1.0135
1.01324
1.013
1.01278
1.01259
1.01242
1.01227
1.01216
1.0121
1.01207
1.01199
1.01184
1.01163
1.0114
1.01115
1.01091
1.01067
1.01042
1.01016
1.00994
1.00973
1.00956
1.0094
1.00929
1.00918
1.00908
1.00902
1.00897
1.00894
1.00892
1.00904
1.0097
1.01103
1.01244
1.01317
1.01371
1.01493
1.01641
1.01821
1.0193
1.01955
1.02013
1.0211
1.02217
1.02259
1.02274
1.02341
1.02451
1.02603
1.02774
1.02928
1.0305
1.0314
1.03205
1.03248
1.03278
1.03293
1.03288
1.03287
1.03293
1.03297
1.033
1.0329
1.03368
1.03404
1.0339
1.03301
1.03274
1.03337
1.03437
1.03524
1.03588
1.03611
1.03554
1.03264
1.02065
1.01377
1.01245
1.01267
1.0132
1.01266
1.01238
1.01203
1.01264
1.01351
1.0138
1.01361
1.01541
1.01572
1.01469
1.01507
1.01374
1.01362
1.01475
1.01742
1.02297
1.0236
1.02342
1.02687
1.02481
1.02364
1.03195
1.03944
1.04276
1.05192
1.06292
1.07686
1.07158
1.05538
1.04241
1.03862
1.03535
1.04427
1.05648
1.05587
1.04576
1.0335
1.03201
1.03234
1.02993
1.03317
1.0348
1.02992
1.02677
1.02668
1.02651
1.02322
1.02312
1.0255
1.02756
1.0277
1.04018
1.03659
1.03081
1.03135
1.03546
1.03726
1.03882
1.04307
1.04152
1.04733
1.05841
1.04446
1.0424
1.05422
1.06429
1.0664
1.06284
1.05643
1.04954
1.04674
1.04961
1.0643
1.07311
1.08459
1.093
1.09196
1.12079
1.18467
1.21999
1.20272
1.14686
1.12567
1.11805
1.12359
1.01518
1.04105
1.06121
1.07619
1.08604
1.09195
1.09511
1.09647
1.09666
1.09609
1.09506
1.09372
1.0921
1.09027
1.08823
1.0861
1.08398
1.08191
1.07991
1.07795
1.07605
1.07426
1.07257
1.07097
1.06945
1.06796
1.06647
1.06495
1.06343
1.06197
1.06057
1.05925
1.058
1.05683
1.05572
1.05466
1.05366
1.05274
1.05195
1.05127
1.05064
1.0501
1.04984
1.05002
1.05029
1.05033
1.04997
1.04937
1.04873
1.04822
1.04787
1.04769
1.04757
1.04749
1.04749
1.04778
1.04808
1.04848
1.04876
1.04916
1.04963
1.05004
1.05049
1.05095
1.05131
1.05111
1.05021
1.0491
1.04821
1.04772
1.04777
1.04798
1.04846
1.04877
1.04919
1.04934
1.04977
1.04987
1.04921
1.04534
1.04135
1.03901
1.03797
1.03787
1.03801
1.03841
1.03866
1.03904
1.03924
1.03956
1.03969
1.04006
1.04025
1.0404
1.04055
1.04086
1.04111
1.04082
1.04102
1.04208
1.04198
1.04197
1.04215
1.04254
1.04309
1.04367
1.04424
1.04493
1.04494
1.04452
1.04306
1.03955
1.0441
1.05321
1.05886
1.07019
1.0756
1.07668
1.07324
1.07159
1.07406
1.07667
1.06966
1.06927
1.08426
1.08794
1.08964
1.09087
1.08963
1.10201
1.10513
1.10108
1.09798
1.10732
1.10963
1.11699
1.12302
1.11926
1.12873
1.11732
1.10374
1.09265
1.08097
1.07193
1.07078
1.08364
1.08561
1.09703
1.10288
1.10314
1.08801
1.08461
1.10666
1.11017
1.09286
1.09272
1.09228
1.10033
1.09127
1.09651
1.09093
1.08388
1.1013
1.10965
1.09738
1.11145
1.12797
1.10653
1.08937
1.09378
1.09867
1.10243
1.10802
1.12252
1.11329
1.11024
1.12008
1.11781
1.11863
1.13064
1.13659
1.13691
1.13309
1.12182
1.12208
1.12389
1.13481
1.14026
1.13963
1.15955
1.19117
1.23417
1.27913
1.29296
1.26508
1.23638
1.23344
1.23377
1.25539
1.29507
1.05833
1.15134
1.2244
1.2779
1.31322
1.3347
1.34655
1.35215
1.35383
1.35306
1.35086
1.34766
1.34338
1.33805
1.33149
1.32434
1.31702
1.30987
1.30291
1.29566
1.28847
1.28171
1.27533
1.26933
1.26362
1.25806
1.25245
1.24644
1.24016
1.23428
1.22873
1.22358
1.21886
1.21449
1.21033
1.20622
1.20223
1.19888
1.19634
1.19421
1.19187
1.18875
1.18703
1.18827
1.19033
1.19115
1.18954
1.1866
1.18311
1.18038
1.17825
1.17708
1.17629
1.17599
1.17561
1.17532
1.17502
1.17473
1.17436
1.17401
1.17366
1.1733
1.17283
1.1723
1.17154
1.16986
1.16589
1.16012
1.15533
1.15368
1.15339
1.15321
1.1536
1.15343
1.15385
1.15355
1.15423
1.15422
1.15376
1.14641
1.13822
1.1334
1.13286
1.13384
1.13636
1.13802
1.14024
1.14138
1.14348
1.14467
1.14632
1.14538
1.14479
1.14486
1.14592
1.14675
1.15019
1.15772
1.15997
1.15334
1.15257
1.1535
1.15496
1.15663
1.15839
1.16028
1.16212
1.16452
1.1724
1.18638
1.20473
1.22476
1.24079
1.24849
1.25178
1.25233
1.25044
1.2483
1.24762
1.24863
1.24828
1.24744
1.25239
1.25549
1.25254
1.25116
1.25649
1.2631
1.26627
1.26168
1.25822
1.25965
1.26386
1.26711
1.27122
1.2743
1.28859
1.27006
1.30082
1.30912
1.31297
1.29354
1.26882
1.25081
1.2518
1.26455
1.2538
1.25345
1.25329
1.26277
1.26176
1.27041
1.28537
1.28804
1.31726
1.2948
1.27384
1.27893
1.27155
1.28396
1.27359
1.30053
1.3251
1.32509
1.33205
1.33771
1.31502
1.2874
1.28209
1.28916
1.30792
1.31838
1.33093
1.33628
1.33573
1.3463
1.34461
1.32617
1.32883
1.33387
1.33496
1.329
1.32842
1.32894
1.33868
1.33915
1.33718
1.343
1.36442
1.39733
1.4469
1.45789
1.4428
1.45214
1.46698
1.49485
1.53252
1.57939
1.62627
1.6441
1.22172
1.53891
1.7988
1.9903
2.11919
2.19998
2.24694
2.27181
2.28303
2.28617
2.28494
2.28117
2.27449
2.26458
2.25118
2.23535
2.21806
2.20075
2.18389
2.1658
2.14662
2.12811
2.11023
2.09315
2.07675
2.05965
2.0414
2.02247
2.00262
1.98388
1.96591
1.94892
1.93308
1.91802
1.90321
1.8878
1.87182
1.85762
1.84784
1.83983
1.83082
1.81404
1.80074
1.79968
1.80307
1.80311
1.79518
1.78221
1.76635
1.75168
1.7377
1.72706
1.71649
1.7072
1.69761
1.68848
1.67979
1.6717
1.66424
1.65763
1.6513
1.64577
1.6406
1.63598
1.63173
1.62753
1.62321
1.61873
1.6152
1.6129
1.61175
1.61301
1.61213
1.61394
1.61283
1.61321
1.6094
1.60975
1.61659
1.66623
1.72768
1.77857
1.81471
1.83825
1.85406
1.86384
1.87086
1.87544
1.87948
1.88252
1.8858
1.8886
1.89237
1.89587
1.90011
1.90438
1.90922
1.91315
1.91657
1.92041
1.92503
1.92875
1.93222
1.93568
1.93963
1.94365
1.94867
1.95324
1.95722
1.95686
1.95065
1.94052
1.93042
1.92284
1.91756
1.91348
1.90997
1.90842
1.91007
1.91563
1.919
1.91828
1.91861
1.91394
1.90457
1.89948
1.90419
1.9123
1.92442
1.94115
1.96761
1.99496
2.01955
2.02283
2.00868
2.00478
2.02965
1.95753
1.96042
1.98986
2.00464
1.96968
1.93023
1.89547
1.89885
1.86904
1.87863
1.8862
1.89408
1.86483
1.92092
1.96792
1.90975
1.92476
2.0201
1.97066
1.91314
1.83975
1.89118
1.92435
1.93381
1.99347
2.00875
1.98978
2.00517
2.02976
1.89994
1.91989
1.94659
1.94188
1.97327
1.98815
2.0114
1.97018
2.02134
2.05727
2.03979
1.9856
1.99088
1.9943
1.9897
1.95925
1.93959
1.97678
1.99489
1.9836
1.96547
1.9836
2.04028
2.13434
2.25234
2.34484
2.36419
2.3934
2.5162
2.61418
2.63189
2.63234
2.62741
2.61854
1.88356
3.08752
4.09312
4.83293
5.34327
5.67667
5.88216
6.00129
6.06539
6.09724
6.11224
6.12012
6.1241
6.12325
6.1238
6.12188
6.11648
6.11088
6.10731
6.10829
6.10643
6.1036
6.10111
6.0993
6.09908
6.09377
6.08211
6.08034
6.08751
6.0941
6.10013
6.10422
6.10287
6.09514
6.08227
6.06674
6.04588
6.01109
5.9758
5.94075
5.90925
5.8926
5.87445
5.82202
5.75449
5.69047
5.65895
5.65408
5.67154
5.69231
5.71366
5.72162
5.72659
5.72377
5.72141
5.71678
5.71407
5.71155
5.71156
5.71103
5.71221
5.7117
5.71217
5.71176
5.71238
5.71248
5.71322
5.71314
5.71305
5.71283
5.7138
5.71499
5.71691
5.71851
5.72063
5.72282
5.72631
5.72949
5.73091
5.72377
5.70857
5.69124
5.67911
5.67232
5.6698
5.66949
5.67061
5.67257
5.67489
5.67693
5.6791
5.6818
5.68548
5.68973
5.6951
5.70158
5.70883
5.71538
5.72071
5.72511
5.72788
5.72883
5.72898
5.72945
5.73146
5.73464
5.73922
5.74232
5.7409
5.72935
5.70637
5.67589
5.65483
5.64916
5.65177
5.65591
5.66032
5.6684
5.68261
5.7012
5.71704
5.72352
5.71243
5.68888
5.66629
5.64345
5.61513
5.58695
5.55488
5.54505
5.55727
5.60815
5.68553
5.74363
5.7244
5.66959
5.56188
5.61237
5.39299
5.24252
5.19661
5.29969
5.44727
5.58679
5.5757
5.54738
5.6383
5.74406
5.80243
5.7803
5.69226
5.65243
5.67102
5.55857
5.29335
5.5327
5.8519
6.08311
6.24983
6.27227
6.2488
5.94034
5.69458
5.63931
5.56293
5.42411
5.66624
5.97788
6.17761
6.17042
6.03581
5.94415
5.79758
5.81408
5.89154
5.96418
5.99676
6.11012
6.04118
5.93346
5.86875
5.92392
5.98135
6.0087
5.99209
6.02138
6.15579
6.36132
6.65506
7.14593
7.68272
8.20469
8.62631
8.86988
8.90186
8.78227
8.63647
8.4723
8.266
8.06242
6.71367
13.3307
17.828
20.9503
23.0953
24.5284
25.442
25.9919
26.2972
26.4538
26.5317
26.58
26.6281
26.6935
26.7818
26.8943
27.0275
27.1696
27.3124
27.4559
27.6083
27.7579
27.9014
28.0379
28.1671
28.3048
28.4568
28.6005
28.7388
28.874
29.0074
29.1381
29.2547
29.3477
29.4237
29.4831
29.5109
29.5474
29.5628
29.5688
29.5389
29.4794
29.3868
29.2847
29.1706
29.0782
29.0047
28.9649
28.9413
28.9384
28.9346
28.9379
28.928
28.9178
28.8936
28.872
28.8423
28.8208
28.7945
28.7761
28.7525
28.7361
28.7128
28.697
28.6733
28.6553
28.6283
28.6058
28.5774
28.558
28.535
28.5237
28.507
28.4983
28.4806
28.4708
28.4522
28.4399
28.4131
28.3757
28.3092
28.2515
28.2007
28.1777
28.1594
28.1607
28.1557
28.1648
28.1634
28.1741
28.1736
28.1861
28.1892
28.2066
28.2137
28.2351
28.2452
28.2674
28.276
28.2962
28.3003
28.3126
28.3083
28.3152
28.3105
28.3204
28.32
28.3279
28.3107
28.2798
28.2131
28.163
28.1348
28.159
28.1948
28.2542
28.3057
28.3733
28.4315
28.5002
28.5478
28.588
28.5782
28.55
28.4967
28.4592
28.3934
28.2742
28.0647
27.8157
27.5597
27.3828
27.324
27.4708
27.6911
27.8441
27.9278
28.2495
28.576
28.8742
29.0085
29.0344
28.9605
28.8871
28.8814
28.9209
28.916
28.8168
28.6979
28.6527
28.9489
29.2755
29.2656
29.1228
29.068
29.0956
29.0961
29.2332
29.601
29.9468
30.0312
29.8537
29.5746
29.3939
29.3431
29.4282
29.6083
29.7022
29.7869
29.7944
29.7853
29.801
29.9179
30.1523
30.4523
30.7454
30.7215
30.5212
30.337
30.2258
30.192
30.2098
30.2486
30.2796
30.3377
30.453
30.6456
30.8963
31.3149
32.1247
33.4079
34.6795
35.5153
36.0035
36.1918
36.2312
36.201
36.1069
35.8587
35.3533
191.923
191.731
191.54
191.349
191.158
190.967
190.777
190.587
190.397
190.208
190.019
189.83
189.641
189.453
189.265
189.077
188.89
188.702
188.516
188.329
188.143
187.956
187.771
187.585
187.4
187.215
187.03
186.846
186.661
186.478
186.294
186.111
185.927
185.745
185.562
185.38
185.198
185.016
184.835
184.653
184.472
184.292
184.111
183.931
183.751
183.572
183.392
183.213
183.034
182.856
182.678
182.499
182.322
182.144
181.967
181.79
181.613
181.437
181.26
181.084
180.909
180.733
180.558
180.383
180.208
180.034
179.86
179.686
179.512
179.339
179.165
178.992
178.82
178.647
178.475
178.303
178.132
177.96
177.789
177.618
177.447
177.277
177.107
176.937
176.767
176.597
176.428
176.259
176.09
175.922
175.754
175.586
175.418
175.25
175.083
174.916
174.749
174.582
174.416
174.25
174.084
173.919
173.753
173.588
173.423
173.258
173.094
172.93
172.766
172.602
172.438
172.275
172.112
171.949
171.787
171.624
171.462
171.3
171.138
170.977
170.816
170.655
170.494
170.334
170.173
170.013
169.853
169.694
169.534
169.375
169.216
169.057
168.899
168.741
168.582
168.425
168.267
168.11
167.952
167.795
167.639
167.482
167.326
167.17
167.014
166.858
166.703
166.548
166.393
166.238
166.083
165.929
165.775
165.621
165.467
165.314
165.16
165.007
164.854
164.702
164.549
164.397
164.245
164.093
163.942
163.79
163.639
163.488
163.337
163.187
163.037
162.886
162.737
162.587
162.437
162.288
162.139
161.99
161.841
161.693
161.545
161.397
161.249
161.101
160.954
160.806
160.659
160.512
160.366
160.219
160.073
159.927
159.781
159.635
159.49
159.345
159.2
159.055
158.91
158.766
)
;

boundaryField
{
    walls
    {
        Cmu             0.09;
        kappa           0.41;
        E               9.8;
        beta1           0.075;
        blended         false;
        type            omegaWallFunction;
        value           nonuniform List<scalar> 
400
(
191.904
191.712
191.521
191.33
191.139
190.948
190.758
190.568
190.378
190.189
190
189.811
189.622
189.434
189.246
189.058
188.871
188.684
188.497
188.31
188.124
187.938
187.752
187.566
187.381
187.196
187.011
186.827
186.643
186.459
186.275
186.092
185.909
185.726
185.544
185.361
185.179
184.998
184.816
184.635
184.454
184.273
184.093
183.913
183.733
183.553
183.374
183.195
183.016
182.838
182.659
182.481
182.303
182.126
181.949
181.772
181.595
181.418
181.242
181.066
180.891
180.715
180.54
180.365
180.19
180.016
179.842
179.668
179.494
179.321
179.147
178.975
178.802
178.629
178.457
178.285
178.114
177.942
177.771
177.6
177.429
177.259
177.089
176.919
176.749
176.58
176.41
176.242
176.073
175.904
175.736
175.568
175.4
175.233
175.065
174.898
174.732
174.565
174.399
174.233
174.067
173.901
173.736
173.571
173.406
173.241
173.077
172.912
172.748
172.585
172.421
172.258
172.095
171.932
171.769
171.607
171.445
171.283
171.121
170.96
170.799
170.638
170.477
170.316
170.156
169.996
169.836
169.677
169.517
169.358
169.199
169.04
168.882
168.724
168.566
168.408
168.25
168.093
167.936
167.779
167.622
167.465
167.309
167.153
166.997
166.842
166.686
166.531
166.376
166.221
166.067
165.912
165.758
165.604
165.451
165.297
165.144
164.991
164.838
164.685
164.533
164.381
164.229
164.077
163.925
163.774
163.623
163.472
163.321
163.171
163.02
162.87
162.72
162.571
162.421
162.272
162.123
161.974
161.825
161.677
161.528
161.38
161.233
161.085
160.937
160.79
160.643
160.496
160.35
160.203
160.057
159.911
159.765
159.619
159.474
159.329
159.184
159.039
158.894
158.75
191.923
191.731
191.54
191.349
191.158
190.967
190.777
190.587
190.397
190.208
190.019
189.83
189.641
189.453
189.265
189.077
188.89
188.702
188.516
188.329
188.143
187.956
187.771
187.585
187.4
187.215
187.03
186.846
186.661
186.478
186.294
186.111
185.927
185.745
185.562
185.38
185.198
185.016
184.835
184.653
184.472
184.292
184.111
183.931
183.751
183.572
183.392
183.213
183.034
182.856
182.678
182.499
182.322
182.144
181.967
181.79
181.613
181.437
181.26
181.084
180.909
180.733
180.558
180.383
180.208
180.034
179.86
179.686
179.512
179.339
179.165
178.992
178.82
178.647
178.475
178.303
178.132
177.96
177.789
177.618
177.447
177.277
177.107
176.937
176.767
176.597
176.428
176.259
176.09
175.922
175.754
175.586
175.418
175.25
175.083
174.916
174.749
174.582
174.416
174.25
174.084
173.919
173.753
173.588
173.423
173.258
173.094
172.93
172.766
172.602
172.438
172.275
172.112
171.949
171.787
171.624
171.462
171.3
171.138
170.977
170.816
170.655
170.494
170.334
170.173
170.013
169.853
169.694
169.534
169.375
169.216
169.057
168.899
168.741
168.582
168.425
168.267
168.11
167.952
167.795
167.639
167.482
167.326
167.17
167.014
166.858
166.703
166.548
166.393
166.238
166.083
165.929
165.775
165.621
165.467
165.314
165.16
165.007
164.854
164.702
164.549
164.397
164.245
164.093
163.942
163.79
163.639
163.488
163.337
163.187
163.037
162.886
162.737
162.587
162.437
162.288
162.139
161.99
161.841
161.693
161.545
161.397
161.249
161.101
160.954
160.806
160.659
160.512
160.366
160.219
160.073
159.927
159.781
159.635
159.49
159.345
159.2
159.055
158.91
158.766
)
;
    }
    inlet
    {
        type            fixedValue;
        value           uniform 1;
    }
    outlet
    {
        type            freestream;
        freestreamValue uniform 1;
        value           nonuniform List<scalar> 
20
(
158.75
35.4294
8.15992
2.55197
1.48485
1.29594
1.24159
1.13268
1.07931
1.12672
1.23074
1.20344
1.11966
1.12359
1.29507
1.6441
2.61854
8.06242
35.3533
158.766
)
;
    }
    frontAndBack
    {
        type            empty;
    }
}


// ************************************************************************* //
