/*--------------------------------*- C++ -*----------------------------------*\
| =========                 |                                                 |
| \\      /  F ield         | OpenFOAM: The Open Source CFD Toolbox           |
|  \\    /   O peration     | Version:  5.x                                   |
|   \\  /    A nd           | Web:      www.OpenFOAM.org                      |
|    \\/     M anipulation  |                                                 |
\*---------------------------------------------------------------------------*/
/*   Windows 32 and 64 bit porting by blueCAPE: http://www.bluecape.com.pt   *\
|  Based on Windows porting (2.0.x v4) by Symscape: http://www.symscape.com   |
\*---------------------------------------------------------------------------*/
FoamFile
{
    version     2.0;
    format      ascii;
    class       volScalarField;
    location    "1000";
    object      k;
}
// * * * * * * * * * * * * * * * * * * * * * * * * * * * * * * * * * * * * * //

dimensions      [0 2 -2 0 0 0 0];

internalField   nonuniform List<scalar> 
4000
(
0.00963211
0.00892913
0.00829338
0.00771541
0.00718881
0.00670872
0.00627117
0.00587265
0.00550991
0.00517989
0.0048797
0.0046066
0.00435804
0.00413164
0.00392522
0.00373677
0.00356447
0.00340667
0.00326191
0.00312893
0.00300662
0.00289404
0.00279038
0.00269492
0.00260695
0.00252583
0.00245106
0.00238215
0.0023187
0.00226033
0.00220668
0.00215733
0.00211203
0.00207054
0.00203264
0.00199816
0.00196696
0.0019388
0.00191346
0.0018908
0.00187072
0.00185311
0.00183799
0.00182532
0.00181495
0.00180651
0.00179966
0.00179407
0.00178954
0.00178593
0.00178317
0.00178116
0.00177989
0.00177928
0.00177933
0.00177995
0.00178114
0.00178278
0.00178481
0.00178708
0.00178952
0.00179199
0.00179448
0.00179701
0.00179966
0.00180242
0.0018053
0.00180823
0.00181121
0.00181423
0.00181735
0.00182052
0.00182377
0.00182699
0.00183016
0.00183321
0.00183619
0.00183912
0.00184213
0.00184523
0.00184851
0.00185195
0.00185556
0.0018593
0.00186319
0.00186663
0.0018696
0.00187225
0.00187469
0.001877
0.00187925
0.00188147
0.0018837
0.00188595
0.00188825
0.0018906
0.00189304
0.00189556
0.00189814
0.00190077
0.00190342
0.00190605
0.00190865
0.00191121
0.00191372
0.00191619
0.00191858
0.00192086
0.00192295
0.00192474
0.00192614
0.00192707
0.00192748
0.00192737
0.00192677
0.00192574
0.00192437
0.00192276
0.00192101
0.0019192
0.00191743
0.00191576
0.00191427
0.001913
0.001912
0.0019113
0.00191091
0.00191084
0.00191107
0.00191161
0.00191247
0.00191374
0.00191551
0.00191787
0.00192085
0.00192447
0.00192869
0.00193353
0.00193901
0.00194518
0.00195205
0.00195964
0.00196794
0.00197697
0.00198673
0.00199723
0.00200849
0.00202049
0.00203321
0.00204664
0.00206075
0.00207552
0.00209091
0.00210688
0.00212338
0.00214038
0.0021579
0.00217594
0.0021945
0.00221351
0.00223294
0.00225272
0.0022728
0.00229315
0.0023138
0.00233476
0.00235601
0.00237749
0.00239917
0.00242112
0.00244348
0.00246624
0.00248935
0.00251264
0.00253588
0.0025589
0.0025816
0.00260372
0.00262502
0.00264525
0.00266422
0.0026818
0.00269777
0.00271183
0.00272378
0.00273338
0.00274023
0.00274404
0.00274464
0.0027417
0.00273514
0.0027252
0.00271212
0.00269618
0.00267783
0.00265767
0.00263621
0.00261391
0.00259139
0.00256864
0.0099724
0.00987904
0.00976393
0.0096366
0.00950279
0.00936679
0.0092318
0.00910016
0.00897334
0.00885218
0.00873709
0.00862825
0.00852567
0.00842927
0.0083389
0.00825434
0.00817538
0.00810179
0.00803331
0.00796972
0.00791078
0.00785623
0.00780584
0.00775939
0.00771687
0.00767813
0.00764295
0.00761091
0.00758173
0.0075553
0.00753163
0.00751099
0.00749335
0.00747856
0.00746647
0.00745692
0.0074497
0.00744426
0.00744106
0.00744012
0.00744127
0.00744439
0.00744978
0.00745761
0.00746761
0.00747909
0.00749121
0.00750323
0.00751486
0.00752602
0.00753679
0.0075473
0.00755783
0.00756855
0.00757962
0.00759106
0.00760277
0.00761425
0.007625
0.00763468
0.0076432
0.00765063
0.00765738
0.00766376
0.00767001
0.00767623
0.00768253
0.00768892
0.00769546
0.00770216
0.00770908
0.00771621
0.00772357
0.0077311
0.00773878
0.00774656
0.00775448
0.00776253
0.00777079
0.00777929
0.00778807
0.00779713
0.00780646
0.00781601
0.00782578
0.00783564
0.00784553
0.00785539
0.00786525
0.00787509
0.00788491
0.00789468
0.00790442
0.00791417
0.00792408
0.00793417
0.00794437
0.00795445
0.00796436
0.00797404
0.00798357
0.00799295
0.00800231
0.00801166
0.00802113
0.00803078
0.00804073
0.00805096
0.00806152
0.00807232
0.00808341
0.00809473
0.00810638
0.00811838
0.00813081
0.00814369
0.00815709
0.00817098
0.00818544
0.00820047
0.00821618
0.00823261
0.00824987
0.008268
0.00828709
0.00830708
0.00832792
0.00834935
0.00837111
0.00839317
0.00841645
0.00844238
0.00847134
0.00850332
0.00853779
0.00857376
0.00861072
0.00864891
0.0086891
0.00873156
0.00877617
0.00882272
0.00887104
0.00892127
0.00897376
0.00902854
0.00908559
0.00914465
0.00920563
0.00926832
0.00933267
0.00939844
0.00946542
0.00953329
0.00960208
0.009672
0.00974367
0.00981711
0.00989196
0.00996762
0.0100437
0.0101201
0.0101968
0.0102742
0.0103532
0.0104337
0.0105148
0.0105958
0.0106773
0.0107617
0.0108504
0.0109407
0.0110316
0.0111208
0.0112063
0.0112894
0.0113712
0.0114487
0.0115222
0.011592
0.011659
0.0117248
0.0117873
0.0118451
0.0118988
0.0119472
0.011986
0.012015
0.012035
0.0120401
0.0120325
0.0120167
0.0119915
0.011956
0.011914
0.0118677
0.0118174
0.0117634
0.0117063
0.01165
0.00999211
0.00996516
0.00992899
0.00988643
0.00983936
0.00978914
0.00973683
0.00968325
0.00962908
0.00957488
0.0095211
0.00946813
0.00941634
0.00936608
0.00931761
0.00927116
0.00922691
0.00918504
0.00914566
0.0091088
0.00907449
0.00904268
0.00901331
0.00898629
0.00896154
0.00893899
0.00891858
0.00890033
0.00888408
0.00886968
0.00885699
0.00884593
0.00883643
0.0088284
0.00882178
0.0088165
0.00881255
0.00881007
0.00880838
0.00880728
0.00880674
0.00880681
0.00880731
0.00880816
0.0088095
0.00881163
0.00881495
0.00881959
0.00882543
0.00883223
0.00883982
0.00884795
0.0088562
0.00886333
0.00886944
0.00887489
0.00888001
0.00888513
0.00889053
0.00889632
0.00890252
0.00890908
0.00891584
0.0089227
0.00892963
0.0089366
0.00894363
0.00895073
0.00895793
0.00896522
0.00897259
0.00898004
0.00898756
0.00899515
0.00900282
0.00901057
0.00901841
0.00902637
0.0090345
0.00904279
0.00905121
0.00905973
0.00906836
0.00907708
0.00908591
0.00909491
0.00910407
0.00911337
0.00912279
0.00913231
0.00914192
0.00915163
0.00916148
0.00917157
0.00918195
0.0091926
0.00920344
0.00921438
0.00922536
0.00923637
0.00924741
0.00925848
0.00926962
0.00928082
0.00929211
0.00930346
0.009315
0.00932674
0.00933867
0.00935077
0.00936306
0.00937553
0.00938825
0.00940122
0.00941451
0.00942814
0.00944215
0.00945657
0.00947145
0.00948682
0.00950271
0.00951917
0.00953624
0.00955397
0.0095724
0.00959155
0.00961139
0.00963179
0.00965267
0.00967453
0.00969821
0.00972335
0.00974886
0.00977508
0.00980261
0.00983135
0.00986112
0.00989189
0.00992375
0.00995673
0.00999083
0.0100261
0.0100624
0.0100999
0.0101386
0.0101786
0.0102197
0.0102618
0.0103049
0.0103489
0.0103938
0.0104394
0.0104855
0.0105321
0.010579
0.0106261
0.0106739
0.0107227
0.0107721
0.010822
0.010872
0.010922
0.0109714
0.0110206
0.0110701
0.0111202
0.0111705
0.0112204
0.0112703
0.0113191
0.0113661
0.0114125
0.0114584
0.0115041
0.0115485
0.0115905
0.01163
0.0116678
0.0117025
0.0117335
0.0117614
0.0117867
0.01181
0.0118313
0.0118498
0.0118656
0.0118793
0.0118902
0.0118965
0.0118983
0.0118949
0.0118865
0.011875
0.0118615
0.0118458
0.0118271
0.0118053
0.0117805
0.0117537
0.0117289
0.00999483
0.00998113
0.00996302
0.00994127
0.00991652
0.00988931
0.00986006
0.00982916
0.009797
0.00976391
0.00973023
0.00969626
0.00966228
0.00962858
0.00959539
0.00956295
0.00953147
0.00950111
0.00947204
0.0094444
0.0094183
0.00939379
0.00937093
0.00934972
0.00933012
0.00931213
0.00929574
0.00928098
0.00926781
0.00925615
0.00924587
0.0092368
0.00922888
0.00922208
0.00921635
0.00921165
0.00920796
0.00920522
0.00920321
0.00920181
0.00920094
0.00920049
0.00920032
0.00920042
0.00920088
0.00920183
0.00920343
0.00920577
0.00920886
0.00921262
0.00921694
0.00922172
0.00922682
0.00923228
0.00923791
0.00924361
0.00924946
0.00925557
0.00926204
0.00926888
0.00927596
0.00928313
0.00929022
0.00929716
0.0093041
0.00931114
0.00931831
0.0093256
0.00933299
0.00934048
0.00934808
0.00935577
0.00936351
0.0093713
0.00937911
0.00938696
0.00939486
0.00940296
0.00941132
0.00941977
0.00942826
0.0094368
0.00944542
0.00945413
0.00946297
0.00947195
0.00948108
0.00949033
0.00949969
0.00950913
0.00951866
0.00952835
0.00953832
0.00954863
0.00955913
0.00956969
0.00958034
0.00959108
0.0096019
0.00961278
0.00962372
0.00963469
0.00964567
0.00965665
0.00966757
0.00967833
0.00968942
0.00970061
0.00971182
0.00972308
0.00973445
0.00974595
0.00975762
0.00976947
0.00978156
0.00979389
0.00980652
0.00981945
0.00983273
0.00984638
0.0098604
0.00987481
0.00988962
0.00990484
0.00992051
0.0099366
0.0099531
0.00997005
0.00998748
0.0100054
0.0100237
0.0100427
0.0100627
0.010083
0.0101038
0.0101251
0.010147
0.0101693
0.0101922
0.0102155
0.0102393
0.0102636
0.0102883
0.0103134
0.0103389
0.0103648
0.0103911
0.0104178
0.0104447
0.0104719
0.0104992
0.0105267
0.0105544
0.0105821
0.0106099
0.0106378
0.0106657
0.0106936
0.0107216
0.0107495
0.0107773
0.010805
0.0108326
0.0108601
0.010887
0.0109133
0.010939
0.0109642
0.0109884
0.0110116
0.0110337
0.0110547
0.0110748
0.011094
0.0111124
0.0111294
0.0111451
0.0111594
0.0111721
0.0111831
0.0111928
0.0112015
0.0112096
0.0112173
0.0112245
0.0112314
0.0112384
0.0112455
0.011252
0.0112576
0.0112617
0.0112641
0.0112654
0.0112657
0.0112645
0.0112614
0.0112562
0.0112491
0.0112407
0.0112339
0.00999577
0.00998636
0.00997441
0.00996008
0.00994359
0.00992516
0.00990502
0.00988339
0.00986051
0.00983663
0.00981197
0.00978678
0.00976126
0.00973563
0.00971009
0.00968486
0.00966009
0.00963595
0.00961259
0.00959016
0.00956877
0.00954854
0.00952953
0.0095118
0.00949535
0.0094802
0.00946636
0.00945383
0.0094426
0.00943264
0.00942384
0.00941612
0.00940939
0.00940361
0.00939873
0.0093947
0.00939146
0.00938894
0.00938714
0.00938596
0.00938532
0.00938511
0.00938525
0.00938571
0.00938647
0.00938754
0.00938891
0.00939063
0.00939272
0.0093952
0.00939805
0.00940126
0.00940485
0.00940902
0.00941361
0.00941851
0.00942367
0.00942905
0.00943465
0.00944045
0.00944638
0.0094524
0.00945845
0.0094645
0.00947056
0.00947665
0.00948282
0.00948907
0.00949541
0.00950183
0.00950835
0.00951495
0.00952165
0.00952844
0.00953532
0.0095423
0.0095494
0.00955664
0.00956402
0.00957152
0.00957914
0.00958687
0.00959474
0.00960275
0.00961091
0.00961925
0.00962776
0.00963646
0.00964533
0.00965438
0.00966361
0.00967306
0.00968272
0.00969261
0.00970271
0.00971295
0.00972326
0.0097336
0.00974398
0.00975438
0.00976478
0.00977515
0.00978549
0.00979576
0.00980597
0.00981616
0.00982629
0.00983641
0.00984655
0.00985675
0.00986703
0.00987741
0.00988792
0.00989857
0.00990939
0.00992042
0.00993165
0.00994313
0.00995488
0.00996689
0.00997919
0.00999175
0.0100046
0.0100177
0.010031
0.0100446
0.0100583
0.0100724
0.0100869
0.0101016
0.0101165
0.0101319
0.0101476
0.0101635
0.0101797
0.0101961
0.0102128
0.0102297
0.0102468
0.010264
0.0102814
0.0102989
0.0103165
0.0103342
0.010352
0.0103698
0.0103876
0.0104053
0.0104231
0.0104408
0.0104583
0.0104758
0.0104932
0.0105106
0.0105279
0.0105452
0.0105621
0.010579
0.0105957
0.0106122
0.0106287
0.0106449
0.0106612
0.010677
0.0106922
0.0107066
0.0107202
0.0107331
0.0107452
0.0107565
0.0107673
0.0107771
0.0107858
0.0107938
0.0108011
0.0108076
0.0108131
0.010818
0.0108226
0.0108271
0.0108317
0.0108368
0.0108425
0.010849
0.0108563
0.0108645
0.0108737
0.0108837
0.010894
0.0109041
0.0109134
0.0109215
0.0109282
0.0109335
0.0109367
0.0109377
0.0109365
0.0109334
0.0109296
0.010927
0.00999629
0.00998882
0.00997972
0.00996897
0.0099566
0.0099427
0.0099274
0.00991083
0.00989315
0.00987455
0.00985519
0.00983526
0.00981493
0.00979437
0.00977376
0.00975327
0.00973305
0.00971325
0.009694
0.00967543
0.00965766
0.00964079
0.0096249
0.00961004
0.00959625
0.00958355
0.00957195
0.00956144
0.00955201
0.00954363
0.00953626
0.00952982
0.00952427
0.00951953
0.00951556
0.0095123
0.00950969
0.0095077
0.0095063
0.00950546
0.00950511
0.00950517
0.00950559
0.00950633
0.00950731
0.00950853
0.00950994
0.00951155
0.0095134
0.00951549
0.00951784
0.00952047
0.00952341
0.00952669
0.0095303
0.00953418
0.00953828
0.00954256
0.009547
0.00955158
0.00955631
0.00956118
0.0095662
0.00957135
0.00957656
0.0095818
0.00958707
0.0095924
0.0095978
0.00960328
0.00960886
0.00961455
0.00962035
0.0096263
0.00963239
0.00963862
0.009645
0.00965148
0.00965805
0.00966475
0.00967163
0.00967867
0.00968587
0.00969323
0.00970077
0.00970848
0.00971638
0.00972449
0.0097328
0.00974133
0.00975006
0.00975899
0.00976805
0.00977722
0.00978652
0.00979594
0.00980543
0.00981495
0.00982449
0.00983401
0.0098435
0.00985292
0.00986225
0.00987151
0.00988068
0.00988981
0.00989877
0.00990766
0.00991657
0.00992552
0.00993453
0.00994362
0.00995282
0.00996214
0.0099716
0.00998123
0.00999103
0.010001
0.0100112
0.0100216
0.0100322
0.0100429
0.0100539
0.010065
0.0100762
0.0100874
0.0100989
0.0101105
0.0101223
0.0101342
0.0101462
0.0101585
0.0101708
0.0101833
0.0101959
0.0102086
0.0102214
0.0102343
0.0102472
0.0102601
0.010273
0.0102859
0.0102988
0.0103118
0.0103248
0.0103376
0.0103503
0.0103629
0.0103753
0.0103877
0.0103999
0.010412
0.0104241
0.0104361
0.0104481
0.01046
0.0104718
0.0104835
0.0104953
0.0105069
0.0105185
0.0105299
0.0105411
0.010552
0.0105623
0.0105719
0.010581
0.0105894
0.0105971
0.0106041
0.0106104
0.0106162
0.0106213
0.0106257
0.0106297
0.0106332
0.0106363
0.0106391
0.0106417
0.0106451
0.0106497
0.0106553
0.0106619
0.0106699
0.0106793
0.01069
0.0107018
0.0107144
0.0107271
0.010739
0.0107498
0.0107592
0.0107673
0.0107736
0.0107775
0.0107787
0.0107776
0.0107746
0.0107711
0.0107692
0.00999662
0.00999022
0.00998272
0.00997403
0.00996411
0.00995299
0.00994073
0.00992742
0.00991316
0.00989809
0.00988234
0.00986605
0.00984937
0.00983244
0.00981542
0.00979844
0.00978164
0.00976516
0.00974911
0.00973361
0.00971877
0.00970466
0.00969137
0.00967895
0.00966743
0.00965684
0.00964718
0.00963844
0.00963063
0.0096237
0.00961763
0.00961237
0.00960787
0.00960408
0.00960094
0.0095984
0.00959641
0.00959495
0.00959397
0.00959345
0.00959334
0.00959358
0.00959415
0.00959499
0.00959606
0.00959733
0.00959877
0.00960038
0.00960217
0.00960415
0.00960632
0.0096087
0.00961131
0.00961416
0.00961725
0.00962055
0.00962403
0.00962767
0.00963144
0.00963534
0.00963936
0.00964353
0.00964783
0.00965227
0.00965681
0.00966141
0.00966605
0.00967076
0.00967554
0.00968041
0.00968538
0.00969047
0.0096957
0.00970107
0.00970659
0.00971227
0.00971809
0.00972403
0.00973008
0.00973627
0.00974261
0.00974912
0.00975578
0.0097626
0.00976958
0.00977673
0.00978405
0.00979155
0.00979922
0.00980708
0.0098151
0.00982326
0.00983152
0.00983984
0.0098482
0.00985662
0.00986508
0.00987356
0.00988202
0.00989043
0.00989877
0.00990702
0.00991516
0.00992318
0.00993109
0.0099389
0.00994661
0.00995426
0.00996188
0.0099695
0.00997717
0.00998489
0.00999271
0.0100006
0.0100087
0.0100169
0.0100252
0.0100337
0.0100423
0.0100511
0.0100599
0.0100689
0.010078
0.0100871
0.0100962
0.0101055
0.0101147
0.010124
0.0101334
0.0101427
0.0101522
0.0101617
0.0101712
0.0101809
0.0101905
0.0102002
0.01021
0.0102198
0.0102296
0.0102394
0.0102491
0.0102587
0.0102683
0.0102779
0.0102876
0.0102974
0.010307
0.0103164
0.0103257
0.0103349
0.0103442
0.0103535
0.0103628
0.0103721
0.0103815
0.0103908
0.0104003
0.0104099
0.0104197
0.0104294
0.0104391
0.0104487
0.010458
0.010467
0.0104757
0.0104839
0.0104916
0.0104985
0.0105049
0.0105105
0.0105153
0.0105195
0.010523
0.010526
0.0105287
0.0105312
0.0105338
0.0105367
0.0105401
0.0105441
0.0105494
0.010556
0.0105638
0.0105729
0.0105831
0.0105944
0.0106066
0.0106195
0.0106322
0.010644
0.0106543
0.0106629
0.0106696
0.0106741
0.0106764
0.0106767
0.0106751
0.0106721
0.0106689
0.0106672
0.00999684
0.00999106
0.00998451
0.00997706
0.00996868
0.00995935
0.00994909
0.00993796
0.00992603
0.0099134
0.00990018
0.00988647
0.0098724
0.0098581
0.0098437
0.00982931
0.00981507
0.00980109
0.00978747
0.00977433
0.00976174
0.00974979
0.00973854
0.00972803
0.00971831
0.00970939
0.00970127
0.00969396
0.00968744
0.00968169
0.00967668
0.00967236
0.00966871
0.00966566
0.00966318
0.00966122
0.00965973
0.00965868
0.00965805
0.00965778
0.00965786
0.00965824
0.00965889
0.00965978
0.00966088
0.00966216
0.00966361
0.00966521
0.00966696
0.00966887
0.00967094
0.00967318
0.0096756
0.00967819
0.00968097
0.00968391
0.009687
0.00969023
0.00969358
0.00969704
0.00970062
0.00970432
0.00970813
0.00971205
0.00971606
0.00972017
0.00972434
0.0097286
0.00973294
0.00973737
0.00974191
0.00974658
0.00975138
0.00975632
0.00976141
0.00976664
0.00977202
0.00977754
0.0097832
0.00978898
0.0097949
0.00980097
0.00980717
0.00981352
0.00982001
0.00982664
0.00983341
0.00984033
0.00984738
0.00985457
0.00986187
0.00986926
0.00987673
0.00988423
0.00989176
0.00989929
0.00990682
0.00991431
0.00992176
0.00992912
0.00993638
0.00994352
0.00995054
0.00995742
0.00996419
0.00997084
0.00997741
0.00998392
0.00999039
0.00999685
0.0100033
0.0100099
0.0100165
0.0100232
0.01003
0.010037
0.010044
0.0100511
0.0100584
0.0100657
0.0100731
0.0100805
0.0100879
0.0100954
0.0101028
0.0101102
0.0101176
0.010125
0.0101324
0.0101398
0.0101471
0.0101545
0.0101619
0.0101694
0.0101768
0.0101844
0.0101919
0.0101995
0.0102071
0.0102147
0.0102223
0.0102299
0.0102375
0.010245
0.0102525
0.01026
0.0102676
0.0102751
0.0102826
0.0102902
0.0102979
0.0103057
0.0103137
0.0103219
0.0103304
0.0103391
0.0103479
0.010357
0.0103662
0.0103754
0.0103846
0.0103937
0.0104024
0.0104109
0.010419
0.0104266
0.0104337
0.01044
0.0104455
0.0104502
0.0104541
0.0104572
0.0104597
0.0104615
0.010463
0.0104645
0.0104664
0.0104689
0.0104724
0.0104767
0.0104819
0.0104884
0.0104962
0.010505
0.0105146
0.0105249
0.0105358
0.0105469
0.0105579
0.010568
0.0105768
0.0105838
0.0105887
0.0105915
0.0105926
0.0105922
0.0105906
0.0105883
0.0105863
0.0105854
0.00999696
0.00999153
0.00998551
0.00997878
0.0099713
0.00996304
0.00995401
0.00994424
0.00993378
0.00992272
0.00991113
0.00989911
0.00988677
0.00987423
0.00986158
0.00984895
0.00983645
0.00982418
0.00981224
0.00980073
0.00978972
0.00977927
0.00976946
0.00976031
0.00975186
0.00974412
0.0097371
0.0097308
0.0097252
0.00972028
0.00971602
0.00971237
0.0097093
0.00970677
0.00970474
0.00970317
0.00970201
0.00970125
0.00970083
0.00970074
0.00970094
0.0097014
0.0097021
0.00970302
0.00970412
0.0097054
0.00970683
0.0097084
0.00971012
0.00971198
0.00971398
0.00971612
0.00971841
0.00972085
0.00972344
0.00972616
0.00972901
0.00973198
0.00973506
0.00973825
0.00974153
0.00974492
0.0097484
0.00975198
0.00975566
0.00975942
0.00976326
0.00976719
0.00977122
0.00977534
0.00977958
0.00978393
0.00978842
0.00979305
0.00979782
0.00980274
0.0098078
0.009813
0.00981834
0.00982381
0.00982941
0.00983514
0.009841
0.00984698
0.00985309
0.00985931
0.00986565
0.00987211
0.00987866
0.00988531
0.00989204
0.00989884
0.00990567
0.00991253
0.00991938
0.00992621
0.009933
0.00993973
0.00994638
0.00995292
0.00995934
0.00996564
0.00997179
0.00997781
0.00998371
0.00998949
0.00999519
0.0100008
0.0100064
0.010012
0.0100176
0.0100233
0.010029
0.0100348
0.0100407
0.0100467
0.0100527
0.0100589
0.010065
0.0100713
0.0100775
0.0100838
0.01009
0.0100962
0.0101024
0.0101085
0.0101146
0.0101206
0.0101266
0.0101325
0.0101385
0.0101444
0.0101504
0.0101564
0.0101624
0.0101686
0.0101747
0.010181
0.0101873
0.0101937
0.0102001
0.0102066
0.010213
0.0102195
0.010226
0.0102325
0.0102391
0.0102458
0.0102526
0.0102596
0.0102667
0.0102741
0.0102818
0.0102898
0.0102983
0.0103072
0.0103163
0.0103255
0.0103349
0.0103443
0.0103536
0.0103627
0.0103714
0.0103797
0.0103874
0.0103945
0.0104008
0.0104063
0.0104109
0.0104146
0.0104173
0.0104192
0.0104204
0.010421
0.0104212
0.0104214
0.0104219
0.010423
0.010425
0.010428
0.0104318
0.0104368
0.0104431
0.0104503
0.0104583
0.0104668
0.0104755
0.010484
0.0104924
0.0105004
0.0105075
0.0105133
0.0105175
0.0105202
0.0105214
0.0105211
0.0105202
0.0105191
0.0105185
0.010519
0.009997
0.00999172
0.00998592
0.0099795
0.00997242
0.00996465
0.00995619
0.00994706
0.00993732
0.00992703
0.00991626
0.0099051
0.00989366
0.00988202
0.0098703
0.00985861
0.00984704
0.00983571
0.00982469
0.00981408
0.00980394
0.00979435
0.00978534
0.00977697
0.00976924
0.00976218
0.00975579
0.00975006
0.00974498
0.00974053
0.00973667
0.00973339
0.00973064
0.00972838
0.00972659
0.00972522
0.00972423
0.00972359
0.00972327
0.00972325
0.00972349
0.00972398
0.00972469
0.00972559
0.00972668
0.00972793
0.00972934
0.00973088
0.00973257
0.00973439
0.00973634
0.00973843
0.00974065
0.009743
0.00974547
0.00974808
0.00975079
0.00975362
0.00975655
0.00975957
0.00976269
0.0097659
0.00976919
0.00977258
0.00977604
0.0097796
0.00978324
0.00978698
0.0097908
0.00979474
0.00979878
0.00980295
0.00980725
0.00981169
0.00981627
0.009821
0.00982588
0.00983089
0.00983604
0.00984133
0.00984675
0.00985229
0.00985795
0.00986373
0.00986962
0.00987562
0.00988172
0.00988791
0.00989419
0.00990054
0.00990694
0.00991339
0.00991985
0.00992632
0.00993277
0.00993918
0.00994554
0.00995181
0.00995799
0.00996404
0.00996997
0.00997576
0.0099814
0.00998691
0.00999229
0.00999756
0.0100027
0.0100079
0.0100129
0.010018
0.0100231
0.0100282
0.0100334
0.0100387
0.010044
0.0100494
0.0100549
0.0100604
0.010066
0.0100715
0.0100771
0.0100826
0.0100881
0.0100936
0.010099
0.0101044
0.0101096
0.0101149
0.01012
0.0101252
0.0101303
0.0101355
0.0101407
0.010146
0.0101514
0.0101568
0.0101624
0.0101681
0.0101739
0.0101798
0.0101858
0.0101919
0.0101981
0.0102044
0.0102107
0.0102171
0.0102237
0.0102305
0.0102374
0.0102446
0.010252
0.0102598
0.0102678
0.0102763
0.0102853
0.0102948
0.0103045
0.0103143
0.0103243
0.0103341
0.0103438
0.0103531
0.0103619
0.0103701
0.0103774
0.0103839
0.0103895
0.010394
0.0103975
0.0103999
0.0104013
0.0104017
0.0104014
0.0104004
0.010399
0.0103975
0.0103961
0.0103953
0.0103952
0.0103961
0.0103979
0.0104008
0.0104048
0.0104099
0.0104158
0.0104221
0.0104285
0.0104348
0.010441
0.0104473
0.0104533
0.0104583
0.0104622
0.0104649
0.0104665
0.010467
0.0104671
0.0104672
0.0104677
0.0104691
0.00999698
0.00999165
0.00998581
0.00997935
0.00997223
0.00996442
0.00995593
0.00994679
0.00993705
0.00992677
0.00991603
0.00990492
0.00989354
0.00988199
0.00987038
0.00985881
0.00984738
0.0098362
0.00982535
0.00981491
0.00980496
0.00979555
0.00978673
0.00977853
0.00977098
0.00976408
0.00975784
0.00975224
0.00974728
0.00974292
0.00973915
0.00973593
0.00973322
0.009731
0.00972922
0.00972786
0.00972686
0.00972621
0.00972587
0.00972582
0.00972602
0.00972647
0.00972713
0.00972799
0.00972904
0.00973026
0.00973164
0.00973316
0.00973482
0.00973662
0.00973856
0.00974063
0.00974283
0.00974515
0.0097476
0.00975017
0.00975285
0.00975563
0.00975851
0.00976148
0.00976454
0.00976769
0.00977092
0.00977423
0.00977762
0.0097811
0.00978466
0.00978831
0.00979207
0.00979593
0.00979991
0.00980401
0.00980825
0.00981264
0.00981716
0.00982184
0.00982667
0.00983165
0.00983677
0.00984203
0.00984742
0.00985294
0.00985859
0.00986436
0.00987024
0.00987623
0.00988232
0.0098885
0.00989475
0.00990107
0.00990743
0.00991383
0.00992024
0.00992664
0.00993302
0.00993935
0.00994561
0.00995179
0.00995785
0.00996379
0.0099696
0.00997526
0.00998078
0.00998615
0.00999141
0.00999655
0.0100016
0.0100066
0.0100115
0.0100165
0.0100214
0.0100264
0.0100315
0.0100366
0.0100417
0.010047
0.0100522
0.0100575
0.0100629
0.0100682
0.0100735
0.0100788
0.0100841
0.0100893
0.0100945
0.0100996
0.0101046
0.0101096
0.0101146
0.0101196
0.0101245
0.0101295
0.0101346
0.0101398
0.0101451
0.0101506
0.0101562
0.010162
0.0101679
0.0101741
0.0101803
0.0101867
0.0101932
0.0101999
0.0102067
0.0102137
0.0102209
0.0102284
0.0102362
0.0102442
0.0102524
0.0102611
0.0102701
0.0102796
0.0102897
0.0103001
0.0103108
0.0103216
0.0103324
0.0103431
0.0103534
0.0103632
0.0103723
0.0103804
0.0103876
0.0103936
0.0103984
0.010402
0.0104042
0.0104053
0.0104052
0.0104041
0.010402
0.0103993
0.010396
0.0103926
0.0103893
0.0103864
0.0103841
0.0103826
0.0103822
0.0103829
0.0103847
0.0103875
0.0103912
0.0103955
0.0104
0.0104045
0.0104092
0.0104139
0.0104185
0.0104225
0.0104258
0.0104284
0.0104303
0.0104317
0.0104328
0.0104337
0.0104348
0.0104364
0.00999689
0.00999134
0.00998518
0.00997832
0.00997072
0.00996235
0.00995323
0.00994342
0.00993296
0.00992194
0.00991044
0.00989858
0.00988644
0.00987416
0.00986183
0.00984957
0.00983749
0.00982568
0.00981425
0.00980328
0.00979282
0.00978295
0.0097737
0.00976511
0.00975719
0.00974995
0.00974339
0.0097375
0.00973226
0.00972764
0.00972362
0.00972017
0.00971725
0.00971482
0.00971286
0.00971131
0.00971015
0.00970934
0.00970886
0.00970867
0.00970876
0.0097091
0.00970968
0.00971048
0.00971148
0.00971266
0.00971401
0.00971553
0.0097172
0.00971901
0.00972098
0.00972308
0.00972532
0.00972769
0.00973019
0.00973281
0.00973554
0.00973838
0.00974132
0.00974435
0.00974746
0.00975066
0.00975394
0.0097573
0.00976074
0.00976426
0.00976786
0.00977156
0.00977536
0.00977927
0.0097833
0.00978746
0.00979177
0.00979622
0.00980083
0.0098056
0.00981052
0.0098156
0.00982084
0.00982622
0.00983175
0.00983742
0.00984323
0.00984918
0.00985526
0.00986146
0.00986777
0.00987417
0.00988066
0.00988722
0.00989383
0.00990047
0.00990713
0.00991378
0.0099204
0.00992698
0.00993349
0.00993992
0.00994623
0.00995242
0.00995847
0.00996437
0.00997014
0.00997576
0.00998126
0.00998665
0.00999195
0.00999718
0.0100024
0.0100076
0.0100127
0.010018
0.0100232
0.0100286
0.0100339
0.0100394
0.0100449
0.0100504
0.0100559
0.0100614
0.010067
0.0100725
0.0100779
0.0100834
0.0100888
0.0100941
0.0100995
0.0101047
0.01011
0.0101153
0.0101206
0.010126
0.0101315
0.0101372
0.010143
0.010149
0.0101553
0.0101617
0.0101683
0.0101752
0.0101822
0.0101895
0.0101969
0.0102046
0.0102125
0.0102207
0.0102291
0.0102378
0.0102468
0.010256
0.0102656
0.0102757
0.0102862
0.0102973
0.0103088
0.0103206
0.0103327
0.0103449
0.0103571
0.0103689
0.0103803
0.010391
0.0104007
0.0104092
0.0104165
0.0104223
0.0104267
0.0104297
0.0104311
0.010431
0.0104295
0.0104268
0.010423
0.0104184
0.0104134
0.0104081
0.0104027
0.0103977
0.0103933
0.0103896
0.010387
0.0103854
0.0103849
0.0103855
0.0103871
0.0103894
0.0103922
0.0103953
0.0103985
0.0104018
0.0104051
0.0104081
0.0104107
0.010413
0.010415
0.0104167
0.0104182
0.0104196
0.0104211
0.0104231
0.00999672
0.00999073
0.00998395
0.00997628
0.00996769
0.00995817
0.00994778
0.00993658
0.00992465
0.0099121
0.00989904
0.00988558
0.00987187
0.00985802
0.00984415
0.00983041
0.00981689
0.00980372
0.00979098
0.00977877
0.00976716
0.00975619
0.00974593
0.00973639
0.00972759
0.00971954
0.00971222
0.00970563
0.00969974
0.00969452
0.00968996
0.009686
0.00968262
0.00967977
0.00967742
0.00967553
0.00967405
0.00967296
0.00967222
0.00967181
0.00967171
0.0096719
0.00967237
0.00967309
0.00967405
0.00967522
0.00967659
0.00967814
0.00967986
0.00968175
0.0096838
0.00968601
0.00968838
0.00969088
0.00969353
0.0096963
0.0096992
0.0097022
0.0097053
0.0097085
0.00971179
0.00971516
0.00971862
0.00972215
0.00972575
0.00972944
0.00973321
0.00973707
0.00974103
0.0097451
0.0097493
0.00975364
0.00975814
0.00976278
0.00976759
0.00977256
0.0097777
0.00978301
0.00978848
0.00979411
0.00979989
0.00980585
0.00981196
0.00981825
0.00982469
0.00983127
0.00983799
0.00984482
0.00985175
0.00985877
0.00986585
0.00987297
0.00988012
0.00988728
0.00989442
0.00990153
0.00990857
0.00991554
0.00992241
0.00992915
0.00993577
0.00994224
0.00994857
0.00995477
0.00996086
0.00996684
0.00997273
0.00997856
0.00998435
0.00999011
0.00999586
0.0100016
0.0100075
0.0100134
0.0100194
0.0100254
0.0100314
0.0100375
0.0100436
0.0100497
0.0100558
0.0100619
0.010068
0.010074
0.0100801
0.0100862
0.0100922
0.0100982
0.0101042
0.0101103
0.0101164
0.0101227
0.0101291
0.0101357
0.0101425
0.0101495
0.0101568
0.0101644
0.0101722
0.0101803
0.0101886
0.0101972
0.0102061
0.0102154
0.010225
0.0102348
0.0102448
0.0102551
0.0102656
0.0102766
0.0102881
0.0103001
0.0103126
0.0103255
0.0103389
0.0103526
0.0103666
0.0103806
0.0103945
0.0104081
0.010421
0.0104331
0.010444
0.0104535
0.0104614
0.0104677
0.0104722
0.0104752
0.0104765
0.010476
0.0104736
0.0104697
0.0104645
0.0104584
0.0104517
0.0104446
0.0104375
0.0104308
0.0104244
0.0104188
0.010414
0.0104102
0.0104077
0.0104062
0.0104057
0.010406
0.0104069
0.0104083
0.0104099
0.0104118
0.0104137
0.0104156
0.0104173
0.0104189
0.0104205
0.0104222
0.010424
0.0104259
0.0104277
0.0104298
0.00999645
0.00998973
0.00998191
0.00997289
0.00996268
0.00995131
0.00993886
0.00992546
0.00991121
0.00989625
0.00988075
0.00986484
0.00984868
0.00983242
0.0098162
0.00980017
0.00978445
0.00976918
0.00975444
0.00974033
0.00972693
0.00971429
0.00970246
0.00969147
0.00968132
0.00967202
0.00966355
0.00965589
0.00964901
0.0096429
0.00963751
0.00963281
0.00962876
0.00962531
0.00962241
0.00962002
0.0096181
0.00961662
0.00961554
0.00961484
0.0096145
0.00961453
0.0096149
0.00961559
0.00961656
0.00961779
0.00961924
0.00962089
0.00962276
0.00962482
0.00962708
0.00962951
0.00963212
0.0096349
0.00963782
0.00964088
0.00964407
0.00964737
0.00965078
0.00965428
0.00965788
0.00966156
0.00966532
0.00966916
0.00967307
0.00967705
0.00968108
0.0096852
0.00968941
0.00969374
0.00969822
0.00970283
0.0097076
0.00971252
0.0097176
0.00972286
0.0097283
0.00973392
0.00973971
0.00974565
0.00975176
0.00975807
0.00976457
0.00977127
0.00977814
0.00978519
0.0097924
0.00979975
0.00980723
0.00981481
0.00982249
0.00983024
0.00983804
0.00984587
0.0098537
0.00986151
0.00986928
0.00987698
0.00988461
0.00989213
0.00989954
0.00990682
0.00991398
0.00992101
0.00992794
0.00993476
0.00994152
0.00994822
0.00995491
0.00996161
0.00996834
0.00997506
0.00998182
0.00998863
0.00999548
0.0100024
0.0100093
0.0100163
0.0100232
0.0100302
0.0100372
0.0100442
0.0100512
0.0100582
0.0100653
0.0100723
0.0100794
0.0100865
0.0100936
0.0101008
0.0101081
0.0101156
0.0101233
0.0101312
0.0101394
0.0101478
0.0101565
0.0101655
0.0101749
0.0101846
0.0101947
0.0102051
0.0102161
0.0102273
0.0102389
0.0102506
0.0102626
0.0102748
0.0102874
0.0103006
0.0103144
0.0103286
0.0103432
0.0103584
0.0103742
0.0103902
0.0104064
0.0104227
0.0104389
0.0104546
0.0104696
0.0104837
0.0104963
0.0105075
0.0105171
0.0105246
0.0105301
0.0105339
0.0105358
0.0105355
0.0105333
0.0105293
0.0105237
0.0105168
0.0105091
0.010501
0.0104927
0.0104846
0.0104768
0.0104695
0.010463
0.0104574
0.0104528
0.0104493
0.0104467
0.010445
0.0104439
0.0104434
0.0104434
0.0104437
0.0104441
0.0104447
0.0104453
0.0104461
0.0104473
0.0104488
0.0104502
0.0104515
0.0104529
0.0104545
0.00999605
0.00998816
0.00997864
0.00996746
0.00995469
0.00994047
0.00992493
0.00990825
0.00989061
0.0098722
0.00985322
0.00983385
0.00981429
0.0097947
0.00977526
0.00975612
0.00973743
0.00971932
0.0097019
0.00968527
0.0096695
0.00965464
0.00964076
0.00962785
0.00961594
0.00960501
0.00959504
0.009586
0.00957786
0.0095706
0.00956418
0.00955856
0.00955368
0.0095495
0.00954594
0.00954297
0.00954052
0.00953858
0.00953711
0.0095361
0.00953553
0.00953543
0.00953579
0.00953656
0.00953769
0.0095391
0.00954077
0.00954269
0.00954487
0.00954729
0.00954993
0.00955279
0.00955583
0.00955905
0.00956243
0.00956595
0.0095696
0.00957336
0.00957724
0.00958122
0.00958528
0.00958943
0.00959366
0.00959796
0.00960233
0.00960677
0.00961125
0.00961578
0.00962042
0.00962519
0.0096301
0.00963513
0.0096403
0.0096456
0.00965106
0.0096567
0.00966252
0.00966852
0.00967471
0.00968111
0.00968771
0.0096945
0.00970149
0.00970866
0.00971601
0.00972354
0.00973125
0.00973913
0.00974715
0.00975531
0.00976359
0.00977197
0.00978042
0.00978892
0.00979746
0.009806
0.00981452
0.009823
0.00983142
0.00983977
0.00984803
0.00985621
0.00986429
0.00987226
0.00988013
0.00988793
0.00989566
0.00990336
0.00991107
0.00991883
0.00992672
0.00993463
0.00994247
0.00995026
0.00995804
0.00996586
0.00997377
0.00998175
0.00998981
0.0099979
0.010006
0.0100142
0.0100224
0.0100306
0.0100388
0.0100471
0.0100554
0.0100638
0.0100723
0.0100809
0.0100896
0.0100986
0.0101078
0.0101173
0.0101271
0.0101372
0.0101476
0.0101585
0.0101698
0.0101816
0.0101938
0.0102065
0.0102196
0.0102331
0.0102468
0.0102608
0.0102751
0.0102898
0.0103049
0.0103206
0.0103369
0.0103534
0.0103706
0.0103884
0.0104067
0.0104254
0.0104443
0.0104633
0.0104821
0.0105005
0.0105181
0.0105347
0.01055
0.0105637
0.0105757
0.0105856
0.0105935
0.0105991
0.0106023
0.0106033
0.0106021
0.010599
0.0105942
0.0105879
0.0105804
0.0105723
0.0105637
0.0105548
0.0105461
0.0105378
0.0105302
0.0105231
0.0105169
0.0105115
0.0105071
0.0105035
0.0105007
0.0104988
0.0104974
0.0104963
0.0104955
0.0104949
0.0104947
0.0104949
0.0104952
0.0104953
0.0104953
0.0104955
0.010496
0.010497
0.00999548
0.00998553
0.00997301
0.00995812
0.00994112
0.00992229
0.00990189
0.00988019
0.00985745
0.00983395
0.00980993
0.00978565
0.00976133
0.00973717
0.00971337
0.00969009
0.0096675
0.00964573
0.0096249
0.00960509
0.00958637
0.00956879
0.00955239
0.00953718
0.00952316
0.0095103
0.00949856
0.00948793
0.00947838
0.00946987
0.00946236
0.00945577
0.00945006
0.00944514
0.00944094
0.0094374
0.00943446
0.00943209
0.00943029
0.00942903
0.00942831
0.00942833
0.00942898
0.00943008
0.00943154
0.00943334
0.00943551
0.00943807
0.00944098
0.00944417
0.00944759
0.00945122
0.00945504
0.00945902
0.00946316
0.00946744
0.00947185
0.00947638
0.00948102
0.00948576
0.00949059
0.00949551
0.00950049
0.00950555
0.00951069
0.00951592
0.00952123
0.00952662
0.0095321
0.00953765
0.00954327
0.00954897
0.00955475
0.00956063
0.00956663
0.00957277
0.00957906
0.00958553
0.0095922
0.00959911
0.00960622
0.0096135
0.00962094
0.00962855
0.00963631
0.00964425
0.00965237
0.00966064
0.00966908
0.00967767
0.0096864
0.00969524
0.00970419
0.00971322
0.00972229
0.0097314
0.0097405
0.0097496
0.00975866
0.00976768
0.00977667
0.00978561
0.00979449
0.0098033
0.00981204
0.00982073
0.00982938
0.009838
0.00984662
0.00985524
0.00986389
0.00987257
0.00988118
0.00988977
0.00989845
0.00990722
0.00991616
0.0099253
0.00993459
0.00994397
0.00995338
0.00996284
0.0099724
0.00998198
0.00999151
0.0100011
0.0100109
0.0100208
0.0100308
0.0100409
0.0100512
0.0100619
0.0100728
0.010084
0.0100956
0.0101075
0.0101199
0.0101329
0.0101463
0.0101604
0.010175
0.0101901
0.0102057
0.0102218
0.0102381
0.0102549
0.010272
0.0102897
0.0103078
0.0103265
0.0103457
0.0103655
0.0103859
0.0104069
0.0104285
0.0104505
0.0104729
0.0104954
0.0105178
0.0105398
0.0105612
0.0105816
0.0106009
0.0106189
0.010635
0.0106492
0.0106613
0.0106706
0.0106772
0.0106815
0.0106834
0.010683
0.0106807
0.0106767
0.0106708
0.0106637
0.0106559
0.0106474
0.0106387
0.0106301
0.0106218
0.0106138
0.0106062
0.0105992
0.010593
0.0105878
0.0105835
0.0105798
0.0105767
0.0105741
0.0105721
0.0105705
0.0105692
0.0105678
0.0105662
0.0105646
0.0105634
0.0105628
0.0105629
0.010563
0.00999452
0.00998006
0.0099611
0.00993853
0.0099131
0.0098854
0.00985593
0.00982513
0.0097934
0.00976113
0.00972867
0.00969634
0.0096644
0.00963311
0.00960267
0.00957327
0.00954504
0.00951811
0.00949256
0.00946848
0.00944588
0.00942481
0.00940525
0.00938721
0.00937066
0.00935554
0.00934182
0.00932951
0.00931857
0.00930893
0.00930049
0.00929317
0.00928686
0.00928146
0.00927691
0.00927313
0.00927005
0.00926759
0.00926575
0.00926449
0.00926383
0.00926393
0.00926455
0.00926539
0.00926643
0.00926783
0.00926986
0.00927283
0.00927644
0.00928046
0.00928478
0.00928931
0.00929403
0.00929893
0.009304
0.00930923
0.00931461
0.00932014
0.00932579
0.00933157
0.00933744
0.00934341
0.00934947
0.00935562
0.00936186
0.00936822
0.00937475
0.00938144
0.00938819
0.00939493
0.00940163
0.00940832
0.00941501
0.00942173
0.00942849
0.00943534
0.00944228
0.00944934
0.00945656
0.00946389
0.00947134
0.00947894
0.00948671
0.00949463
0.00950272
0.00951096
0.00951936
0.00952792
0.00953663
0.00954549
0.00955449
0.00956363
0.00957288
0.00958224
0.00959166
0.00960113
0.00961062
0.00962011
0.0096296
0.0096391
0.0096486
0.00965811
0.0096676
0.00967708
0.00968653
0.00969597
0.0097054
0.00971484
0.00972428
0.00973366
0.00974282
0.00975177
0.00976076
0.00977
0.00977956
0.00978942
0.0097996
0.00981005
0.00982066
0.00983139
0.00984225
0.00985323
0.00986424
0.00987537
0.00988671
0.00989817
0.00990967
0.0099213
0.00993318
0.00994535
0.00995774
0.00997037
0.00998333
0.00999667
0.0100105
0.0100248
0.0100397
0.0100554
0.0100716
0.0100885
0.0101061
0.0101244
0.0101433
0.0101627
0.0101828
0.0102034
0.0102246
0.0102464
0.0102689
0.0102922
0.0103162
0.0103409
0.0103665
0.0103929
0.0104199
0.0104477
0.010476
0.0105046
0.010533
0.0105613
0.0105893
0.0106167
0.0106435
0.0106693
0.0106936
0.0107162
0.0107368
0.0107546
0.0107695
0.0107815
0.0107909
0.0107975
0.0108017
0.0108035
0.0108027
0.0107998
0.0107953
0.0107893
0.0107822
0.0107744
0.0107662
0.0107579
0.0107495
0.0107411
0.0107332
0.0107258
0.0107191
0.0107128
0.0107068
0.0107009
0.0106952
0.0106896
0.0106844
0.0106795
0.0106749
0.0106711
0.0106683
0.0106669
0.0106664
0.0106651
0.00999191
0.0099631
0.00992503
0.0098808
0.00983256
0.00978173
0.0097294
0.00967642
0.00962348
0.00957113
0.00951984
0.00946999
0.00942187
0.00937576
0.00933187
0.00929032
0.00925116
0.00921441
0.00918007
0.00914815
0.00911863
0.00909142
0.00906645
0.00904363
0.00902289
0.00900417
0.00898742
0.00897266
0.00895981
0.00894871
0.00893919
0.00893111
0.00892432
0.00891868
0.00891414
0.00891065
0.00890815
0.00890643
0.00890536
0.0089049
0.00890505
0.00890482
0.00890413
0.00890308
0.0089019
0.00890097
0.00890076
0.00890217
0.00890458
0.00890763
0.00891115
0.00891506
0.0089193
0.00892383
0.00892863
0.00893369
0.00893898
0.00894449
0.0089502
0.00895612
0.00896221
0.00896847
0.00897489
0.00898147
0.0089882
0.00899508
0.00900213
0.00900936
0.00901682
0.00902446
0.00903217
0.00903991
0.00904765
0.0090554
0.00906314
0.00907091
0.00907872
0.00908657
0.00909452
0.00910262
0.00911093
0.00911942
0.00912806
0.00913682
0.00914568
0.00915462
0.00916365
0.00917276
0.00918196
0.00919125
0.00920064
0.00921012
0.00921969
0.00922935
0.00923906
0.00924882
0.00925859
0.00926836
0.00927813
0.00928792
0.00929774
0.0093076
0.0093175
0.00932744
0.0093374
0.0093474
0.00935742
0.00936746
0.00937751
0.00938754
0.00939752
0.00940746
0.00941755
0.00942784
0.00943838
0.0094492
0.00946035
0.00947181
0.00948356
0.00949555
0.00950779
0.0095203
0.00953312
0.00954627
0.00955977
0.00957361
0.00958779
0.00960236
0.00961738
0.00963283
0.00964869
0.00966488
0.00968141
0.00969838
0.00971603
0.00973448
0.00975383
0.00977371
0.00979491
0.00981709
0.00983997
0.00986326
0.00988709
0.00991171
0.00993766
0.0099649
0.00999307
0.0100222
0.0100527
0.0100846
0.0101182
0.0101529
0.0101889
0.0102265
0.0102659
0.0103053
0.0103447
0.0103843
0.0104244
0.010465
0.0105062
0.0105486
0.0105915
0.0106339
0.0106755
0.0107159
0.0107534
0.0107876
0.0108188
0.0108476
0.0108739
0.0108975
0.0109181
0.0109349
0.0109478
0.0109568
0.0109624
0.0109647
0.0109647
0.0109628
0.010959
0.0109533
0.010946
0.0109375
0.0109284
0.0109186
0.0109081
0.0108968
0.0108844
0.0108705
0.0108549
0.0108382
0.010821
0.0108045
0.0107896
0.0107771
0.0107671
0.0107601
0.0107556
0.0107527
0.00997401
0.0098697
0.00974632
0.00961316
0.00947588
0.00933854
0.00920401
0.00907423
0.00895041
0.0088332
0.00872284
0.00861933
0.00852252
0.00843224
0.00834819
0.00827014
0.00819785
0.00813104
0.00806937
0.00801253
0.0079603
0.00791246
0.00786877
0.00782899
0.00779289
0.00776034
0.00773124
0.00770519
0.00768187
0.00766117
0.00764293
0.00762707
0.00761354
0.00760233
0.00759339
0.00758659
0.00758192
0.00757943
0.0075789
0.00758009
0.00758278
0.00758638
0.00759079
0.0075966
0.00760392
0.00761241
0.00762109
0.00762716
0.00763164
0.00763525
0.00763848
0.00764163
0.00764496
0.0076486
0.00765266
0.00765719
0.00766223
0.00766778
0.00767382
0.00768034
0.00768732
0.00769475
0.00770261
0.00771088
0.00771957
0.00772865
0.00773811
0.0077479
0.00775791
0.00776795
0.007778
0.007788
0.00779798
0.0078079
0.00781779
0.00782763
0.00783745
0.00784724
0.00785705
0.00786693
0.00787699
0.0078872
0.00789752
0.00790786
0.00791821
0.00792851
0.00793878
0.00794897
0.00795913
0.00796922
0.00797927
0.00798924
0.00799917
0.00800901
0.00801879
0.00802847
0.00803808
0.00804757
0.00805698
0.00806629
0.00807556
0.00808476
0.00809396
0.00810315
0.00811235
0.00812155
0.00813077
0.00814
0.00814933
0.00815879
0.00816848
0.00817836
0.00818838
0.00819844
0.00820854
0.00821867
0.00822893
0.00823934
0.00824999
0.00826089
0.00827216
0.00828389
0.00829628
0.0083094
0.00832334
0.00833801
0.00835354
0.0083701
0.00838797
0.0084072
0.00842775
0.00844928
0.00847134
0.00849328
0.00851503
0.00853704
0.00855966
0.00858216
0.00860478
0.00862784
0.00865209
0.00867797
0.00870588
0.00873584
0.00876772
0.00880145
0.00883732
0.00887572
0.00891674
0.00896007
0.00900448
0.00905002
0.00909805
0.00914903
0.0092025
0.00925791
0.00931511
0.00937334
0.0094315
0.00948966
0.00954876
0.0096097
0.00967251
0.00973629
0.00980002
0.00986269
0.0099234
0.00998203
0.0100382
0.0100917
0.0101425
0.01019
0.0102333
0.0102717
0.0103046
0.010332
0.0103553
0.0103752
0.0103918
0.0104047
0.0104137
0.0104189
0.0104204
0.0104187
0.010414
0.0104065
0.0103961
0.0103831
0.0103669
0.010346
0.0103188
0.0102861
0.0102507
0.0102146
0.0101797
0.0101468
0.0101166
0.0100896
0.0100668
0.0100483
0.00945538
0.00877018
0.00814403
0.00757247
0.00705121
0.00657622
0.00614379
0.00575045
0.00539291
0.00506804
0.00477287
0.00450461
0.00426064
0.00403857
0.00383622
0.00365163
0.00348306
0.003329
0.00318813
0.00305924
0.00294123
0.00283314
0.00273412
0.00264343
0.00256037
0.00248425
0.00241443
0.00235041
0.00229172
0.00223794
0.00218864
0.00214349
0.00210219
0.00206454
0.00203031
0.00199931
0.0019714
0.0019463
0.00192389
0.00190398
0.00188652
0.0018714
0.00185853
0.00184779
0.00183904
0.00183204
0.00182651
0.00182203
0.00181834
0.00181523
0.00181262
0.00181044
0.00180871
0.00180742
0.00180658
0.00180618
0.00180622
0.00180663
0.00180741
0.00180852
0.00180994
0.00181164
0.00181362
0.00181583
0.00181831
0.00182099
0.00182392
0.00182705
0.00182955
0.00183118
0.00183222
0.00183286
0.00183329
0.0018336
0.0018339
0.00183424
0.00183466
0.0018352
0.00183587
0.00183668
0.00183766
0.00183881
0.00184015
0.00184167
0.00184338
0.00184527
0.00184734
0.00184959
0.00185201
0.00185457
0.00185727
0.00186009
0.00186301
0.00186601
0.00186907
0.00187219
0.00187534
0.00187851
0.00188168
0.00188484
0.00188798
0.00189109
0.00189416
0.00189717
0.00190011
0.00190297
0.00190571
0.00190833
0.0019108
0.0019131
0.00191521
0.00191714
0.00191884
0.0019203
0.00192149
0.00192238
0.00192296
0.00192323
0.0019232
0.00192289
0.00192234
0.00192155
0.00192058
0.00191947
0.00191825
0.00191697
0.00191567
0.00191437
0.00191312
0.00191196
0.00191091
0.00190998
0.00190915
0.00190841
0.00190771
0.00190707
0.0019065
0.001906
0.00190559
0.00190528
0.00190515
0.00190527
0.00190573
0.00190662
0.00190801
0.00190996
0.00191253
0.0019158
0.00191984
0.00192471
0.00193039
0.00193686
0.00194417
0.00195234
0.00196139
0.00197131
0.00198205
0.00199356
0.0020057
0.00201839
0.00203157
0.00204522
0.0020593
0.00207376
0.00208849
0.00210336
0.00211819
0.00213284
0.00214718
0.00216108
0.0021744
0.00218702
0.00219882
0.00220965
0.00221939
0.00222794
0.00223529
0.00224147
0.0022465
0.00225041
0.00225324
0.00225502
0.00225581
0.00225569
0.00225472
0.00225299
0.00225053
0.00224741
0.00224364
0.00223915
0.00223382
0.00222756
0.00222037
0.00221235
0.00220365
0.00219444
0.00218489
0.00217511
0.0021654
0.00215529
)
;

boundaryField
{
    walls
    {
        type            kqRWallFunction;
        value           nonuniform List<scalar> 
400
(
0.00963211
0.00892913
0.00829338
0.00771541
0.00718881
0.00670872
0.00627117
0.00587265
0.00550991
0.00517989
0.0048797
0.0046066
0.00435804
0.00413164
0.00392522
0.00373677
0.00356447
0.00340667
0.00326191
0.00312893
0.00300662
0.00289404
0.00279038
0.00269492
0.00260695
0.00252583
0.00245106
0.00238215
0.0023187
0.00226033
0.00220668
0.00215733
0.00211203
0.00207054
0.00203264
0.00199816
0.00196696
0.0019388
0.00191346
0.0018908
0.00187072
0.00185311
0.00183799
0.00182532
0.00181495
0.00180651
0.00179966
0.00179407
0.00178954
0.00178593
0.00178317
0.00178116
0.00177989
0.00177928
0.00177933
0.00177995
0.00178114
0.00178278
0.00178481
0.00178708
0.00178952
0.00179199
0.00179448
0.00179701
0.00179966
0.00180242
0.0018053
0.00180823
0.00181121
0.00181423
0.00181735
0.00182052
0.00182377
0.00182699
0.00183016
0.00183321
0.00183619
0.00183912
0.00184213
0.00184523
0.00184851
0.00185195
0.00185556
0.0018593
0.00186319
0.00186663
0.0018696
0.00187225
0.00187469
0.001877
0.00187925
0.00188147
0.0018837
0.00188595
0.00188825
0.0018906
0.00189304
0.00189556
0.00189814
0.00190077
0.00190342
0.00190605
0.00190865
0.00191121
0.00191372
0.00191619
0.00191858
0.00192086
0.00192295
0.00192474
0.00192614
0.00192707
0.00192748
0.00192737
0.00192677
0.00192574
0.00192437
0.00192276
0.00192101
0.0019192
0.00191743
0.00191576
0.00191427
0.001913
0.001912
0.0019113
0.00191091
0.00191084
0.00191107
0.00191161
0.00191247
0.00191374
0.00191551
0.00191787
0.00192085
0.00192447
0.00192869
0.00193353
0.00193901
0.00194518
0.00195205
0.00195964
0.00196794
0.00197697
0.00198673
0.00199723
0.00200849
0.00202049
0.00203321
0.00204664
0.00206075
0.00207552
0.00209091
0.00210688
0.00212338
0.00214038
0.0021579
0.00217594
0.0021945
0.00221351
0.00223294
0.00225272
0.0022728
0.00229315
0.0023138
0.00233476
0.00235601
0.00237749
0.00239917
0.00242112
0.00244348
0.00246624
0.00248935
0.00251264
0.00253588
0.0025589
0.0025816
0.00260372
0.00262502
0.00264525
0.00266422
0.0026818
0.00269777
0.00271183
0.00272378
0.00273338
0.00274023
0.00274404
0.00274464
0.0027417
0.00273514
0.0027252
0.00271212
0.00269618
0.00267783
0.00265767
0.00263621
0.00261391
0.00259139
0.00256864
0.00945538
0.00877018
0.00814403
0.00757247
0.00705121
0.00657622
0.00614379
0.00575045
0.00539291
0.00506804
0.00477287
0.00450461
0.00426064
0.00403857
0.00383622
0.00365163
0.00348306
0.003329
0.00318813
0.00305924
0.00294123
0.00283314
0.00273412
0.00264343
0.00256037
0.00248425
0.00241443
0.00235041
0.00229172
0.00223794
0.00218864
0.00214349
0.00210219
0.00206454
0.00203031
0.00199931
0.0019714
0.0019463
0.00192389
0.00190398
0.00188652
0.0018714
0.00185853
0.00184779
0.00183904
0.00183204
0.00182651
0.00182203
0.00181834
0.00181523
0.00181262
0.00181044
0.00180871
0.00180742
0.00180658
0.00180618
0.00180622
0.00180663
0.00180741
0.00180852
0.00180994
0.00181164
0.00181362
0.00181583
0.00181831
0.00182099
0.00182392
0.00182705
0.00182955
0.00183118
0.00183222
0.00183286
0.00183329
0.0018336
0.0018339
0.00183424
0.00183466
0.0018352
0.00183587
0.00183668
0.00183766
0.00183881
0.00184015
0.00184167
0.00184338
0.00184527
0.00184734
0.00184959
0.00185201
0.00185457
0.00185727
0.00186009
0.00186301
0.00186601
0.00186907
0.00187219
0.00187534
0.00187851
0.00188168
0.00188484
0.00188798
0.00189109
0.00189416
0.00189717
0.00190011
0.00190297
0.00190571
0.00190833
0.0019108
0.0019131
0.00191521
0.00191714
0.00191884
0.0019203
0.00192149
0.00192238
0.00192296
0.00192323
0.0019232
0.00192289
0.00192234
0.00192155
0.00192058
0.00191947
0.00191825
0.00191697
0.00191567
0.00191437
0.00191312
0.00191196
0.00191091
0.00190998
0.00190915
0.00190841
0.00190771
0.00190707
0.0019065
0.001906
0.00190559
0.00190528
0.00190515
0.00190527
0.00190573
0.00190662
0.00190801
0.00190996
0.00191253
0.0019158
0.00191984
0.00192471
0.00193039
0.00193686
0.00194417
0.00195234
0.00196139
0.00197131
0.00198205
0.00199356
0.0020057
0.00201839
0.00203157
0.00204522
0.0020593
0.00207376
0.00208849
0.00210336
0.00211819
0.00213284
0.00214718
0.00216108
0.0021744
0.00218702
0.00219882
0.00220965
0.00221939
0.00222794
0.00223529
0.00224147
0.0022465
0.00225041
0.00225324
0.00225502
0.00225581
0.00225569
0.00225472
0.00225299
0.00225053
0.00224741
0.00224364
0.00223915
0.00223382
0.00222756
0.00222037
0.00221235
0.00220365
0.00219444
0.00218489
0.00217511
0.0021654
0.00215529
)
;
    }
    inlet
    {
        type            fixedValue;
        value           uniform 0.01;
    }
    outlet
    {
        type            freestream;
        freestreamValue uniform 0.01;
        value           nonuniform List<scalar> 
20
(
0.00256864
0.01165
0.0117289
0.0112339
0.010927
0.0107692
0.0106672
0.0105854
0.010519
0.0104691
0.0104364
0.0104231
0.0104298
0.0104545
0.010497
0.010563
0.0106651
0.0107527
0.0100483
0.00215529
)
;
    }
    frontAndBack
    {
        type            empty;
    }
}


// ************************************************************************* //
