/*--------------------------------*- C++ -*----------------------------------*\
| =========                 |                                                 |
| \\      /  F ield         | OpenFOAM: The Open Source CFD Toolbox           |
|  \\    /   O peration     | Version:  5.x                                   |
|   \\  /    A nd           | Web:      www.OpenFOAM.org                      |
|    \\/     M anipulation  |                                                 |
\*---------------------------------------------------------------------------*/
/*   Windows 32 and 64 bit porting by blueCAPE: http://www.bluecape.com.pt   *\
|  Based on Windows porting (2.0.x v4) by Symscape: http://www.symscape.com   |
\*---------------------------------------------------------------------------*/
FoamFile
{
    version     2.0;
    format      ascii;
    class       volScalarField;
    location    "31";
    object      omega;
}
// * * * * * * * * * * * * * * * * * * * * * * * * * * * * * * * * * * * * * //

dimensions      [0 0 -1 0 0 0 0];

internalField   nonuniform List<scalar> 
4000
(
191.904
191.712
191.521
191.33
191.139
190.948
190.758
190.568
190.378
190.189
190
189.811
189.622
189.434
189.246
189.058
188.871
188.684
188.497
188.31
188.124
187.938
187.752
187.566
187.381
187.196
187.011
186.827
186.643
186.459
186.275
186.092
185.909
185.726
185.544
185.361
185.179
184.998
184.816
184.635
184.454
184.273
184.093
183.913
183.733
183.553
183.374
183.195
183.016
182.838
182.659
182.481
182.303
182.126
181.949
181.772
181.595
181.418
181.242
181.066
180.891
180.715
180.54
180.365
180.19
180.016
179.842
179.668
179.494
179.321
179.147
178.975
178.802
178.629
178.457
178.285
178.114
177.942
177.771
177.6
177.429
177.259
177.089
176.919
176.749
176.58
176.41
176.242
176.073
175.904
175.736
175.568
175.4
175.233
175.065
174.898
174.732
174.565
174.399
174.233
174.067
173.901
173.736
173.571
173.406
173.241
173.077
172.912
172.748
172.585
172.421
172.258
172.095
171.932
171.769
171.607
171.445
171.283
171.121
170.96
170.799
170.638
170.477
170.316
170.156
169.996
169.836
169.677
169.517
169.358
169.199
169.04
168.882
168.724
168.566
168.408
168.25
168.093
167.936
167.779
167.622
167.465
167.309
167.153
166.997
166.842
166.686
166.531
166.376
166.221
166.067
165.912
165.758
165.604
165.451
165.297
165.144
164.991
164.838
164.685
164.533
164.381
164.229
164.077
163.925
163.774
163.623
163.472
163.321
163.171
163.02
162.87
162.72
162.571
162.421
162.272
162.123
161.974
161.825
161.677
161.528
161.38
161.233
161.085
160.937
160.79
160.643
160.496
160.35
160.203
160.057
159.911
159.765
159.619
159.474
159.329
159.184
159.039
158.894
158.75
7.53778
12.9617
16.7527
19.3698
21.0334
21.9869
22.4765
22.6991
22.7849
22.808
22.8064
22.8089
22.85
22.9433
23.0978
23.2704
23.4692
23.6765
23.8745
24.0602
24.2313
24.3872
24.5295
24.6601
24.78
24.8902
24.9919
25.0863
25.1738
25.248
25.2972
25.3263
25.3328
25.3226
25.3005
25.2655
25.2212
25.1788
25.1415
25.109
25.0802
25.0537
25.0286
25.0042
24.9801
24.9547
24.9258
24.8928
24.8565
24.818
24.7784
24.7387
24.6995
24.6609
24.623
24.5854
24.5479
24.5108
24.4749
24.4404
24.4075
24.376
24.3455
24.3155
24.2861
24.2573
24.229
24.2014
24.1744
24.148
24.1224
24.0976
24.0735
24.0504
24.028
24.0065
23.9858
23.9659
23.947
23.9289
23.9117
23.8955
23.8802
23.866
23.8529
23.841
23.8295
23.8172
23.8035
23.7885
23.7725
23.7558
23.7389
23.7221
23.7059
23.6906
23.6764
23.6632
23.6512
23.6403
23.6305
23.6216
23.6135
23.6059
23.5984
23.59
23.5801
23.5688
23.5571
23.5462
23.5368
23.5292
23.5233
23.519
23.5158
23.5137
23.5125
23.5122
23.5127
23.5141
23.5164
23.5195
23.5234
23.5279
23.5332
23.5393
23.546
23.5536
23.562
23.5713
23.5815
23.5927
23.6052
23.6189
23.6341
23.6507
23.6682
23.6859
23.7027
23.7182
23.7327
23.7468
23.7611
23.776
23.7915
23.8076
23.8243
23.8415
23.8594
23.878
23.8974
23.9176
23.9385
23.9598
23.9814
24.003
24.0251
24.0477
24.0706
24.0938
24.1174
24.1412
24.1653
24.1897
24.2143
24.2393
24.2644
24.2898
24.3151
24.3403
24.3648
24.3881
24.4095
24.4288
24.4462
24.4622
24.4775
24.4929
24.5091
24.5268
24.5461
24.5667
24.5882
24.6101
24.633
24.6581
24.6876
24.7245
24.7723
24.8344
24.9124
25.0043
25.1019
25.1904
25.2481
25.2424
25.1317
24.8701
24.5176
24.2992
1.92009
2.90464
3.68312
4.22738
4.56155
4.74422
4.83375
4.87275
4.88708
4.89044
4.88888
4.87999
4.85635
4.82775
4.79859
4.77852
4.75223
4.72825
4.70743
4.68912
4.67641
4.66933
4.66584
4.66465
4.6651
4.66602
4.66701
4.66838
4.67054
4.67143
4.66849
4.6624
4.65323
4.64222
4.63027
4.6182
4.60706
4.59778
4.58984
4.58251
4.57538
4.56828
4.56116
4.55398
4.54674
4.53918
4.53089
4.52173
4.51222
4.50266
4.49329
4.48431
4.47586
4.46803
4.46079
4.45404
4.44762
4.44155
4.43595
4.43098
4.42668
4.42291
4.41952
4.41643
4.41369
4.41137
4.40945
4.40779
4.4061
4.40431
4.40254
4.40091
4.39931
4.39767
4.39609
4.39467
4.39345
4.39241
4.39154
4.39058
4.3894
4.38818
4.3871
4.38626
4.38577
4.38569
4.38598
4.38646
4.38683
4.38627
4.385
4.38332
4.38144
4.37958
4.37787
4.37641
4.37524
4.37437
4.37382
4.37357
4.37359
4.37276
4.37178
4.37086
4.36992
4.36878
4.36738
4.366
4.36496
4.36452
4.36473
4.36548
4.36667
4.36816
4.36988
4.37176
4.37377
4.37588
4.3781
4.38043
4.38286
4.38539
4.388
4.39069
4.39347
4.39633
4.39928
4.40233
4.4055
4.40878
4.4122
4.41579
4.41957
4.42361
4.42793
4.43255
4.43736
4.44207
4.44618
4.4493
4.45146
4.45298
4.45421
4.45538
4.45665
4.45807
4.45966
4.46143
4.46336
4.46545
4.46767
4.47001
4.47243
4.4749
4.47742
4.47997
4.48256
4.48516
4.48778
4.49041
4.49302
4.49562
4.49819
4.50075
4.50329
4.50581
4.5083
4.51075
4.51316
4.51546
4.51753
4.51917
4.52016
4.52043
4.52003
4.51916
4.51804
4.51682
4.51587
4.51549
4.5158
4.51668
4.51781
4.51909
4.52062
4.52276
4.52614
4.53158
4.54012
4.55288
4.57072
4.59351
4.61958
4.64537
4.66523
4.67023
4.64637
4.57674
4.48581
4.46851
1.19715
1.44222
1.61744
1.7388
1.8105
1.84778
1.86503
1.872
1.8742
1.87432
1.87319
1.86948
1.86101
1.84732
1.82807
1.80848
1.78806
1.76561
1.74327
1.72167
1.70084
1.68118
1.66285
1.64597
1.63131
1.61819
1.60605
1.59476
1.58576
1.57775
1.57007
1.56254
1.55518
1.54803
1.54108
1.53444
1.52868
1.52381
1.51948
1.51544
1.51159
1.50801
1.50471
1.5017
1.49902
1.49662
1.49449
1.49261
1.49071
1.48876
1.48687
1.48514
1.48362
1.48227
1.48113
1.48062
1.48086
1.4816
1.48263
1.48387
1.48534
1.48706
1.48896
1.49094
1.49297
1.49509
1.49683
1.49839
1.49966
1.50079
1.50187
1.50295
1.50403
1.50511
1.5062
1.50731
1.50842
1.50954
1.51068
1.51181
1.51294
1.51406
1.51521
1.51638
1.51759
1.51885
1.52015
1.5215
1.52288
1.52426
1.52561
1.5269
1.52813
1.52932
1.53048
1.53165
1.53286
1.53409
1.53538
1.53669
1.53804
1.53941
1.54082
1.54226
1.54373
1.54521
1.54669
1.54819
1.54977
1.55144
1.5532
1.55503
1.55693
1.55886
1.56082
1.5628
1.5648
1.56682
1.56885
1.57089
1.57293
1.57498
1.57702
1.57908
1.58114
1.58321
1.58529
1.58739
1.58951
1.59164
1.5938
1.59598
1.5982
1.60046
1.60278
1.60519
1.6077
1.61024
1.61274
1.6151
1.61727
1.61934
1.62138
1.62343
1.62552
1.62763
1.62976
1.6319
1.63406
1.63623
1.63841
1.64058
1.64275
1.64491
1.64707
1.64921
1.65135
1.65347
1.65557
1.65766
1.65973
1.66178
1.66381
1.66581
1.6678
1.66976
1.67171
1.67363
1.67554
1.67744
1.67929
1.68099
1.68242
1.6835
1.6843
1.68487
1.6854
1.68607
1.68692
1.68797
1.68924
1.6907
1.6922
1.69352
1.69461
1.69562
1.69675
1.69824
1.7002
1.70285
1.70673
1.71208
1.71901
1.72718
1.73568
1.7425
1.74412
1.73361
1.70667
1.68104
1.04357
1.10694
1.14946
1.17866
1.19555
1.20406
1.20783
1.20924
1.20959
1.20949
1.2091
1.20817
1.20623
1.20261
1.19723
1.19139
1.1856
1.17942
1.17331
1.16744
1.16175
1.15636
1.1514
1.14685
1.14255
1.1386
1.13497
1.13164
1.1283
1.12518
1.12222
1.11942
1.11673
1.11409
1.11139
1.10849
1.10542
1.10243
1.09964
1.09707
1.09471
1.09253
1.0905
1.08863
1.0869
1.0853
1.08382
1.08245
1.08123
1.08009
1.07903
1.07803
1.07713
1.07631
1.07554
1.0748
1.07414
1.07356
1.07308
1.07266
1.07234
1.07223
1.07235
1.07258
1.07288
1.07324
1.07366
1.07418
1.07468
1.07517
1.07566
1.07617
1.07672
1.07728
1.07778
1.07823
1.07866
1.07908
1.0795
1.07992
1.08035
1.08079
1.08126
1.08174
1.08224
1.08276
1.0833
1.08387
1.0845
1.08526
1.08615
1.08711
1.08807
1.08904
1.09
1.09096
1.09193
1.09292
1.09393
1.09494
1.09584
1.09669
1.09754
1.09842
1.09932
1.10027
1.10126
1.10227
1.10331
1.10435
1.10541
1.10646
1.10752
1.10859
1.10966
1.11074
1.11182
1.1129
1.11399
1.11507
1.11616
1.11724
1.11832
1.1194
1.12048
1.12157
1.12265
1.12374
1.12483
1.12592
1.12701
1.1281
1.12919
1.13029
1.13141
1.13255
1.13377
1.13515
1.13682
1.13878
1.14086
1.14304
1.14528
1.14751
1.14974
1.15197
1.15419
1.15642
1.15863
1.16084
1.16304
1.16523
1.1674
1.16951
1.17137
1.17315
1.17488
1.17658
1.17824
1.17986
1.18145
1.18299
1.1845
1.18594
1.18733
1.18866
1.18994
1.19118
1.19239
1.19359
1.19481
1.19602
1.19715
1.1981
1.19885
1.19939
1.19971
1.19981
1.19971
1.1995
1.19925
1.19902
1.19879
1.19847
1.19801
1.19738
1.19664
1.19584
1.1951
1.19451
1.1945
1.19576
1.19918
1.20556
1.21592
1.22702
1.2412
1.25291
1.24796
1.23154
1.00956
1.02389
1.03366
1.04054
1.04454
1.04654
1.04741
1.04771
1.04777
1.04773
1.04762
1.04741
1.04702
1.04634
1.04539
1.04432
1.04324
1.04215
1.04107
1.04003
1.03899
1.03798
1.03704
1.03613
1.03519
1.03427
1.03341
1.03259
1.03168
1.0308
1.02997
1.0292
1.02847
1.02777
1.02704
1.02624
1.02537
1.0245
1.02369
1.02296
1.02231
1.02171
1.02117
1.02067
1.02021
1.01979
1.01941
1.01905
1.01871
1.01839
1.01809
1.01781
1.01754
1.01729
1.01704
1.01678
1.01651
1.01626
1.01603
1.01582
1.01563
1.01544
1.01526
1.01511
1.01498
1.01486
1.01475
1.01465
1.01456
1.01447
1.01439
1.01432
1.01426
1.0142
1.01414
1.01408
1.01402
1.01396
1.01391
1.01386
1.01382
1.01378
1.01374
1.01371
1.01368
1.01366
1.01365
1.01364
1.01363
1.01361
1.01361
1.01361
1.01363
1.01366
1.01369
1.01373
1.01377
1.01382
1.01388
1.01396
1.01403
1.01411
1.01419
1.01427
1.01436
1.01446
1.01458
1.01471
1.01484
1.01498
1.01513
1.01528
1.01543
1.01558
1.01574
1.01591
1.01607
1.01624
1.01642
1.01659
1.01677
1.01695
1.01713
1.01732
1.0175
1.01769
1.01789
1.01808
1.01828
1.01847
1.01867
1.01888
1.01908
1.01928
1.01946
1.01963
1.01982
1.02006
1.0204
1.02087
1.02145
1.02209
1.02272
1.02333
1.02392
1.02452
1.02511
1.0257
1.02629
1.02688
1.02746
1.02804
1.02857
1.02903
1.02946
1.02986
1.03024
1.03062
1.03098
1.03134
1.03169
1.03202
1.03234
1.03265
1.03295
1.03323
1.03349
1.03374
1.03397
1.0342
1.03442
1.03467
1.03499
1.03536
1.03572
1.03603
1.03623
1.03632
1.03628
1.0361
1.0358
1.03541
1.03502
1.03473
1.03456
1.03442
1.03426
1.03409
1.03392
1.03377
1.03365
1.03355
1.03328
1.03335
1.03476
1.03746
1.04143
1.05418
1.08046
1.08218
1.00214
1.00474
1.00666
1.00811
1.00898
1.00942
1.00961
1.00968
1.00969
1.00967
1.00965
1.00961
1.00954
1.00942
1.00928
1.0091
1.00893
1.00875
1.00857
1.0084
1.00822
1.00805
1.00788
1.00772
1.00756
1.0074
1.00724
1.00709
1.00694
1.00679
1.00664
1.00651
1.00638
1.00626
1.00613
1.00599
1.00583
1.00566
1.0055
1.00535
1.00522
1.0051
1.00498
1.00488
1.00479
1.0047
1.00462
1.00454
1.00446
1.00438
1.00431
1.00424
1.00417
1.00411
1.00404
1.00397
1.00389
1.00382
1.00375
1.00369
1.00363
1.00356
1.00349
1.00342
1.00336
1.00331
1.00325
1.0032
1.00315
1.00311
1.00307
1.00303
1.00299
1.00296
1.00293
1.0029
1.00288
1.00285
1.00282
1.0028
1.00278
1.00276
1.00274
1.00272
1.0027
1.00269
1.00267
1.00266
1.00264
1.00262
1.00261
1.00259
1.00258
1.00257
1.00256
1.00256
1.00255
1.00255
1.00255
1.00255
1.00255
1.00255
1.00255
1.00255
1.00256
1.00256
1.00257
1.00257
1.00258
1.00259
1.0026
1.00262
1.00263
1.00264
1.00266
1.00267
1.00269
1.00271
1.00272
1.00274
1.00276
1.00278
1.0028
1.00282
1.00284
1.00286
1.00289
1.00291
1.00293
1.00295
1.00298
1.003
1.00303
1.00305
1.00307
1.00309
1.00311
1.00314
1.00318
1.00324
1.00331
1.0034
1.00349
1.00359
1.00366
1.00373
1.0038
1.00387
1.00394
1.004
1.00407
1.00414
1.0042
1.00425
1.0043
1.00434
1.00439
1.00443
1.00447
1.00451
1.00455
1.00458
1.00462
1.00465
1.00469
1.00472
1.00475
1.00478
1.00481
1.00483
1.00486
1.00489
1.00492
1.00496
1.005
1.00504
1.00507
1.00509
1.0051
1.0051
1.00509
1.00505
1.00501
1.00498
1.00496
1.00496
1.00496
1.00496
1.00496
1.00497
1.00495
1.0049
1.00479
1.0048
1.00516
1.00589
1.00734
1.01218
1.02355
1.02962
1.00068
1.00081
1.00104
1.00128
1.00145
1.00153
1.00157
1.00159
1.00159
1.00159
1.00158
1.00157
1.00156
1.00154
1.00152
1.0015
1.00147
1.00144
1.00142
1.00139
1.00136
1.00133
1.00131
1.00128
1.00125
1.00123
1.0012
1.00118
1.00116
1.00113
1.00111
1.00109
1.00107
1.00105
1.00103
1.001
1.00098
1.00095
1.00092
1.00089
1.00087
1.00085
1.00083
1.00081
1.00079
1.00077
1.00076
1.00074
1.00073
1.00071
1.0007
1.00069
1.00067
1.00066
1.00065
1.00064
1.00062
1.00061
1.00059
1.00058
1.00057
1.00055
1.00054
1.00053
1.00052
1.00051
1.00049
1.00048
1.00048
1.00047
1.00046
1.00045
1.00044
1.00044
1.00043
1.00042
1.00042
1.00041
1.00041
1.0004
1.0004
1.00039
1.00039
1.00038
1.00038
1.00038
1.00037
1.00037
1.00036
1.00036
1.00036
1.00035
1.00035
1.00035
1.00034
1.00034
1.00034
1.00034
1.00033
1.00033
1.00033
1.00033
1.00032
1.00032
1.00032
1.00032
1.00032
1.00032
1.00031
1.00031
1.00031
1.00031
1.00031
1.00031
1.00031
1.00031
1.00031
1.00031
1.00031
1.00031
1.00031
1.00031
1.00032
1.00032
1.00032
1.00032
1.00032
1.00032
1.00033
1.00033
1.00033
1.00033
1.00033
1.00034
1.00034
1.00034
1.00034
1.00034
1.00034
1.00034
1.00034
1.00034
1.00035
1.00035
1.00036
1.00036
1.00037
1.00037
1.00038
1.00038
1.00039
1.0004
1.0004
1.0004
1.00041
1.00041
1.00041
1.00042
1.00042
1.00042
1.00043
1.00043
1.00043
1.00044
1.00044
1.00044
1.00045
1.00045
1.00045
1.00046
1.00046
1.00046
1.00047
1.00047
1.00048
1.00048
1.00049
1.0005
1.0005
1.00051
1.00051
1.00052
1.00052
1.00052
1.00051
1.00051
1.00051
1.00051
1.00051
1.0005
1.0005
1.00049
1.00049
1.00049
1.0005
1.00057
1.00102
1.00288
1.00726
1.00938
1.00047
1.00009
0.999999
1
1.00002
1.00003
1.00004
1.00004
1.00004
1.00004
1.00004
1.00004
1.00004
1.00004
1.00003
1.00003
1.00003
1.00002
1.00002
1.00001
1.00001
1
1
0.999996
0.999992
0.999988
0.999984
0.999981
0.999977
0.999973
0.99997
0.999966
0.999963
0.99996
0.999956
0.999952
0.999948
0.999943
0.999938
0.999934
0.99993
0.999926
0.999922
0.999919
0.999915
0.999912
0.999909
0.999907
0.999904
0.999901
0.999899
0.999897
0.999894
0.999892
0.99989
0.999887
0.999885
0.999882
0.99988
0.999877
0.999875
0.999873
0.999871
0.999868
0.999866
0.999864
0.999862
0.99986
0.999858
0.999856
0.999855
0.999853
0.999852
0.99985
0.999849
0.999847
0.999846
0.999845
0.999843
0.999842
0.999841
0.99984
0.999839
0.999838
0.999837
0.999835
0.999834
0.999833
0.999832
0.999832
0.999831
0.999829
0.999828
0.999827
0.999827
0.999826
0.999825
0.999824
0.999823
0.999822
0.999821
0.999821
0.99982
0.999819
0.999819
0.999818
0.999817
0.999816
0.999815
0.999814
0.999814
0.999813
0.999812
0.999812
0.999811
0.999811
0.99981
0.99981
0.99981
0.999809
0.999809
0.999809
0.999808
0.999808
0.999808
0.999807
0.999807
0.999807
0.999807
0.999807
0.999807
0.999806
0.999806
0.999806
0.999806
0.999805
0.999805
0.999805
0.999805
0.999805
0.999805
0.999805
0.999804
0.999804
0.999805
0.999805
0.999805
0.999805
0.999806
0.999806
0.999806
0.999807
0.999807
0.999807
0.999807
0.999807
0.999808
0.999808
0.999808
0.999808
0.999808
0.999808
0.999808
0.999808
0.999809
0.999809
0.999809
0.999809
0.999809
0.999809
0.999809
0.99981
0.99981
0.99981
0.99981
0.99981
0.99981
0.99981
0.99981
0.99981
0.99981
0.999809
0.999809
0.999808
0.999807
0.999806
0.999805
0.999804
0.999802
0.999802
0.999802
0.999804
0.999807
0.999811
0.999813
0.999839
0.999976
1.00057
1.00275
1.00331
1.00048
0.999981
0.999829
0.999788
0.999779
0.999779
0.999779
0.99978
0.999781
0.999781
0.999781
0.99978
0.99978
0.99978
0.999779
0.999779
0.999778
0.999777
0.999776
0.999775
0.999775
0.999774
0.999773
0.999772
0.999771
0.99977
0.999769
0.999768
0.999767
0.999767
0.999766
0.999765
0.999764
0.999763
0.999763
0.999762
0.999761
0.99976
0.999758
0.999757
0.999756
0.999756
0.999755
0.999754
0.999753
0.999752
0.999751
0.999751
0.99975
0.999749
0.999749
0.999748
0.999747
0.999747
0.999746
0.999746
0.999745
0.999744
0.999744
0.999743
0.999743
0.999742
0.999742
0.999741
0.999741
0.99974
0.99974
0.999739
0.999739
0.999738
0.999738
0.999737
0.999737
0.999736
0.999736
0.999735
0.999735
0.999734
0.999734
0.999733
0.999733
0.999732
0.999732
0.999731
0.999731
0.999731
0.99973
0.99973
0.999729
0.999729
0.999728
0.999728
0.999727
0.999727
0.999727
0.999726
0.999726
0.999725
0.999725
0.999724
0.999724
0.999724
0.999723
0.999723
0.999723
0.999722
0.999722
0.999722
0.999721
0.999721
0.99972
0.99972
0.99972
0.999719
0.999719
0.999719
0.999718
0.999718
0.999718
0.999717
0.999717
0.999717
0.999717
0.999716
0.999716
0.999716
0.999716
0.999715
0.999715
0.999715
0.999715
0.999714
0.999714
0.999714
0.999714
0.999713
0.999713
0.999713
0.999713
0.999713
0.999713
0.999712
0.999712
0.999712
0.999711
0.999711
0.999711
0.999711
0.999711
0.999711
0.999711
0.999711
0.999711
0.999711
0.99971
0.99971
0.99971
0.99971
0.999709
0.999709
0.999709
0.999709
0.999709
0.999709
0.99971
0.99971
0.99971
0.999709
0.999709
0.999709
0.999709
0.999709
0.999709
0.999709
0.999709
0.999709
0.999709
0.99971
0.99971
0.99971
0.99971
0.99971
0.99971
0.99971
0.99971
0.99971
0.99971
0.999709
0.999709
0.99971
0.999711
0.999715
0.999722
0.999735
0.999759
0.999823
1.00008
1.00123
1.00506
1.00619
1.00055
0.999998
0.999833
0.999788
0.999778
0.999777
0.999778
0.999778
0.999778
0.999778
0.999777
0.999777
0.999776
0.999776
0.999775
0.999775
0.999774
0.999773
0.999772
0.999772
0.999771
0.99977
0.999769
0.999768
0.999767
0.999767
0.999766
0.999765
0.999764
0.999763
0.999762
0.999761
0.99976
0.999759
0.999759
0.999758
0.999757
0.999756
0.999755
0.999754
0.999754
0.999753
0.999752
0.999751
0.999751
0.99975
0.999749
0.999748
0.999747
0.999747
0.999746
0.999746
0.999745
0.999745
0.999744
0.999744
0.999743
0.999743
0.999742
0.999742
0.999741
0.999741
0.99974
0.99974
0.99974
0.999739
0.999739
0.999739
0.999738
0.999738
0.999737
0.999737
0.999736
0.999736
0.999735
0.999735
0.999735
0.999734
0.999734
0.999733
0.999733
0.999733
0.999732
0.999732
0.999731
0.999731
0.99973
0.99973
0.99973
0.999729
0.999729
0.999729
0.999728
0.999728
0.999727
0.999727
0.999727
0.999726
0.999726
0.999725
0.999725
0.999725
0.999725
0.999724
0.999724
0.999724
0.999723
0.999723
0.999723
0.999723
0.999722
0.999722
0.999722
0.999721
0.999721
0.999721
0.999721
0.99972
0.99972
0.99972
0.99972
0.999719
0.999719
0.999719
0.999719
0.999719
0.999718
0.999718
0.999718
0.999718
0.999718
0.999718
0.999717
0.999717
0.999717
0.999717
0.999717
0.999717
0.999717
0.999717
0.999717
0.999717
0.999716
0.999716
0.999716
0.999716
0.999716
0.999716
0.999716
0.999716
0.999716
0.999717
0.999717
0.999717
0.999717
0.999717
0.999717
0.999717
0.999717
0.999717
0.999718
0.999718
0.999719
0.99972
0.999721
0.999722
0.999722
0.999723
0.999724
0.999725
0.999725
0.999726
0.999727
0.999729
0.99973
0.999732
0.999733
0.999735
0.999736
0.999738
0.99974
0.999742
0.999744
0.999747
0.999749
0.999752
0.999754
0.999757
0.99976
0.999766
0.999772
0.999783
0.999813
0.9999
1.0001
1.0007
1.00199
1.00606
1.01375
1.01444
1.00067
1.00014
1
0.999992
1
1.00001
1.00002
1.00002
1.00002
1.00002
1.00001
1.00001
1.00001
1
0.999998
0.999995
0.999992
0.999988
0.999985
0.999981
0.999978
0.999974
0.99997
0.999966
0.999962
0.999958
0.999954
0.999949
0.999945
0.999941
0.999937
0.999933
0.99993
0.999926
0.999923
0.99992
0.999917
0.999914
0.999911
0.999908
0.999906
0.999903
0.9999
0.999897
0.999894
0.99989
0.999887
0.999885
0.999882
0.99988
0.999878
0.999876
0.999874
0.999872
0.99987
0.999868
0.999866
0.999865
0.999863
0.999862
0.999861
0.999859
0.999858
0.999857
0.999856
0.999855
0.999853
0.999852
0.999851
0.999849
0.999848
0.999847
0.999846
0.999845
0.999844
0.999843
0.999842
0.999841
0.99984
0.999839
0.999838
0.999838
0.999837
0.999836
0.999835
0.999835
0.999834
0.999833
0.999833
0.999832
0.999832
0.999831
0.999831
0.99983
0.99983
0.999829
0.999829
0.999828
0.999828
0.999827
0.999827
0.999827
0.999827
0.999826
0.999826
0.999826
0.999826
0.999826
0.999826
0.999826
0.999826
0.999826
0.999826
0.999826
0.999826
0.999826
0.999826
0.999826
0.999826
0.999826
0.999825
0.999825
0.999825
0.999825
0.999825
0.999825
0.999825
0.999826
0.999826
0.999827
0.999827
0.999827
0.999828
0.999829
0.999829
0.99983
0.999831
0.999832
0.999833
0.999834
0.999834
0.999835
0.999835
0.999835
0.999836
0.999836
0.999837
0.999838
0.999839
0.999841
0.999842
0.999844
0.999847
0.999849
0.999852
0.999855
0.999858
0.999862
0.999866
0.99987
0.999873
0.999877
0.99988
0.999884
0.999888
0.999892
0.999898
0.999904
0.999912
0.99992
0.999928
0.999936
0.999944
0.999953
0.999962
0.999971
0.99998
0.999989
0.999998
1.00001
1.00002
1.00003
1.00005
1.00006
1.00008
1.00009
1.00011
1.00014
1.00017
1.0002
1.00023
1.00028
1.00044
1.00093
1.00218
1.00419
1.00731
1.01699
1.0266
1.02489
1.00101
1.00085
1.00099
1.00117
1.0013
1.00137
1.0014
1.0014
1.00139
1.00138
1.00136
1.00133
1.00131
1.00128
1.00126
1.00124
1.00122
1.00119
1.00117
1.00115
1.00113
1.0011
1.00108
1.00105
1.00103
1.001
1.00097
1.00094
1.00092
1.00089
1.00087
1.00085
1.00083
1.00081
1.00079
1.00077
1.00075
1.00073
1.00072
1.00071
1.00069
1.00068
1.00066
1.00064
1.00062
1.00061
1.00059
1.00057
1.00056
1.00055
1.00053
1.00052
1.00051
1.0005
1.00049
1.00048
1.00047
1.00047
1.00046
1.00045
1.00045
1.00044
1.00044
1.00043
1.00042
1.00042
1.00041
1.00041
1.0004
1.00039
1.00039
1.00038
1.00038
1.00037
1.00037
1.00036
1.00036
1.00036
1.00035
1.00035
1.00035
1.00035
1.00034
1.00034
1.00034
1.00034
1.00034
1.00034
1.00034
1.00033
1.00033
1.00033
1.00033
1.00033
1.00033
1.00033
1.00033
1.00033
1.00033
1.00033
1.00033
1.00033
1.00034
1.00034
1.00034
1.00034
1.00034
1.00034
1.00035
1.00035
1.00035
1.00035
1.00036
1.00036
1.00036
1.00036
1.00037
1.00037
1.00037
1.00037
1.00038
1.00038
1.00038
1.00038
1.00039
1.00039
1.00039
1.0004
1.0004
1.00041
1.00041
1.00042
1.00043
1.00044
1.00045
1.00046
1.00047
1.00048
1.00049
1.0005
1.00051
1.00052
1.00053
1.00054
1.00055
1.00055
1.00056
1.00057
1.00058
1.0006
1.00062
1.00064
1.00067
1.00071
1.00075
1.0008
1.00086
1.00092
1.00098
1.00102
1.00105
1.00108
1.00111
1.00113
1.00116
1.00119
1.00125
1.00132
1.00139
1.00146
1.00154
1.00161
1.00168
1.00174
1.0018
1.00186
1.00191
1.00198
1.00205
1.00212
1.0022
1.00228
1.00237
1.00246
1.00256
1.00267
1.00279
1.00292
1.00305
1.00321
1.00338
1.00356
1.00398
1.00549
1.00821
1.01154
1.01968
1.04058
1.04748
1.0394
1.00245
1.00438
1.00606
1.0072
1.00789
1.00825
1.00839
1.00842
1.00835
1.00824
1.00809
1.00794
1.00777
1.00762
1.00747
1.00733
1.00719
1.00704
1.00688
1.00672
1.00657
1.00641
1.00625
1.00609
1.00593
1.00578
1.00561
1.00544
1.00528
1.00513
1.00499
1.00486
1.00474
1.00463
1.00452
1.00442
1.00433
1.00424
1.00416
1.00408
1.00401
1.00393
1.00384
1.00375
1.00367
1.00359
1.00352
1.00346
1.0034
1.00335
1.0033
1.00325
1.00321
1.00318
1.00314
1.00311
1.00308
1.00306
1.00303
1.00301
1.00299
1.00297
1.00296
1.00294
1.00292
1.00291
1.00289
1.00287
1.00286
1.00285
1.00284
1.00284
1.00283
1.00283
1.00283
1.00283
1.00283
1.00283
1.00284
1.00284
1.00285
1.00286
1.00287
1.00287
1.00288
1.00289
1.0029
1.00291
1.00292
1.00294
1.00295
1.00296
1.00298
1.00299
1.003
1.00302
1.00304
1.00305
1.00307
1.00308
1.0031
1.00312
1.00315
1.00318
1.00321
1.00324
1.00327
1.00331
1.00334
1.00338
1.00342
1.00346
1.0035
1.00354
1.00358
1.00362
1.00366
1.0037
1.00374
1.00378
1.00382
1.00385
1.00389
1.00392
1.00396
1.00399
1.00403
1.00407
1.00412
1.00417
1.00423
1.00431
1.00439
1.00447
1.00455
1.00463
1.0047
1.00477
1.00484
1.00491
1.00498
1.00504
1.00511
1.00516
1.00522
1.00527
1.00532
1.00536
1.0054
1.00547
1.00555
1.00567
1.00581
1.00596
1.00612
1.00628
1.00645
1.00661
1.00677
1.00692
1.00707
1.0072
1.00734
1.00749
1.00768
1.00791
1.0082
1.00853
1.00889
1.00926
1.00962
1.00999
1.01037
1.01075
1.01114
1.01159
1.01211
1.01269
1.01328
1.01389
1.01453
1.01521
1.01595
1.01674
1.0176
1.0185
1.01949
1.0205
1.02146
1.02244
1.02356
1.02485
1.02658
1.03069
1.03659
1.04311
1.05863
1.08004
1.07788
1.06461
1.00883
1.0206
1.02951
1.03467
1.03777
1.03943
1.04014
1.0402
1.0398
1.03908
1.03818
1.03719
1.03617
1.03521
1.03431
1.03343
1.0326
1.03179
1.03101
1.03029
1.02958
1.02889
1.02821
1.02757
1.02695
1.02633
1.02566
1.02495
1.02425
1.02359
1.02296
1.02237
1.02182
1.0213
1.02081
1.02035
1.01993
1.01953
1.01915
1.01881
1.0185
1.01818
1.01785
1.01752
1.01722
1.01697
1.01674
1.01654
1.01634
1.01616
1.016
1.01585
1.01571
1.01559
1.01549
1.0154
1.01531
1.01524
1.01518
1.01512
1.01508
1.01503
1.01499
1.01496
1.01494
1.01494
1.01495
1.01496
1.01499
1.01502
1.01507
1.01512
1.01518
1.01525
1.01532
1.0154
1.01549
1.01558
1.01567
1.01576
1.01585
1.01594
1.01603
1.01612
1.01621
1.0163
1.0164
1.0165
1.01659
1.01669
1.0168
1.0169
1.01701
1.01712
1.01724
1.01736
1.01748
1.01761
1.01773
1.01786
1.018
1.01817
1.01837
1.01858
1.0188
1.01904
1.01928
1.01954
1.01979
1.02005
1.02031
1.02058
1.02086
1.02114
1.02142
1.02171
1.022
1.02229
1.02258
1.02286
1.02312
1.02337
1.02363
1.02388
1.02412
1.02437
1.02464
1.02497
1.02539
1.0259
1.02646
1.02707
1.02768
1.02831
1.02893
1.02949
1.03001
1.03051
1.031
1.03149
1.03197
1.03244
1.03288
1.03331
1.03372
1.03412
1.03449
1.03485
1.03529
1.03591
1.03676
1.0378
1.03894
1.0401
1.04125
1.04239
1.04352
1.04464
1.04575
1.04684
1.04793
1.049
1.05006
1.05122
1.05257
1.05411
1.05586
1.05776
1.05975
1.06159
1.06324
1.06482
1.06637
1.06793
1.0695
1.07107
1.07265
1.07426
1.07593
1.07767
1.07946
1.08131
1.0832
1.08507
1.08686
1.08865
1.0905
1.09242
1.09443
1.09662
1.0992
1.10383
1.11012
1.12376
1.13765
1.1526
1.16257
1.16377
1.14924
1.13478
1.03652
1.0945
1.13385
1.15628
1.17024
1.17759
1.18052
1.18082
1.17937
1.17653
1.17303
1.16913
1.16499
1.16079
1.15651
1.15227
1.1482
1.14448
1.14102
1.13777
1.13473
1.13191
1.12933
1.12691
1.1246
1.12238
1.12013
1.11778
1.11538
1.11296
1.11058
1.10832
1.10615
1.10409
1.10216
1.10036
1.09866
1.09707
1.09555
1.09413
1.09288
1.09185
1.09103
1.09038
1.08981
1.08927
1.08873
1.08819
1.08767
1.0872
1.08679
1.08643
1.08614
1.08589
1.0857
1.08556
1.08549
1.08549
1.08555
1.08568
1.08584
1.08601
1.0862
1.08642
1.08666
1.08698
1.0874
1.08788
1.08838
1.0889
1.08943
1.08999
1.09059
1.09122
1.09187
1.09255
1.09325
1.09398
1.09474
1.09553
1.09621
1.09684
1.09746
1.09809
1.09873
1.09939
1.10005
1.10071
1.10138
1.10204
1.10271
1.1034
1.10409
1.10481
1.10554
1.1063
1.10707
1.10787
1.10868
1.10952
1.11041
1.11136
1.11236
1.1134
1.11447
1.11555
1.11663
1.11773
1.11884
1.11995
1.12108
1.12222
1.12336
1.12451
1.12566
1.12682
1.12799
1.12916
1.13035
1.13154
1.13274
1.13394
1.13515
1.13636
1.13758
1.13879
1.14003
1.14139
1.14303
1.14502
1.14727
1.1494
1.15152
1.15365
1.15577
1.15787
1.15995
1.16201
1.16405
1.16608
1.16809
1.17009
1.17207
1.17404
1.17599
1.17793
1.17985
1.18174
1.18359
1.18551
1.18764
1.19007
1.19273
1.19549
1.19828
1.20108
1.20365
1.20592
1.20809
1.21023
1.21237
1.21455
1.21679
1.21901
1.22112
1.22313
1.22511
1.2271
1.22911
1.2311
1.23309
1.23507
1.23705
1.23904
1.24105
1.24305
1.24503
1.24701
1.24902
1.2511
1.25325
1.25548
1.25779
1.26019
1.2627
1.26538
1.26828
1.27148
1.27508
1.27921
1.28414
1.29029
1.29809
1.30695
1.3154
1.32212
1.32365
1.31665
1.30184
1.2878
1.17021
1.43837
1.60019
1.70058
1.76326
1.79635
1.81063
1.81478
1.81333
1.80798
1.80137
1.79418
1.78649
1.77764
1.76564
1.75252
1.73962
1.72719
1.7151
1.70328
1.69226
1.6822
1.67282
1.66378
1.65512
1.64711
1.63965
1.63246
1.62558
1.61874
1.61199
1.6053
1.59861
1.59198
1.58553
1.57925
1.57314
1.56726
1.56164
1.5563
1.5514
1.5474
1.54457
1.54278
1.54163
1.54059
1.53942
1.5381
1.53663
1.53515
1.53375
1.53248
1.53118
1.52986
1.5286
1.52746
1.52647
1.52564
1.52496
1.52445
1.52384
1.52324
1.52273
1.52233
1.52208
1.52198
1.52204
1.52219
1.52242
1.52269
1.52298
1.52331
1.52368
1.5241
1.52456
1.52503
1.52553
1.52605
1.52658
1.52713
1.52772
1.52835
1.52901
1.5297
1.53045
1.53124
1.53206
1.5329
1.53373
1.53454
1.53534
1.53614
1.53694
1.53778
1.53865
1.53957
1.54055
1.54158
1.54266
1.54382
1.54507
1.54644
1.54792
1.54947
1.55109
1.55272
1.55437
1.55604
1.55773
1.55944
1.56117
1.56292
1.56469
1.56647
1.56826
1.57007
1.57191
1.57376
1.57564
1.57755
1.57947
1.58142
1.5834
1.58542
1.58747
1.58956
1.59166
1.59371
1.59572
1.59771
1.59975
1.60184
1.60397
1.60615
1.60834
1.61054
1.61275
1.61496
1.61718
1.61941
1.62163
1.62387
1.62611
1.62836
1.63064
1.63298
1.6354
1.63793
1.64048
1.64287
1.64499
1.64688
1.64863
1.65032
1.65198
1.65364
1.65529
1.65697
1.65868
1.66045
1.66232
1.66433
1.66652
1.66883
1.67118
1.67351
1.67579
1.67801
1.68018
1.68234
1.68448
1.68664
1.68884
1.69111
1.69347
1.69594
1.6985
1.70115
1.70389
1.70673
1.70966
1.7127
1.71589
1.7193
1.72301
1.72715
1.73189
1.7374
1.74406
1.75224
1.76193
1.77306
1.78489
1.79602
1.80434
1.80669
1.79956
1.77994
1.76117
1.75489
1.99078
3.13775
3.82645
4.29335
4.58483
4.75387
4.84412
4.88809
4.90819
4.91827
4.92459
4.92988
4.93501
4.93998
4.93257
4.91995
4.90672
4.89394
4.88171
4.86967
4.85815
4.84758
4.83799
4.82909
4.82066
4.81264
4.8064
4.80251
4.7998
4.79832
4.79745
4.7954
4.79053
4.78322
4.77411
4.76235
4.74867
4.73382
4.71775
4.70041
4.68317
4.66658
4.65088
4.63617
4.62236
4.60931
4.59648
4.58344
4.5701
4.55664
4.54333
4.5304
4.518
4.50623
4.49514
4.48475
4.47506
4.46607
4.45777
4.45016
4.44323
4.43699
4.43146
4.42665
4.42252
4.419
4.41601
4.41344
4.41116
4.40893
4.40668
4.4045
4.40252
4.40081
4.39916
4.39748
4.39578
4.39414
4.39264
4.39135
4.39034
4.38929
4.3881
4.38695
4.38603
4.38543
4.38511
4.38486
4.38454
4.38411
4.38328
4.3818
4.38006
4.37835
4.37677
4.37538
4.37413
4.37296
4.37188
4.37104
4.37066
4.37088
4.37122
4.37149
4.37198
4.37267
4.37349
4.37441
4.37542
4.37651
4.3777
4.37898
4.38038
4.38189
4.3835
4.38521
4.38704
4.38897
4.39102
4.39318
4.39547
4.39788
4.40041
4.40309
4.40589
4.40877
4.41158
4.41399
4.41574
4.41691
4.41779
4.41864
4.4196
4.42074
4.42206
4.42354
4.42516
4.42693
4.42882
4.43084
4.43297
4.43521
4.43757
4.44006
4.44273
4.44567
4.449
4.45285
4.45724
4.46205
4.46707
4.47212
4.47709
4.48191
4.48659
4.49115
4.49562
4.50008
4.50461
4.50937
4.51453
4.52029
4.52683
4.53418
4.54217
4.55045
4.5587
4.56668
4.57432
4.58167
4.58886
4.59608
4.6035
4.61134
4.61976
4.62889
4.63876
4.64931
4.66048
4.67217
4.68437
4.6972
4.71084
4.72563
4.74207
4.76084
4.78269
4.80875
4.83997
4.87731
4.92099
4.96954
5.01895
5.06168
5.09026
5.09058
5.04804
4.95031
4.8437
4.83288
9.76635
14.7783
17.9149
20.0238
21.4244
22.3113
22.8466
23.1627
23.3604
23.5055
23.6243
23.7293
23.8275
23.9227
24.0461
24.1801
24.3105
24.4343
24.5513
24.6609
24.7633
24.8587
24.9481
25.0325
25.1116
25.1846
25.2517
25.3147
25.3755
25.4352
25.4938
25.5445
25.5789
25.5991
25.6084
25.6015
25.5829
25.5575
25.5238
25.4796
25.4328
25.3856
25.3384
25.2922
25.2475
25.2047
25.1611
25.1143
25.0643
25.0124
24.9598
24.9075
24.8561
24.8059
24.7572
24.7101
24.6645
24.6203
24.5777
24.5365
24.4968
24.4586
24.422
24.3872
24.3541
24.3225
24.2922
24.2629
24.2345
24.207
24.1802
24.1541
24.1288
24.1044
24.0807
24.0579
24.0358
24.0147
23.9943
23.9748
23.9561
23.9384
23.9216
23.9059
23.8913
23.8778
23.8645
23.8501
23.8339
23.8163
23.798
23.7797
23.7619
23.7447
23.7282
23.7123
23.6967
23.681
23.6646
23.6475
23.6304
23.6142
23.5996
23.5866
23.5753
23.5653
23.5564
23.5485
23.5414
23.5351
23.5296
23.525
23.5212
23.5182
23.516
23.5146
23.514
23.5142
23.5151
23.5168
23.5193
23.5226
23.5268
23.5317
23.5374
23.5437
23.5502
23.5563
23.5622
23.5683
23.5752
23.5834
23.5929
23.6036
23.6154
23.6283
23.6421
23.6567
23.6722
23.6884
23.7055
23.7234
23.742
23.7612
23.7813
23.8024
23.8248
23.8491
23.8759
23.905
23.9359
23.968
24.0005
24.0331
24.065
24.097
24.129
24.1615
24.1946
24.2291
24.2657
24.3051
24.348
24.3947
24.4445
24.4965
24.5495
24.6026
24.6554
24.7081
24.7611
24.8152
24.8712
24.9299
24.992
25.058
25.1282
25.2025
25.2806
25.3624
25.4482
25.5381
25.6331
25.7346
25.8445
25.9652
26.0999
26.2525
26.427
26.6263
26.8493
27.0909
27.3384
27.5683
27.7486
27.8421
27.8038
27.5794
27.2102
26.9901
191.923
191.731
191.54
191.349
191.158
190.967
190.777
190.587
190.397
190.208
190.019
189.83
189.641
189.453
189.265
189.077
188.89
188.702
188.516
188.329
188.143
187.956
187.771
187.585
187.4
187.215
187.03
186.846
186.661
186.478
186.294
186.111
185.927
185.745
185.562
185.38
185.198
185.016
184.835
184.653
184.472
184.292
184.111
183.931
183.751
183.572
183.392
183.213
183.034
182.856
182.678
182.499
182.322
182.144
181.967
181.79
181.613
181.437
181.26
181.084
180.909
180.733
180.558
180.383
180.208
180.034
179.86
179.686
179.512
179.339
179.165
178.992
178.82
178.647
178.475
178.303
178.132
177.96
177.789
177.618
177.447
177.277
177.107
176.937
176.767
176.597
176.428
176.259
176.09
175.922
175.754
175.586
175.418
175.25
175.083
174.916
174.749
174.582
174.416
174.25
174.084
173.919
173.753
173.588
173.423
173.258
173.094
172.93
172.766
172.602
172.438
172.275
172.112
171.949
171.787
171.624
171.462
171.3
171.138
170.977
170.816
170.655
170.494
170.334
170.173
170.013
169.853
169.694
169.534
169.375
169.216
169.057
168.899
168.741
168.582
168.425
168.267
168.11
167.952
167.795
167.639
167.482
167.326
167.17
167.014
166.858
166.703
166.548
166.393
166.238
166.083
165.929
165.775
165.621
165.467
165.314
165.16
165.007
164.854
164.702
164.549
164.397
164.245
164.093
163.942
163.79
163.639
163.488
163.337
163.187
163.037
162.886
162.737
162.587
162.437
162.288
162.139
161.99
161.841
161.693
161.545
161.397
161.249
161.101
160.954
160.806
160.659
160.512
160.366
160.219
160.073
159.927
159.781
159.635
159.49
159.345
159.2
159.055
158.91
158.766
)
;

boundaryField
{
    walls
    {
        Cmu             0.09;
        kappa           0.41;
        E               9.8;
        beta1           0.075;
        blended         false;
        type            omegaWallFunction;
        value           nonuniform List<scalar> 
400
(
191.904
191.712
191.521
191.33
191.139
190.948
190.758
190.568
190.378
190.189
190
189.811
189.622
189.434
189.246
189.058
188.871
188.684
188.497
188.31
188.124
187.938
187.752
187.566
187.381
187.196
187.011
186.827
186.643
186.459
186.275
186.092
185.909
185.726
185.544
185.361
185.179
184.998
184.816
184.635
184.454
184.273
184.093
183.913
183.733
183.553
183.374
183.195
183.016
182.838
182.659
182.481
182.303
182.126
181.949
181.772
181.595
181.418
181.242
181.066
180.891
180.715
180.54
180.365
180.19
180.016
179.842
179.668
179.494
179.321
179.147
178.975
178.802
178.629
178.457
178.285
178.114
177.942
177.771
177.6
177.429
177.259
177.089
176.919
176.749
176.58
176.41
176.242
176.073
175.904
175.736
175.568
175.4
175.233
175.065
174.898
174.732
174.565
174.399
174.233
174.067
173.901
173.736
173.571
173.406
173.241
173.077
172.912
172.748
172.585
172.421
172.258
172.095
171.932
171.769
171.607
171.445
171.283
171.121
170.96
170.799
170.638
170.477
170.316
170.156
169.996
169.836
169.677
169.517
169.358
169.199
169.04
168.882
168.724
168.566
168.408
168.25
168.093
167.936
167.779
167.622
167.465
167.309
167.153
166.997
166.842
166.686
166.531
166.376
166.221
166.067
165.912
165.758
165.604
165.451
165.297
165.144
164.991
164.838
164.685
164.533
164.381
164.229
164.077
163.925
163.774
163.623
163.472
163.321
163.171
163.02
162.87
162.72
162.571
162.421
162.272
162.123
161.974
161.825
161.677
161.528
161.38
161.233
161.085
160.937
160.79
160.643
160.496
160.35
160.203
160.057
159.911
159.765
159.619
159.474
159.329
159.184
159.039
158.894
158.75
191.923
191.731
191.54
191.349
191.158
190.967
190.777
190.587
190.397
190.208
190.019
189.83
189.641
189.453
189.265
189.077
188.89
188.702
188.516
188.329
188.143
187.956
187.771
187.585
187.4
187.215
187.03
186.846
186.661
186.478
186.294
186.111
185.927
185.745
185.562
185.38
185.198
185.016
184.835
184.653
184.472
184.292
184.111
183.931
183.751
183.572
183.392
183.213
183.034
182.856
182.678
182.499
182.322
182.144
181.967
181.79
181.613
181.437
181.26
181.084
180.909
180.733
180.558
180.383
180.208
180.034
179.86
179.686
179.512
179.339
179.165
178.992
178.82
178.647
178.475
178.303
178.132
177.96
177.789
177.618
177.447
177.277
177.107
176.937
176.767
176.597
176.428
176.259
176.09
175.922
175.754
175.586
175.418
175.25
175.083
174.916
174.749
174.582
174.416
174.25
174.084
173.919
173.753
173.588
173.423
173.258
173.094
172.93
172.766
172.602
172.438
172.275
172.112
171.949
171.787
171.624
171.462
171.3
171.138
170.977
170.816
170.655
170.494
170.334
170.173
170.013
169.853
169.694
169.534
169.375
169.216
169.057
168.899
168.741
168.582
168.425
168.267
168.11
167.952
167.795
167.639
167.482
167.326
167.17
167.014
166.858
166.703
166.548
166.393
166.238
166.083
165.929
165.775
165.621
165.467
165.314
165.16
165.007
164.854
164.702
164.549
164.397
164.245
164.093
163.942
163.79
163.639
163.488
163.337
163.187
163.037
162.886
162.737
162.587
162.437
162.288
162.139
161.99
161.841
161.693
161.545
161.397
161.249
161.101
160.954
160.806
160.659
160.512
160.366
160.219
160.073
159.927
159.781
159.635
159.49
159.345
159.2
159.055
158.91
158.766
)
;
    }
    inlet
    {
        type            fixedValue;
        value           uniform 1;
    }
    outlet
    {
        type            freestream;
        freestreamValue uniform 1;
        value           nonuniform List<scalar> 
20
(
158.75
24.2992
4.46851
1.68104
1.23154
1.08218
1.02962
1.00938
1.00331
1.00619
1.01444
1.02489
1.0394
1.06461
1.13478
1.2878
1.75489
4.83288
26.9901
158.766
)
;
    }
    frontAndBack
    {
        type            empty;
    }
}


// ************************************************************************* //
