/*--------------------------------*- C++ -*----------------------------------*\
| =========                 |                                                 |
| \\      /  F ield         | OpenFOAM: The Open Source CFD Toolbox           |
|  \\    /   O peration     | Version:  5.x                                   |
|   \\  /    A nd           | Web:      www.OpenFOAM.org                      |
|    \\/     M anipulation  |                                                 |
\*---------------------------------------------------------------------------*/
/*   Windows 32 and 64 bit porting by blueCAPE: http://www.bluecape.com.pt   *\
|  Based on Windows porting (2.0.x v4) by Symscape: http://www.symscape.com   |
\*---------------------------------------------------------------------------*/
FoamFile
{
    version     2.0;
    format      ascii;
    class       volScalarField;
    location    "1000";
    object      omega;
}
// * * * * * * * * * * * * * * * * * * * * * * * * * * * * * * * * * * * * * //

dimensions      [0 0 -1 0 0 0 0];

internalField   nonuniform List<scalar> 
4000
(
9.0549e+009
1.11431e+010
1.27597e+010
1.41303e+010
1.53692e+010
1.65209e+010
1.76073e+010
1.86389e+010
1.96207e+010
2.05542e+010
2.1439e+010
2.2274e+010
2.30573e+010
2.37875e+010
2.44633e+010
2.50843e+010
2.56504e+010
2.61626e+010
2.66221e+010
2.70307e+010
2.73908e+010
2.77047e+010
2.79752e+010
2.82049e+010
2.83968e+010
2.85538e+010
2.8677e+010
2.87686e+010
2.88323e+010
2.88704e+010
2.88847e+010
2.88775e+010
2.88504e+010
2.8805e+010
2.87429e+010
2.86661e+010
2.85767e+010
2.84775e+010
2.83723e+010
2.81984e+010
2.79558e+010
2.76483e+010
2.72821e+010
2.68643e+010
2.64046e+010
2.5914e+010
2.54171e+010
2.49205e+010
2.4431e+010
2.39559e+010
2.35013e+010
2.30729e+010
2.26756e+010
2.23125e+010
2.19858e+010
2.16964e+010
2.14441e+010
2.12285e+010
2.10486e+010
2.09035e+010
2.07927e+010
2.07161e+010
2.06738e+010
2.06665e+010
2.06951e+010
2.07605e+010
2.08646e+010
2.101e+010
2.11966e+010
2.1424e+010
2.16917e+010
2.19989e+010
2.2345e+010
2.27296e+010
2.31521e+010
2.36122e+010
2.41097e+010
2.46435e+010
2.52119e+010
2.5813e+010
2.64435e+010
2.70972e+010
2.77629e+010
2.84203e+010
2.90377e+010
2.95775e+010
3.00876e+010
3.06587e+010
3.14391e+010
3.2429e+010
3.31441e+010
3.37958e+010
3.4371e+010
3.4925e+010
3.55114e+010
3.61623e+010
3.69041e+010
3.77646e+010
3.87756e+010
3.99739e+010
4.14012e+010
4.31016e+010
4.51182e+010
4.74851e+010
5.02183e+010
5.33032e+010
5.66848e+010
6.0264e+010
6.39033e+010
6.74331e+010
7.0689e+010
7.35291e+010
7.58076e+010
7.74393e+010
7.83822e+010
7.85391e+010
7.80263e+010
7.7043e+010
7.60256e+010
7.49813e+010
7.39029e+010
7.27636e+010
7.15505e+010
7.02699e+010
6.89214e+010
6.75032e+010
6.60143e+010
6.44553e+010
6.28289e+010
6.11394e+010
5.93868e+010
5.75734e+010
5.57066e+010
5.37987e+010
5.18628e+010
4.99126e+010
4.79605e+010
4.60181e+010
4.4095e+010
4.21988e+010
4.03351e+010
3.85074e+010
3.67172e+010
3.49646e+010
3.3248e+010
3.15647e+010
2.9911e+010
2.82825e+010
2.66736e+010
2.50781e+010
2.34881e+010
2.18932e+010
2.02794e+010
1.8624e+010
1.68823e+010
1.49558e+010
1.26909e+010
1.03852e+010
1.03338e+010
1.12227e+010
1.17257e+010
1.20401e+010
1.22492e+010
1.2391e+010
1.24855e+010
1.25443e+010
1.25748e+010
1.25816e+010
1.2568e+010
1.25359e+010
1.24865e+010
1.24198e+010
1.2335e+010
1.22313e+010
1.21065e+010
1.19546e+010
1.17867e+010
1.16055e+010
1.14099e+010
1.12009e+010
1.0906e+010
1.05129e+010
1.00342e+010
9.48336e+009
8.8562e+009
8.15471e+009
7.38242e+009
6.54768e+009
5.66445e+009
4.75198e+009
3.83634e+009
2.95148e+009
2.13543e+009
1.42606e+009
8.62175e+008
4.60304e+008
2.08727e+008
7.50915e+007
1.38053e+007
94517.6
9.82081e+009
1.0243e+010
1.12619e+010
1.21878e+010
1.30548e+010
1.38969e+010
1.47214e+010
1.55259e+010
1.63028e+010
1.70416e+010
1.773e+010
1.83552e+010
1.89046e+010
1.93667e+010
1.97318e+010
1.99926e+010
2.01449e+010
2.01873e+010
2.01215e+010
1.9951e+010
1.96836e+010
1.93308e+010
1.89069e+010
1.84284e+010
1.79122e+010
1.73758e+010
1.68354e+010
1.63062e+010
1.58021e+010
1.53344e+010
1.49121e+010
1.45408e+010
1.42235e+010
1.39613e+010
1.37543e+010
1.36018e+010
1.35027e+010
1.34557e+010
1.3458e+010
1.34563e+010
1.34438e+010
1.34177e+010
1.33761e+010
1.33175e+010
1.32415e+010
1.31483e+010
1.30446e+010
1.29318e+010
1.28119e+010
1.26872e+010
1.25608e+010
1.24358e+010
1.23152e+010
1.22015e+010
1.20969e+010
1.20025e+010
1.19189e+010
1.18458e+010
1.17825e+010
1.17283e+010
1.16821e+010
1.16434e+010
1.16121e+010
1.15891e+010
1.15755e+010
1.1573e+010
1.15841e+010
1.16126e+010
1.16606e+010
1.17294e+010
1.18199e+010
1.19327e+010
1.20683e+010
1.22268e+010
1.24081e+010
1.26137e+010
1.28475e+010
1.3116e+010
1.34256e+010
1.37831e+010
1.42003e+010
1.46933e+010
1.52764e+010
1.59542e+010
1.67103e+010
1.74794e+010
1.81489e+010
1.86911e+010
1.92556e+010
1.9781e+010
2.0082e+010
2.03952e+010
2.07901e+010
2.12472e+010
2.17513e+010
2.2308e+010
2.29376e+010
2.36681e+010
2.45314e+010
2.55607e+010
2.67896e+010
2.82509e+010
2.99724e+010
3.19712e+010
3.42467e+010
3.67683e+010
3.94696e+010
4.22443e+010
4.49346e+010
4.73959e+010
4.94621e+010
5.09688e+010
5.19309e+010
5.23162e+010
5.21509e+010
5.16362e+010
5.08311e+010
5.00388e+010
4.9627e+010
4.97381e+010
5.04409e+010
5.17077e+010
5.34257e+010
5.53962e+010
5.73534e+010
5.902e+010
6.01438e+010
6.05709e+010
6.02771e+010
5.93232e+010
5.78247e+010
5.59154e+010
5.372e+010
5.13437e+010
4.88753e+010
4.63865e+010
4.39309e+010
4.15464e+010
3.92584e+010
3.70827e+010
3.50282e+010
3.30981e+010
3.12913e+010
2.96037e+010
2.80279e+010
2.65539e+010
2.51701e+010
2.38624e+010
2.26154e+010
2.14163e+010
2.02491e+010
1.90967e+010
1.79539e+010
1.6779e+010
1.55209e+010
1.4151e+010
1.26194e+010
1.27322e+010
1.41963e+010
1.38043e+010
1.31763e+010
1.25101e+010
1.18122e+010
1.11315e+010
1.04867e+010
9.88501e+009
9.32831e+009
8.817e+009
8.35113e+009
7.93065e+009
7.55562e+009
7.22611e+009
6.94167e+009
6.70094e+009
6.50111e+009
6.33785e+009
6.21052e+009
6.11723e+009
6.05599e+009
6.01621e+009
5.95446e+009
5.85824e+009
5.72139e+009
5.53859e+009
5.30295e+009
5.00792e+009
4.64854e+009
4.22264e+009
3.73229e+009
3.18522e+009
2.59601e+009
1.98817e+009
1.39262e+009
8.55829e+008
4.52562e+008
1.98996e+008
6.69355e+007
1.82991e+007
4.22606e+006
1.74493e+006
1.02215e+010
9.59384e+009
1.04118e+010
1.12075e+010
1.19827e+010
1.27566e+010
1.3526e+010
1.42819e+010
1.50107e+010
1.56971e+010
1.63249e+010
1.68778e+010
1.73407e+010
1.77004e+010
1.79473e+010
1.8076e+010
1.80863e+010
1.79826e+010
1.77723e+010
1.74689e+010
1.70923e+010
1.66647e+010
1.62091e+010
1.57474e+010
1.52994e+010
1.48821e+010
1.45086e+010
1.41879e+010
1.3925e+010
1.37203e+010
1.35707e+010
1.34716e+010
1.34181e+010
1.34031e+010
1.34189e+010
1.34575e+010
1.35115e+010
1.35742e+010
1.36356e+010
1.36785e+010
1.36987e+010
1.3693e+010
1.36587e+010
1.35942e+010
1.34986e+010
1.33721e+010
1.3217e+010
1.30388e+010
1.28425e+010
1.26334e+010
1.24178e+010
1.22025e+010
1.19946e+010
1.1801e+010
1.16282e+010
1.14821e+010
1.13675e+010
1.12876e+010
1.12436e+010
1.12343e+010
1.1256e+010
1.13028e+010
1.13666e+010
1.14385e+010
1.15094e+010
1.15717e+010
1.162e+010
1.16512e+010
1.16646e+010
1.16619e+010
1.1647e+010
1.16254e+010
1.1603e+010
1.15851e+010
1.15764e+010
1.15823e+010
1.16118e+010
1.16801e+010
1.17995e+010
1.19855e+010
1.2261e+010
1.26591e+010
1.32101e+010
1.39169e+010
1.47429e+010
1.55938e+010
1.63255e+010
1.68626e+010
1.73248e+010
1.78303e+010
1.82376e+010
1.86616e+010
1.91415e+010
1.96809e+010
2.0287e+010
2.09806e+010
2.17896e+010
2.27446e+010
2.38772e+010
2.52191e+010
2.68013e+010
2.86518e+010
3.07881e+010
3.32098e+010
3.58893e+010
3.87606e+010
4.17146e+010
4.46046e+010
4.72456e+010
4.94663e+010
5.11623e+010
5.22594e+010
5.27821e+010
5.28362e+010
5.24825e+010
5.18342e+010
5.10318e+010
5.01423e+010
4.9293e+010
4.86881e+010
4.85163e+010
4.89316e+010
4.99926e+010
5.16101e+010
5.35487e+010
5.54979e+010
5.71284e+010
5.81574e+010
5.84297e+010
5.79263e+010
5.67205e+010
5.49453e+010
5.2756e+010
5.0295e+010
4.7684e+010
4.50218e+010
4.23836e+010
3.98237e+010
3.73782e+010
3.50692e+010
3.29086e+010
3.09006e+010
2.90444e+010
2.73354e+010
2.57658e+010
2.43251e+010
2.30014e+010
2.17782e+010
2.06382e+010
1.95658e+010
1.854e+010
1.75425e+010
1.65682e+010
1.5576e+010
1.45147e+010
1.3421e+010
1.29998e+010
1.43649e+010
1.42274e+010
1.32924e+010
1.24032e+010
1.15372e+010
1.07336e+010
1.0024e+010
9.41734e+009
8.90853e+009
8.48831e+009
8.14831e+009
7.88097e+009
7.67929e+009
7.53649e+009
7.44581e+009
7.40029e+009
7.39251e+009
7.41514e+009
7.46189e+009
7.52528e+009
7.59624e+009
7.66605e+009
7.72482e+009
7.76152e+009
7.76613e+009
7.73043e+009
7.64523e+009
7.50103e+009
7.28833e+009
6.99931e+009
6.62559e+009
6.15917e+009
5.58901e+009
4.9046e+009
4.11363e+009
3.24964e+009
2.37105e+009
1.5536e+009
8.67276e+008
3.71128e+008
1.26083e+008
3.28828e+007
8.99754e+006
1.00051e+010
9.02029e+009
9.72706e+009
1.04535e+010
1.11856e+010
1.19271e+010
1.26699e+010
1.34012e+010
1.41051e+010
1.47652e+010
1.53647e+010
1.5888e+010
1.63213e+010
1.66541e+010
1.68797e+010
1.69967e+010
1.70087e+010
1.69213e+010
1.67443e+010
1.64968e+010
1.62021e+010
1.58845e+010
1.55668e+010
1.52691e+010
1.50069e+010
1.47907e+010
1.46268e+010
1.45166e+010
1.44581e+010
1.44459e+010
1.44726e+010
1.45295e+010
1.46082e+010
1.47019e+010
1.48045e+010
1.49096e+010
1.5012e+010
1.51073e+010
1.51894e+010
1.5244e+010
1.52671e+010
1.5255e+010
1.52042e+010
1.51119e+010
1.4976e+010
1.47957e+010
1.45712e+010
1.43057e+010
1.40048e+010
1.36748e+010
1.33218e+010
1.29534e+010
1.25773e+010
1.22013e+010
1.18332e+010
1.14811e+010
1.11531e+010
1.08577e+010
1.0603e+010
1.03973e+010
1.02477e+010
1.01601e+010
1.01378e+010
1.01805e+010
1.02831e+010
1.04365e+010
1.06275e+010
1.084e+010
1.10562e+010
1.1259e+010
1.14338e+010
1.15701e+010
1.16604e+010
1.17005e+010
1.16898e+010
1.16306e+010
1.15275e+010
1.13954e+010
1.12666e+010
1.11795e+010
1.11863e+010
1.13553e+010
1.17532e+010
1.24162e+010
1.32923e+010
1.42455e+010
1.50939e+010
1.57142e+010
1.61757e+010
1.66872e+010
1.71675e+010
1.76656e+010
1.82139e+010
1.88318e+010
1.95423e+010
2.03721e+010
2.13507e+010
2.25087e+010
2.3875e+010
2.54765e+010
2.7338e+010
2.94769e+010
3.18922e+010
3.45581e+010
3.74169e+010
4.03716e+010
4.32871e+010
4.59901e+010
4.82996e+010
5.01019e+010
5.13865e+010
5.21836e+010
5.25386e+010
5.2559e+010
5.23334e+010
5.19353e+010
5.14388e+010
5.08703e+010
5.02576e+010
4.96908e+010
4.93225e+010
4.93299e+010
4.98446e+010
5.08917e+010
5.23644e+010
5.40374e+010
5.56043e+010
5.67405e+010
5.71941e+010
5.68582e+010
5.57622e+010
5.40299e+010
5.18226e+010
4.92993e+010
4.65998e+010
4.3837e+010
4.10972e+010
3.84421e+010
3.59128e+010
3.35344e+010
3.132e+010
2.92739e+010
2.73947e+010
2.56774e+010
2.41136e+010
2.26929e+010
2.1403e+010
2.02276e+010
1.91481e+010
1.81464e+010
1.72e+010
1.62893e+010
1.54098e+010
1.45213e+010
1.36e+010
1.30508e+010
1.3874e+010
1.41556e+010
1.31698e+010
1.21849e+010
1.13419e+010
1.0613e+010
1.00052e+010
9.51802e+009
9.14268e+009
8.86469e+009
8.66896e+009
8.54225e+009
8.47332e+009
8.45262e+009
8.4718e+009
8.52347e+009
8.6008e+009
8.69787e+009
8.81027e+009
8.93241e+009
9.05823e+009
9.18204e+009
9.29806e+009
9.40028e+009
9.47396e+009
9.51168e+009
9.5086e+009
9.4607e+009
9.36268e+009
9.21003e+009
8.99631e+009
8.71316e+009
8.34882e+009
7.88829e+009
7.30853e+009
6.5767e+009
5.67053e+009
4.6012e+009
3.43164e+009
2.27139e+009
1.25633e+009
5.5571e+008
1.95021e+008
4.51056e+007
9.72554e+009
8.54311e+009
9.17828e+009
9.86172e+009
1.05703e+010
1.12949e+010
1.20256e+010
1.27468e+010
1.34424e+010
1.40957e+010
1.46911e+010
1.52144e+010
1.56542e+010
1.60031e+010
1.62577e+010
1.64206e+010
1.64973e+010
1.6494e+010
1.64234e+010
1.63042e+010
1.61562e+010
1.59992e+010
1.58518e+010
1.57301e+010
1.56462e+010
1.56067e+010
1.5614e+010
1.56659e+010
1.57576e+010
1.58815e+010
1.6029e+010
1.61916e+010
1.63595e+010
1.65246e+010
1.66808e+010
1.68233e+010
1.69487e+010
1.70557e+010
1.71438e+010
1.71992e+010
1.72195e+010
1.72017e+010
1.71422e+010
1.70369e+010
1.68822e+010
1.66756e+010
1.64158e+010
1.61035e+010
1.57428e+010
1.53397e+010
1.49009e+010
1.44343e+010
1.39474e+010
1.34474e+010
1.29406e+010
1.24327e+010
1.1929e+010
1.14347e+010
1.09553e+010
1.0497e+010
1.00667e+010
9.67229e+009
9.32227e+009
9.02523e+009
8.78953e+009
8.62208e+009
8.52717e+009
8.5054e+009
8.55256e+009
8.65948e+009
8.81346e+009
8.99955e+009
9.20112e+009
9.40118e+009
9.58542e+009
9.74345e+009
9.87523e+009
9.9679e+009
1.00161e+010
1.00385e+010
1.0087e+010
1.02562e+010
1.06502e+010
1.13457e+010
1.23454e+010
1.34939e+010
1.45154e+010
1.52478e+010
1.57515e+010
1.62406e+010
1.6766e+010
1.73142e+010
1.79178e+010
1.86011e+010
1.93954e+010
2.03292e+010
2.14321e+010
2.27325e+010
2.42562e+010
2.60255e+010
2.80573e+010
3.03541e+010
3.28949e+010
3.56329e+010
3.84925e+010
4.13598e+010
4.40835e+010
4.64794e+010
4.84123e+010
4.98796e+010
5.09148e+010
5.15625e+010
5.18919e+010
5.20075e+010
5.20062e+010
5.19507e+010
5.1861e+010
5.1699e+010
5.14012e+010
5.0989e+010
5.06073e+010
5.04558e+010
5.06973e+010
5.14049e+010
5.25349e+010
5.39252e+010
5.53038e+010
5.63448e+010
5.67557e+010
5.63766e+010
5.5223e+010
5.34159e+010
5.1117e+010
4.84928e+010
4.56908e+010
4.28302e+010
4.00017e+010
3.72694e+010
3.46761e+010
3.22471e+010
2.99955e+010
2.7925e+010
2.60336e+010
2.43154e+010
2.27617e+010
2.13618e+010
2.0103e+010
1.89685e+010
1.79385e+010
1.6994e+010
1.61097e+010
1.52675e+010
1.44656e+010
1.36527e+010
1.30004e+010
1.33155e+010
1.38973e+010
1.31144e+010
1.20638e+010
1.12391e+010
1.05982e+010
1.01099e+010
9.75543e+009
9.51538e+009
9.37031e+009
9.30174e+009
9.29379e+009
9.33352e+009
9.41106e+009
9.51873e+009
9.65028e+009
9.80039e+009
9.96467e+009
1.01405e+010
1.03236e+010
1.05087e+010
1.06908e+010
1.08643e+010
1.10232e+010
1.11611e+010
1.12627e+010
1.13191e+010
1.13256e+010
1.12792e+010
1.11787e+010
1.10249e+010
1.0818e+010
1.0559e+010
1.02467e+010
9.87461e+009
9.43136e+009
8.88919e+009
8.19691e+009
7.28462e+009
6.10729e+009
4.67525e+009
3.11596e+009
1.75057e+009
8.34506e+008
2.05223e+008
9.42285e+009
8.11229e+009
8.68887e+009
9.33992e+009
1.00308e+010
1.07433e+010
1.1467e+010
1.21849e+010
1.28813e+010
1.35401e+010
1.41469e+010
1.46893e+010
1.51582e+010
1.55484e+010
1.58592e+010
1.60951e+010
1.62622e+010
1.63679e+010
1.64261e+010
1.64537e+010
1.64667e+010
1.64806e+010
1.65096e+010
1.65651e+010
1.66555e+010
1.67843e+010
1.69515e+010
1.71528e+010
1.73811e+010
1.76268e+010
1.78794e+010
1.81281e+010
1.83634e+010
1.85764e+010
1.87607e+010
1.89134e+010
1.90339e+010
1.91232e+010
1.91881e+010
1.92164e+010
1.92087e+010
1.91649e+010
1.90829e+010
1.89587e+010
1.8787e+010
1.85637e+010
1.8285e+010
1.79481e+010
1.7555e+010
1.71113e+010
1.66245e+010
1.61033e+010
1.5556e+010
1.49911e+010
1.44153e+010
1.38341e+010
1.32516e+010
1.26708e+010
1.20946e+010
1.15255e+010
1.09664e+010
1.04204e+010
9.89129e+009
9.3842e+009
8.905e+009
8.46017e+009
8.05631e+009
7.69942e+009
7.39418e+009
7.14362e+009
6.9492e+009
6.81036e+009
6.72387e+009
6.6835e+009
6.68162e+009
6.71346e+009
6.77779e+009
6.87029e+009
6.9999e+009
7.1921e+009
7.48277e+009
8.00781e+009
8.89429e+009
1.01201e+010
1.15723e+010
1.30962e+010
1.4383e+010
1.5219e+010
1.57356e+010
1.61919e+010
1.67244e+010
1.73005e+010
1.79408e+010
1.86697e+010
1.95258e+010
2.05366e+010
2.17292e+010
2.31284e+010
2.47532e+010
2.6621e+010
2.87405e+010
3.10978e+010
3.36559e+010
3.63563e+010
3.91167e+010
4.18113e+010
4.42809e+010
4.63654e+010
4.79896e+010
4.92358e+010
5.01147e+010
5.06695e+010
5.10151e+010
5.12669e+010
5.15039e+010
5.17676e+010
5.20472e+010
5.22438e+010
5.22389e+010
5.2013e+010
5.17067e+010
5.15384e+010
5.16861e+010
5.22412e+010
5.31713e+010
5.4346e+010
5.55271e+010
5.63801e+010
5.6616e+010
5.60728e+010
5.47512e+010
5.27791e+010
5.03295e+010
4.75732e+010
4.46594e+010
4.17075e+010
3.88069e+010
3.60202e+010
3.33881e+010
3.09344e+010
2.86704e+010
2.65986e+010
2.47157e+010
2.30148e+010
2.14864e+010
2.01194e+010
1.89002e+010
1.78108e+010
1.68318e+010
1.59417e+010
1.51126e+010
1.43354e+010
1.35921e+010
1.29165e+010
1.28206e+010
1.34272e+010
1.30449e+010
1.20071e+010
1.11565e+010
1.05646e+010
1.0166e+010
9.92153e+009
9.80056e+009
9.77656e+009
9.82616e+009
9.9297e+009
1.00726e+010
1.02447e+010
1.04391e+010
1.06508e+010
1.08761e+010
1.11112e+010
1.1355e+010
1.1605e+010
1.18572e+010
1.21071e+010
1.23495e+010
1.25785e+010
1.27873e+010
1.29683e+010
1.31077e+010
1.31944e+010
1.32221e+010
1.3186e+010
1.30838e+010
1.2916e+010
1.26861e+010
1.24006e+010
1.20677e+010
1.16945e+010
1.12863e+010
1.08412e+010
1.03394e+010
9.72693e+009
8.90557e+009
7.72897e+009
6.08811e+009
4.19102e+009
2.44441e+009
8.05267e+008
9.11999e+009
7.70884e+009
8.23244e+009
8.85465e+009
9.52757e+009
1.02279e+010
1.09455e+010
1.16627e+010
1.23647e+010
1.3036e+010
1.36636e+010
1.42366e+010
1.47473e+010
1.51922e+010
1.55718e+010
1.58911e+010
1.61571e+010
1.63765e+010
1.65629e+010
1.67312e+010
1.68951e+010
1.7068e+010
1.72616e+010
1.74846e+010
1.77426e+010
1.80373e+010
1.83663e+010
1.87236e+010
1.90996e+010
1.9482e+010
1.98566e+010
2.02083e+010
2.05225e+010
2.0787e+010
2.09935e+010
2.11385e+010
2.1224e+010
2.12558e+010
2.12444e+010
2.11988e+010
2.11208e+010
2.1015e+010
2.08817e+010
2.07177e+010
2.05164e+010
2.027e+010
1.99716e+010
1.96156e+010
1.92011e+010
1.87315e+010
1.82139e+010
1.76572e+010
1.70705e+010
1.64633e+010
1.58448e+010
1.52213e+010
1.45971e+010
1.39751e+010
1.33571e+010
1.27445e+010
1.21385e+010
1.15398e+010
1.09499e+010
1.03712e+010
9.80676e+009
9.26072e+009
8.73744e+009
8.24111e+009
7.77537e+009
7.34345e+009
6.9483e+009
6.5926e+009
6.27858e+009
6.00723e+009
5.77738e+009
5.5883e+009
5.43872e+009
5.32785e+009
5.26159e+009
5.25144e+009
5.34291e+009
5.62069e+009
6.35378e+009
7.93659e+009
1.02576e+010
1.26739e+010
1.45009e+010
1.55284e+010
1.60159e+010
1.64292e+010
1.69129e+010
1.74921e+010
1.81476e+010
1.88974e+010
1.97879e+010
2.08436e+010
2.20867e+010
2.35385e+010
2.52117e+010
2.71162e+010
2.925e+010
3.15858e+010
3.40782e+010
3.66656e+010
3.92632e+010
4.17412e+010
4.39464e+010
4.5772e+010
4.7151e+010
4.82556e+010
4.90427e+010
4.95713e+010
5.00059e+010
5.04485e+010
5.09419e+010
5.15084e+010
5.21135e+010
5.25753e+010
5.27435e+010
5.26291e+010
5.24086e+010
5.23145e+010
5.25048e+010
5.30623e+010
5.39342e+010
5.49448e+010
5.59004e+010
5.65203e+010
5.65089e+010
5.57129e+010
5.4144e+010
5.1946e+010
4.93101e+010
4.64097e+010
4.33901e+010
4.03651e+010
3.7418e+010
3.46064e+010
3.19662e+010
2.95178e+010
2.72698e+010
2.52226e+010
2.33714e+010
2.17085e+010
2.02233e+010
1.89034e+010
1.77341e+010
1.66983e+010
1.5774e+010
1.49361e+010
1.4167e+010
1.3448e+010
1.27781e+010
1.24317e+010
1.28324e+010
1.28461e+010
1.19867e+010
1.1101e+010
1.0508e+010
1.01576e+010
9.98657e+009
9.95363e+009
1.00254e+010
1.01734e+010
1.03745e+010
1.06112e+010
1.08715e+010
1.11481e+010
1.14366e+010
1.17337e+010
1.20369e+010
1.23439e+010
1.26541e+010
1.29652e+010
1.3275e+010
1.358e+010
1.38759e+010
1.41579e+010
1.44199e+010
1.46541e+010
1.48465e+010
1.4984e+010
1.5058e+010
1.50612e+010
1.49882e+010
1.48364e+010
1.46066e+010
1.43043e+010
1.39392e+010
1.35254e+010
1.30802e+010
1.2621e+010
1.21593e+010
1.16936e+010
1.1185e+010
1.05156e+010
9.43045e+009
7.77067e+009
5.5846e+009
2.6764e+009
8.82919e+009
7.32468e+009
7.79543e+009
8.38772e+009
9.03931e+009
9.7245e+009
1.04338e+010
1.11494e+010
1.18576e+010
1.25436e+010
1.31956e+010
1.38034e+010
1.43606e+010
1.48644e+010
1.53157e+010
1.57189e+010
1.60813e+010
1.64089e+010
1.6713e+010
1.70055e+010
1.72983e+010
1.76037e+010
1.79322e+010
1.82933e+010
1.8691e+010
1.91245e+010
1.95906e+010
2.00821e+010
2.05886e+010
2.10967e+010
2.15899e+010
2.20501e+010
2.24586e+010
2.27986e+010
2.30565e+010
2.3223e+010
2.32952e+010
2.32774e+010
2.31804e+010
2.30457e+010
2.28808e+010
2.26951e+010
2.24928e+010
2.22731e+010
2.20295e+010
2.1752e+010
2.14303e+010
2.10565e+010
2.06261e+010
2.01392e+010
1.96011e+010
1.90219e+010
1.84093e+010
1.77726e+010
1.71229e+010
1.64685e+010
1.58146e+010
1.51642e+010
1.45189e+010
1.38799e+010
1.32479e+010
1.26236e+010
1.20068e+010
1.1398e+010
1.0799e+010
1.02127e+010
9.64254e+009
9.09248e+009
8.56614e+009
8.06642e+009
7.59548e+009
7.15542e+009
6.7483e+009
6.37707e+009
6.04063e+009
5.73826e+009
5.46867e+009
5.22815e+009
5.02281e+009
4.85425e+009
4.7453e+009
4.7767e+009
5.12428e+009
6.12901e+009
8.16713e+009
1.14779e+010
1.44787e+010
1.603e+010
1.65415e+010
1.68721e+010
1.73052e+010
1.78418e+010
1.8489e+010
1.92319e+010
2.01233e+010
2.11888e+010
2.244e+010
2.38978e+010
2.55721e+010
2.74616e+010
2.95514e+010
3.18075e+010
3.41807e+010
3.66111e+010
3.90117e+010
4.12594e+010
4.32301e+010
4.48438e+010
4.60382e+010
4.70827e+010
4.78363e+010
4.83771e+010
4.89434e+010
4.95907e+010
5.03408e+010
5.12251e+010
5.21738e+010
5.28336e+010
5.3e+010
5.28647e+010
5.27163e+010
5.27729e+010
5.31247e+010
5.37648e+010
5.46432e+010
5.56391e+010
5.62419e+010
5.66232e+010
5.6282e+010
5.51393e+010
5.32518e+010
5.07889e+010
4.79541e+010
4.49183e+010
4.18155e+010
3.87479e+010
3.5789e+010
3.2988e+010
3.03749e+010
2.79651e+010
2.57637e+010
2.3769e+010
2.19749e+010
2.0372e+010
1.8948e+010
1.76904e+010
1.65855e+010
1.56125e+010
1.47457e+010
1.39672e+010
1.32578e+010
1.25928e+010
1.21054e+010
1.22218e+010
1.2452e+010
1.19096e+010
1.10647e+010
1.04366e+010
1.00883e+010
9.95153e+009
9.97263e+009
1.01114e+010
1.03348e+010
1.06157e+010
1.09328e+010
1.12721e+010
1.16248e+010
1.1986e+010
1.23526e+010
1.27221e+010
1.30927e+010
1.34629e+010
1.38299e+010
1.4192e+010
1.45478e+010
1.48948e+010
1.52303e+010
1.55523e+010
1.58584e+010
1.61426e+010
1.63923e+010
1.65908e+010
1.67281e+010
1.67943e+010
1.67808e+010
1.66805e+010
1.64896e+010
1.62085e+010
1.58431e+010
1.54053e+010
1.49134e+010
1.43938e+010
1.38781e+010
1.33985e+010
1.29791e+010
1.26051e+010
1.21419e+010
1.13696e+010
9.98604e+009
6.78746e+009
8.55906e+009
6.9585e+009
7.37325e+009
7.93121e+009
8.55574e+009
9.22065e+009
9.91689e+009
1.06272e+010
1.13386e+010
1.20372e+010
1.27119e+010
1.33533e+010
1.39552e+010
1.4515e+010
1.50335e+010
1.55139e+010
1.59621e+010
1.63854e+010
1.67907e+010
1.71858e+010
1.75809e+010
1.79873e+010
1.84167e+010
1.88775e+010
1.93681e+010
1.98897e+010
2.04387e+010
2.10065e+010
2.15821e+010
2.21521e+010
2.27008e+010
2.32108e+010
2.36651e+010
2.40483e+010
2.4348e+010
2.45551e+010
2.46638e+010
2.46724e+010
2.45835e+010
2.44375e+010
2.42527e+010
2.40392e+010
2.38044e+010
2.35517e+010
2.32782e+010
2.29758e+010
2.26343e+010
2.22452e+010
2.18029e+010
2.13049e+010
2.07531e+010
2.01611e+010
1.95364e+010
1.88835e+010
1.82149e+010
1.75413e+010
1.68693e+010
1.62022e+010
1.55409e+010
1.48857e+010
1.42374e+010
1.3598e+010
1.29665e+010
1.23418e+010
1.1724e+010
1.11152e+010
1.05186e+010
9.93821e+009
9.37788e+009
8.84112e+009
8.3297e+009
7.84428e+009
7.3849e+009
6.96083e+009
6.56987e+009
6.21098e+009
5.88308e+009
5.57519e+009
5.30504e+009
5.06807e+009
4.87245e+009
4.75197e+009
4.81162e+009
5.33076e+009
6.79615e+009
9.61236e+009
1.3611e+010
1.64447e+010
1.72382e+010
1.74726e+010
1.78401e+010
1.83448e+010
1.89487e+010
1.96612e+010
2.05221e+010
2.15677e+010
2.27897e+010
2.42109e+010
2.58348e+010
2.76536e+010
2.96468e+010
3.17791e+010
3.40011e+010
3.62492e+010
3.84406e+010
4.04699e+010
4.22437e+010
4.37098e+010
4.48332e+010
4.57776e+010
4.64885e+010
4.71154e+010
4.78078e+010
4.86128e+010
4.95762e+010
5.07075e+010
5.18751e+010
5.25963e+010
5.2711e+010
5.2668e+010
5.27112e+010
5.30074e+010
5.35919e+010
5.43804e+010
5.53671e+010
5.61118e+010
5.63284e+010
5.65016e+010
5.57619e+010
5.41982e+010
5.19506e+010
4.92176e+010
4.62031e+010
4.30618e+010
3.99122e+010
3.68413e+010
3.39105e+010
3.11592e+010
2.86099e+010
2.62729e+010
2.41494e+010
2.22352e+010
2.05228e+010
1.90011e+010
1.76575e+010
1.64794e+010
1.54501e+010
1.45455e+010
1.37453e+010
1.30296e+010
1.2371e+010
1.18109e+010
1.16651e+010
1.19086e+010
1.16957e+010
1.10132e+010
1.03692e+010
9.98548e+009
9.84308e+009
9.88204e+009
1.0056e+010
1.03278e+010
1.06662e+010
1.10466e+010
1.14519e+010
1.18719e+010
1.22999e+010
1.27322e+010
1.31667e+010
1.36013e+010
1.40337e+010
1.44617e+010
1.48826e+010
1.52942e+010
1.56938e+010
1.60779e+010
1.64441e+010
1.67927e+010
1.71265e+010
1.74444e+010
1.77392e+010
1.79911e+010
1.81891e+010
1.83223e+010
1.83797e+010
1.8351e+010
1.82275e+010
1.80034e+010
1.76787e+010
1.72599e+010
1.67574e+010
1.61927e+010
1.56019e+010
1.50304e+010
1.4537e+010
1.41828e+010
1.39806e+010
1.38754e+010
1.36032e+010
1.12879e+010
8.31996e+009
6.61496e+009
6.96702e+009
7.48432e+009
8.07499e+009
8.71278e+009
9.3892e+009
1.00878e+010
1.07965e+010
1.15022e+010
1.21943e+010
1.28636e+010
1.35041e+010
1.41124e+010
1.46886e+010
1.52346e+010
1.57539e+010
1.62546e+010
1.67413e+010
1.72169e+010
1.76893e+010
1.81656e+010
1.8652e+010
1.91822e+010
1.97221e+010
2.02845e+010
2.08632e+010
2.14504e+010
2.20356e+010
2.26064e+010
2.31492e+010
2.36503e+010
2.40967e+010
2.44781e+010
2.47874e+010
2.50202e+010
2.51747e+010
2.52498e+010
2.52469e+010
2.51837e+010
2.50705e+010
2.49111e+010
2.471e+010
2.44722e+010
2.41998e+010
2.38896e+010
2.35361e+010
2.31345e+010
2.26838e+010
2.21834e+010
2.16271e+010
2.10285e+010
2.04091e+010
1.97589e+010
1.90893e+010
1.84133e+010
1.77381e+010
1.70674e+010
1.64021e+010
1.57415e+010
1.50869e+010
1.44417e+010
1.38062e+010
1.31766e+010
1.25514e+010
1.1932e+010
1.13212e+010
1.07225e+010
1.01398e+010
9.57676e+009
9.03621e+009
8.5192e+009
8.01742e+009
7.55274e+009
7.12032e+009
6.71876e+009
6.34854e+009
6.0102e+009
5.70381e+009
5.42909e+009
5.19031e+009
5.00091e+009
4.90734e+009
5.07572e+009
5.94412e+009
8.12044e+009
1.18622e+010
1.62118e+010
1.79646e+010
1.81993e+010
1.84723e+010
1.8929e+010
1.94992e+010
2.01815e+010
2.10009e+010
2.19831e+010
2.31452e+010
2.44946e+010
2.60282e+010
2.77339e+010
2.95889e+010
3.15572e+010
3.35898e+010
3.56278e+010
3.76008e+010
3.94273e+010
4.10332e+010
4.23663e+010
4.34315e+010
4.43024e+010
4.50381e+010
4.57397e+010
4.64985e+010
4.73942e+010
4.84407e+010
4.95385e+010
5.05161e+010
5.12398e+010
5.17317e+010
5.21376e+010
5.25925e+010
5.32246e+010
5.40177e+010
5.48776e+010
5.57037e+010
5.6109e+010
5.61633e+010
5.57988e+010
5.4563e+010
5.25948e+010
5.00489e+010
4.71281e+010
4.40119e+010
4.07978e+010
3.76559e+010
3.46367e+010
3.17844e+010
2.91282e+010
2.66832e+010
2.44549e+010
2.2441e+010
2.0635e+010
1.90282e+010
1.761e+010
1.63661e+010
1.52772e+010
1.43262e+010
1.34948e+010
1.2765e+010
1.21117e+010
1.15403e+010
1.12109e+010
1.13043e+010
1.13125e+010
1.08789e+010
1.02976e+010
9.87175e+009
9.69627e+009
9.72146e+009
9.89787e+009
1.01871e+010
1.05564e+010
1.09773e+010
1.14286e+010
1.18991e+010
1.23815e+010
1.28698e+010
1.33611e+010
1.38535e+010
1.43449e+010
1.48323e+010
1.53128e+010
1.57834e+010
1.62403e+010
1.66796e+010
1.70989e+010
1.74958e+010
1.78693e+010
1.82238e+010
1.8565e+010
1.88947e+010
1.91892e+010
1.94371e+010
1.96274e+010
1.97494e+010
1.97922e+010
1.97451e+010
1.95966e+010
1.93383e+010
1.89745e+010
1.85092e+010
1.79456e+010
1.73169e+010
1.66631e+010
1.60446e+010
1.55493e+010
1.52948e+010
1.54558e+010
1.61341e+010
1.58176e+010
8.09444e+009
6.33373e+009
6.59346e+009
7.06059e+009
7.60985e+009
8.21304e+009
8.86155e+009
9.54011e+009
1.02377e+010
1.0942e+010
1.16431e+010
1.23316e+010
1.30014e+010
1.36484e+010
1.42712e+010
1.48706e+010
1.54476e+010
1.60116e+010
1.65642e+010
1.71041e+010
1.76358e+010
1.81595e+010
1.86732e+010
1.92694e+010
1.98176e+010
2.03859e+010
2.0965e+010
2.15441e+010
2.21138e+010
2.26647e+010
2.31871e+010
2.36719e+010
2.41109e+010
2.44979e+010
2.4829e+010
2.51022e+010
2.53166e+010
2.54699e+010
2.556e+010
2.55935e+010
2.55667e+010
2.54747e+010
2.53154e+010
2.50932e+010
2.48146e+010
2.44847e+010
2.41064e+010
2.36813e+010
2.32149e+010
2.27162e+010
2.21712e+010
2.15623e+010
2.09717e+010
2.03479e+010
1.97025e+010
1.90485e+010
1.83922e+010
1.77371e+010
1.7084e+010
1.64333e+010
1.57856e+010
1.51435e+010
1.45094e+010
1.38807e+010
1.3255e+010
1.26323e+010
1.20151e+010
1.14067e+010
1.08106e+010
1.02304e+010
9.66926e+009
9.13023e+009
8.61519e+009
8.12719e+009
7.66762e+009
7.23754e+009
6.83809e+009
6.47118e+009
6.13628e+009
5.83325e+009
5.56438e+009
5.33581e+009
5.16678e+009
5.1345e+009
5.51945e+009
6.96071e+009
1.0092e+010
1.48508e+010
1.8395e+010
1.90024e+010
1.91861e+010
1.95776e+010
2.00947e+010
2.07177e+010
2.14711e+010
2.23801e+010
2.34596e+010
2.47115e+010
2.61262e+010
2.76866e+010
2.93671e+010
3.11314e+010
3.29335e+010
3.47233e+010
3.64495e+010
3.80558e+010
3.94888e+010
4.07122e+010
4.17269e+010
4.25796e+010
4.33291e+010
4.40387e+010
4.47847e+010
4.56297e+010
4.65787e+010
4.75636e+010
4.85052e+010
4.93941e+010
5.02904e+010
5.11814e+010
5.20734e+010
5.29946e+010
5.38901e+010
5.46605e+010
5.51772e+010
5.52513e+010
5.49049e+010
5.39357e+010
5.22233e+010
4.99109e+010
4.71616e+010
4.41563e+010
4.10371e+010
3.79059e+010
3.4876e+010
3.19918e+010
2.9289e+010
2.67887e+010
2.4501e+010
2.2428e+010
2.05657e+010
1.89063e+010
1.74403e+010
1.61554e+010
1.50344e+010
1.4059e+010
1.3211e+010
1.24705e+010
1.18243e+010
1.12639e+010
1.08518e+010
1.07428e+010
1.07981e+010
1.06154e+010
1.01955e+010
9.78516e+009
9.55762e+009
9.5421e+009
9.69077e+009
9.96336e+009
1.03311e+010
1.07636e+010
1.12375e+010
1.17381e+010
1.22567e+010
1.27852e+010
1.33195e+010
1.38568e+010
1.43953e+010
1.49325e+010
1.54659e+010
1.59926e+010
1.65087e+010
1.7009e+010
1.74906e+010
1.79521e+010
1.83888e+010
1.87925e+010
1.91638e+010
1.95197e+010
1.98794e+010
2.021e+010
2.04959e+010
2.07271e+010
2.08953e+010
2.09927e+010
2.10127e+010
2.09434e+010
2.07603e+010
2.04592e+010
2.00667e+010
1.95462e+010
1.89276e+010
1.82448e+010
1.75436e+010
1.68851e+010
1.63919e+010
1.63597e+010
1.74173e+010
1.94775e+010
7.89398e+009
6.12541e+009
6.2694e+009
6.67301e+009
7.17266e+009
7.73323e+009
8.34486e+009
8.99394e+009
9.67017e+009
1.03623e+010
1.10609e+010
1.17571e+010
1.24448e+010
1.31195e+010
1.3777e+010
1.44187e+010
1.50454e+010
1.56614e+010
1.62684e+010
1.68631e+010
1.7445e+010
1.80115e+010
1.85635e+010
1.91503e+010
1.97242e+010
2.02927e+010
2.08616e+010
2.14264e+010
2.19803e+010
2.25175e+010
2.30324e+010
2.35204e+010
2.39765e+010
2.43967e+010
2.47775e+010
2.51154e+010
2.54062e+010
2.56444e+010
2.58196e+010
2.59165e+010
2.59285e+010
2.58492e+010
2.56762e+010
2.54166e+010
2.50852e+010
2.46965e+010
2.42636e+010
2.3797e+010
2.33051e+010
2.28005e+010
2.2265e+010
2.17041e+010
2.11511e+010
2.05753e+010
1.99833e+010
1.93815e+010
1.87735e+010
1.81613e+010
1.75459e+010
1.69276e+010
1.63052e+010
1.56815e+010
1.50628e+010
1.44473e+010
1.38325e+010
1.3218e+010
1.26061e+010
1.19999e+010
1.14027e+010
1.08184e+010
1.02502e+010
9.70137e+009
9.17469e+009
8.67238e+009
8.19632e+009
7.74812e+009
7.32885e+009
6.94074e+009
6.58389e+009
6.25834e+009
5.96595e+009
5.71044e+009
5.50064e+009
5.36846e+009
5.44941e+009
6.20771e+009
8.47985e+009
1.27716e+010
1.79703e+010
1.97506e+010
1.99684e+010
2.02882e+010
2.07441e+010
2.12875e+010
2.19399e+010
2.27306e+010
2.36759e+010
2.47764e+010
2.602e+010
2.73872e+010
2.88518e+010
3.03801e+010
3.19327e+010
3.34719e+010
3.49623e+010
3.63657e+010
3.76455e+010
3.87817e+010
3.97766e+010
4.06481e+010
4.1427e+010
4.21607e+010
4.2908e+010
4.3717e+010
4.46098e+010
4.55842e+010
4.66317e+010
4.77509e+010
4.89335e+010
5.0079e+010
5.11454e+010
5.20994e+010
5.28705e+010
5.33672e+010
5.34896e+010
5.31407e+010
5.22746e+010
5.07913e+010
4.87271e+010
4.62158e+010
4.34078e+010
4.0447e+010
3.74435e+010
3.44869e+010
3.16521e+010
2.89779e+010
2.64913e+010
2.42071e+010
2.21308e+010
2.02616e+010
1.85938e+010
1.71186e+010
1.58242e+010
1.46962e+010
1.37188e+010
1.2876e+010
1.21454e+010
1.15098e+010
1.09629e+010
1.05247e+010
1.02835e+010
1.02639e+010
1.02379e+010
1.00291e+010
9.71322e+009
9.472e+009
9.39435e+009
9.48855e+009
9.71895e+009
1.00547e+010
1.04689e+010
1.09385e+010
1.14499e+010
1.19924e+010
1.25447e+010
1.31024e+010
1.3672e+010
1.42437e+010
1.48164e+010
1.53877e+010
1.59555e+010
1.6518e+010
1.70722e+010
1.7613e+010
1.81377e+010
1.86477e+010
1.91379e+010
1.95928e+010
1.99943e+010
2.03572e+010
2.07324e+010
2.10831e+010
2.13883e+010
2.1638e+010
2.18272e+010
2.19531e+010
2.20154e+010
2.20137e+010
2.19149e+010
2.16497e+010
2.13479e+010
2.09009e+010
2.03275e+010
1.96605e+010
1.894e+010
1.81959e+010
1.74895e+010
1.69757e+010
1.73525e+010
2.06159e+010
7.73811e+009
5.99028e+009
6.00837e+009
6.33193e+009
6.77135e+009
7.28005e+009
7.845e+009
8.45395e+009
9.09713e+009
9.76493e+009
1.04488e+010
1.11398e+010
1.18318e+010
1.25216e+010
1.32047e+010
1.38775e+010
1.45402e+010
1.51951e+010
1.5844e+010
1.64821e+010
1.71049e+010
1.77063e+010
1.8286e+010
1.88694e+010
1.94437e+010
2.0006e+010
2.05591e+010
2.11033e+010
2.16375e+010
2.21603e+010
2.26704e+010
2.31665e+010
2.36459e+010
2.41051e+010
2.4539e+010
2.49403e+010
2.52995e+010
2.56055e+010
2.58405e+010
2.59643e+010
2.59672e+010
2.58475e+010
2.56107e+010
2.52736e+010
2.48618e+010
2.44018e+010
2.39155e+010
2.34189e+010
2.29224e+010
2.24302e+010
2.19396e+010
2.14487e+010
2.09555e+010
2.04541e+010
1.99422e+010
1.94197e+010
1.88868e+010
1.83441e+010
1.77913e+010
1.7228e+010
1.66537e+010
1.60699e+010
1.54827e+010
1.48941e+010
1.4302e+010
1.37064e+010
1.31097e+010
1.25151e+010
1.19261e+010
1.13466e+010
1.07801e+010
1.02299e+010
9.69912e+009
9.19015e+009
8.70506e+009
8.24577e+009
7.81392e+009
7.4112e+009
7.0381e+009
6.6953e+009
6.38468e+009
6.1091e+009
5.87382e+009
5.69282e+009
5.6211e+009
5.89796e+009
7.24574e+009
1.06177e+010
1.62311e+010
2.01326e+010
2.07748e+010
2.10601e+010
2.14611e+010
2.19228e+010
2.24564e+010
2.30952e+010
2.38625e+010
2.47637e+010
2.57894e+010
2.69215e+010
2.81356e+010
2.94027e+010
3.06928e+010
3.19787e+010
3.32377e+010
3.44465e+010
3.55826e+010
3.66365e+010
3.76133e+010
3.85223e+010
3.93791e+010
4.02132e+010
4.10634e+010
4.19623e+010
4.29288e+010
4.39707e+010
4.50843e+010
4.62474e+010
4.74117e+010
4.84975e+010
4.94405e+010
5.01775e+010
5.06353e+010
5.07377e+010
5.04146e+010
4.96113e+010
4.83005e+010
4.64863e+010
4.42505e+010
4.17105e+010
3.89887e+010
3.61936e+010
3.34109e+010
3.07112e+010
2.81461e+010
2.57462e+010
2.3531e+010
2.15102e+010
1.96864e+010
1.80573e+010
1.66159e+010
1.53521e+010
1.42527e+010
1.33032e+010
1.24876e+010
1.17862e+010
1.1175e+010
1.06451e+010
1.0211e+010
9.91583e+009
9.81088e+009
9.82586e+009
9.78947e+009
9.63506e+009
9.4471e+009
9.33782e+009
9.36324e+009
9.52899e+009
9.81696e+009
1.02055e+010
1.06613e+010
1.11694e+010
1.17174e+010
1.22917e+010
1.2876e+010
1.34677e+010
1.40659e+010
1.46662e+010
1.52673e+010
1.58672e+010
1.6464e+010
1.7056e+010
1.76412e+010
1.82159e+010
1.87767e+010
1.93213e+010
1.98463e+010
2.03415e+010
2.0784e+010
2.11661e+010
2.15111e+010
2.18256e+010
2.2101e+010
2.23274e+010
2.25033e+010
2.26327e+010
2.2715e+010
2.27433e+010
2.27261e+010
2.25476e+010
2.23192e+010
2.19447e+010
2.14349e+010
2.08105e+010
2.01087e+010
1.93485e+010
1.8569e+010
1.77932e+010
1.71809e+010
1.6529e+010
7.64581e+009
5.93293e+009
5.82665e+009
6.05387e+009
6.42004e+009
6.8659e+009
7.37409e+009
7.93223e+009
8.53065e+009
9.161e+009
9.81699e+009
1.04911e+010
1.1176e+010
1.18671e+010
1.25603e+010
1.32508e+010
1.3936e+010
1.4616e+010
1.52915e+010
1.59584e+010
1.66104e+010
1.72395e+010
1.78395e+010
1.84202e+010
1.89824e+010
1.95248e+010
2.00487e+010
2.0556e+010
2.10495e+010
2.15316e+010
2.20052e+010
2.24721e+010
2.29323e+010
2.33826e+010
2.38167e+010
2.42244e+010
2.45921e+010
2.49035e+010
2.51369e+010
2.52431e+010
2.52085e+010
2.5038e+010
2.47471e+010
2.43622e+010
2.39169e+010
2.3443e+010
2.29655e+010
2.2501e+010
2.20577e+010
2.16365e+010
2.12333e+010
2.08411e+010
2.04518e+010
2.00576e+010
1.96529e+010
1.92342e+010
1.87992e+010
1.83466e+010
1.78752e+010
1.73839e+010
1.68723e+010
1.63435e+010
1.58025e+010
1.52517e+010
1.46909e+010
1.41215e+010
1.35466e+010
1.29697e+010
1.23948e+010
1.1826e+010
1.12672e+010
1.07217e+010
1.01929e+010
9.68342e+009
9.19553e+009
8.73136e+009
8.29261e+009
7.8807e+009
7.49679e+009
7.14186e+009
6.81773e+009
6.52709e+009
6.27407e+009
6.06631e+009
5.92582e+009
5.94848e+009
6.54602e+009
8.75144e+009
1.34819e+010
1.9525e+010
2.14644e+010
2.18752e+010
2.22584e+010
2.26573e+010
2.30766e+010
2.35526e+010
2.41162e+010
2.47827e+010
2.55516e+010
2.64106e+010
2.73401e+010
2.83174e+010
2.93219e+010
3.03359e+010
3.13437e+010
3.2333e+010
3.32947e+010
3.42273e+010
3.51373e+010
3.60324e+010
3.69228e+010
3.78251e+010
3.87587e+010
3.97361e+010
4.07578e+010
4.18165e+010
4.28946e+010
4.3957e+010
4.49475e+010
4.58084e+010
4.64753e+010
4.68829e+010
4.69687e+010
4.66786e+010
4.5974e+010
4.48383e+010
4.3281e+010
4.13507e+010
3.91305e+010
3.67167e+010
3.42034e+010
3.16719e+010
2.91887e+010
2.68067e+010
2.45628e+010
2.24797e+010
2.05719e+010
1.88467e+010
1.73053e+010
1.5943e+010
1.47508e+010
1.37164e+010
1.28252e+010
1.20601e+010
1.14014e+010
1.08297e+010
1.03341e+010
9.92509e+009
9.63251e+009
9.48916e+009
9.49335e+009
9.55226e+009
9.55618e+009
9.48354e+009
9.3991e+009
9.37928e+009
9.47979e+009
9.71456e+009
1.00536e+010
1.04784e+010
1.09674e+010
1.15071e+010
1.20856e+010
1.26878e+010
1.32986e+010
1.39151e+010
1.45347e+010
1.51548e+010
1.57739e+010
1.63909e+010
1.70043e+010
1.76121e+010
1.82115e+010
1.87995e+010
1.93723e+010
1.99254e+010
2.0454e+010
2.0949e+010
2.13893e+010
2.1758e+010
2.20612e+010
2.23153e+010
2.25314e+010
2.27127e+010
2.28636e+010
2.29937e+010
2.31063e+010
2.3189e+010
2.32232e+010
2.31818e+010
2.30396e+010
2.27614e+010
2.23419e+010
2.1786e+010
2.1127e+010
2.038e+010
1.95862e+010
1.87318e+010
1.79118e+010
1.69979e+010
7.6405e+009
5.96221e+009
5.74382e+009
5.86337e+009
6.14267e+009
6.513e+009
6.95256e+009
7.44885e+009
7.99227e+009
8.57477e+009
9.19021e+009
9.83251e+009
1.0495e+010
1.1172e+010
1.18588e+010
1.25505e+010
1.32425e+010
1.39321e+010
1.4618e+010
1.52967e+010
1.5962e+010
1.66051e+010
1.72172e+010
1.77956e+010
1.83403e+010
1.88515e+010
1.93308e+010
1.97809e+010
2.02055e+010
2.06086e+010
2.09948e+010
2.13679e+010
2.17294e+010
2.20773e+010
2.24068e+010
2.27085e+010
2.29696e+010
2.31743e+010
2.3305e+010
2.33377e+010
2.32608e+010
2.30794e+010
2.28089e+010
2.24741e+010
2.21041e+010
2.17262e+010
2.13618e+010
2.10241e+010
2.07179e+010
2.04413e+010
2.01866e+010
1.9944e+010
1.9703e+010
1.94539e+010
1.91886e+010
1.8901e+010
1.85867e+010
1.82431e+010
1.78682e+010
1.74609e+010
1.70225e+010
1.65571e+010
1.60697e+010
1.55627e+010
1.5038e+010
1.44987e+010
1.39489e+010
1.33929e+010
1.28352e+010
1.22804e+010
1.17324e+010
1.11952e+010
1.06722e+010
1.01662e+010
9.67964e+009
9.21479e+009
8.77335e+009
8.35684e+009
7.9665e+009
7.60357e+009
7.26998e+009
6.96836e+009
6.70244e+009
6.47778e+009
6.30382e+009
6.21571e+009
6.37495e+009
7.45556e+009
1.07946e+010
1.71861e+010
2.16653e+010
2.26546e+010
2.3125e+010
2.35153e+010
2.38528e+010
2.41825e+010
2.45449e+010
2.49649e+010
2.54534e+010
2.60084e+010
2.66194e+010
2.72717e+010
2.79526e+010
2.86525e+010
2.9362e+010
3.00752e+010
3.07935e+010
3.15226e+010
3.22693e+010
3.30394e+010
3.38393e+010
3.46773e+010
3.55603e+010
3.64878e+010
3.74474e+010
3.84177e+010
3.93707e+010
4.02681e+010
4.10593e+010
4.16795e+010
4.20733e+010
4.2189e+010
4.19839e+010
4.143e+010
4.05131e+010
3.92419e+010
3.76465e+010
3.57848e+010
3.37297e+010
3.15576e+010
2.93401e+010
2.71397e+010
2.50073e+010
2.29828e+010
2.10938e+010
1.93588e+010
1.77881e+010
1.63851e+010
1.51468e+010
1.40651e+010
1.31278e+010
1.23203e+010
1.16266e+010
1.10298e+010
1.05158e+010
1.00782e+010
9.72439e+009
9.47291e+009
9.34403e+009
9.34635e+009
9.44594e+009
9.55984e+009
9.61737e+009
9.6124e+009
9.5985e+009
9.64804e+009
9.8212e+009
1.01028e+010
1.04742e+010
1.09219e+010
1.14304e+010
1.19881e+010
1.25843e+010
1.32038e+010
1.38315e+010
1.44619e+010
1.50919e+010
1.57191e+010
1.63417e+010
1.69588e+010
1.75692e+010
1.81705e+010
1.87603e+010
1.93353e+010
1.98911e+010
2.04226e+010
2.09242e+010
2.1386e+010
2.17883e+010
2.21114e+010
2.23489e+010
2.25216e+010
2.26602e+010
2.27887e+010
2.29231e+010
2.30741e+010
2.32406e+010
2.34071e+010
2.35481e+010
2.36267e+010
2.36024e+010
2.34374e+010
2.31224e+010
2.26537e+010
2.20622e+010
2.13588e+010
2.05885e+010
1.97327e+010
1.88843e+010
1.79505e+010
7.75168e+009
6.09082e+009
5.78314e+009
5.79477e+009
5.97779e+009
6.26199e+009
6.62198e+009
7.04449e+009
7.52016e+009
8.04106e+009
8.60082e+009
9.19409e+009
9.815e+009
1.04578e+010
1.11174e+010
1.17885e+010
1.2466e+010
1.3145e+010
1.38221e+010
1.44928e+010
1.51512e+010
1.57893e+010
1.63978e+010
1.6969e+010
1.74972e+010
1.79793e+010
1.84149e+010
1.88057e+010
1.91548e+010
1.94661e+010
1.97446e+010
1.99943e+010
2.02184e+010
2.0417e+010
2.05878e+010
2.07257e+010
2.08232e+010
2.08708e+010
2.08599e+010
2.07954e+010
2.06763e+010
2.05072e+010
2.02995e+010
2.00689e+010
1.9834e+010
1.96124e+010
1.94175e+010
1.92571e+010
1.91329e+010
1.90408e+010
1.89719e+010
1.89141e+010
1.88543e+010
1.87798e+010
1.86794e+010
1.85442e+010
1.83677e+010
1.81454e+010
1.78757e+010
1.75587e+010
1.71979e+010
1.67982e+010
1.63642e+010
1.59001e+010
1.54104e+010
1.48998e+010
1.43735e+010
1.38369e+010
1.32952e+010
1.27534e+010
1.2216e+010
1.16871e+010
1.11704e+010
1.06688e+010
1.0185e+010
9.72113e+009
9.27897e+009
8.86004e+009
8.46577e+009
8.09758e+009
7.75741e+009
7.44789e+009
7.17241e+009
6.93569e+009
6.74246e+009
6.60434e+009
6.57634e+009
6.91322e+009
8.67693e+009
1.34675e+010
2.05737e+010
2.3195e+010
2.40057e+010
2.44972e+010
2.483e+010
2.5064e+010
2.52604e+010
2.54551e+010
2.56692e+010
2.59121e+010
2.61844e+010
2.64816e+010
2.67984e+010
2.7132e+010
2.74819e+010
2.78496e+010
2.82416e+010
2.86673e+010
2.91349e+010
2.96508e+010
3.02224e+010
3.08547e+010
3.15466e+010
3.229e+010
3.30712e+010
3.38628e+010
3.46329e+010
3.5343e+010
3.59485e+010
3.63731e+010
3.65703e+010
3.65036e+010
3.61484e+010
3.54891e+010
3.45268e+010
3.32848e+010
3.18065e+010
3.0145e+010
2.83602e+010
2.65119e+010
2.46557e+010
2.28396e+010
2.11025e+010
1.9474e+010
1.79742e+010
1.6615e+010
1.54011e+010
1.43305e+010
1.33964e+010
1.25879e+010
1.18925e+010
1.12971e+010
1.07893e+010
1.03599e+010
1.0006e+010
9.73233e+009
9.54992e+009
9.47037e+009
9.49918e+009
9.62491e+009
9.80048e+009
9.95807e+009
1.00483e+010
1.00771e+010
1.01046e+010
1.02175e+010
1.04343e+010
1.07393e+010
1.11234e+010
1.15761e+010
1.20855e+010
1.26423e+010
1.32371e+010
1.38557e+010
1.44835e+010
1.5112e+010
1.57364e+010
1.63528e+010
1.69594e+010
1.75548e+010
1.81375e+010
1.87055e+010
1.92574e+010
1.97894e+010
2.02945e+010
2.0766e+010
2.11978e+010
2.15779e+010
2.18883e+010
2.21101e+010
2.22406e+010
2.2315e+010
2.2381e+010
2.24789e+010
2.26345e+010
2.28578e+010
2.314e+010
2.34519e+010
2.37515e+010
2.39867e+010
2.41104e+010
2.40774e+010
2.38774e+010
2.35057e+010
2.29937e+010
2.23502e+010
2.16204e+010
2.07873e+010
1.99495e+010
1.90247e+010
8.02139e+009
6.3445e+009
5.98356e+009
5.90114e+009
5.98445e+009
6.17026e+009
6.43443e+009
6.76482e+009
7.15305e+009
7.59188e+009
8.07515e+009
8.5976e+009
9.15397e+009
9.73885e+009
1.03469e+010
1.09728e+010
1.16111e+010
1.22562e+010
1.29028e+010
1.35455e+010
1.41778e+010
1.47925e+010
1.53806e+010
1.59338e+010
1.6444e+010
1.69048e+010
1.73116e+010
1.76635e+010
1.79608e+010
1.82064e+010
1.84039e+010
1.85584e+010
1.86749e+010
1.87565e+010
1.88049e+010
1.882e+010
1.88006e+010
1.87451e+010
1.86522e+010
1.85359e+010
1.84027e+010
1.82589e+010
1.81136e+010
1.79782e+010
1.78658e+010
1.77885e+010
1.77536e+010
1.77641e+010
1.78174e+010
1.79056e+010
1.80172e+010
1.8138e+010
1.82521e+010
1.83442e+010
1.84003e+010
1.84085e+010
1.836e+010
1.82491e+010
1.80748e+010
1.78393e+010
1.7546e+010
1.72005e+010
1.68089e+010
1.63776e+010
1.59131e+010
1.54221e+010
1.49109e+010
1.4386e+010
1.38533e+010
1.33183e+010
1.27861e+010
1.22609e+010
1.17467e+010
1.12465e+010
1.0763e+010
1.02984e+010
9.85441e+009
9.43266e+009
9.03458e+009
8.66173e+009
8.31607e+009
8.0001e+009
7.71654e+009
7.46888e+009
7.26001e+009
7.09077e+009
6.98227e+009
6.99713e+009
7.56167e+009
1.02837e+010
1.70718e+010
2.29484e+010
2.47411e+010
2.55083e+010
2.59687e+010
2.62128e+010
2.6327e+010
2.63696e+010
2.63718e+010
2.63496e+010
2.63114e+010
2.62629e+010
2.62082e+010
2.61515e+010
2.60986e+010
2.60581e+010
2.60421e+010
2.60646e+010
2.61388e+010
2.62775e+010
2.64917e+010
2.67874e+010
2.7165e+010
2.7615e+010
2.81218e+010
2.8663e+010
2.92079e+010
2.97218e+010
3.01662e+010
3.04542e+010
3.05436e+010
3.0407e+010
3.00268e+010
2.93973e+010
2.85351e+010
2.74678e+010
2.62345e+010
2.48802e+010
2.3452e+010
2.19967e+010
2.05567e+010
1.91678e+010
1.78582e+010
1.6648e+010
1.55494e+010
1.45677e+010
1.37024e+010
1.29487e+010
1.22986e+010
1.17427e+010
1.12713e+010
1.08768e+010
1.05542e+010
1.03027e+010
1.01249e+010
1.00256e+010
1.00093e+010
1.00771e+010
1.02225e+010
1.04219e+010
1.06279e+010
1.07854e+010
1.08655e+010
1.08984e+010
1.09679e+010
1.11219e+010
1.13539e+010
1.16614e+010
1.2039e+010
1.24773e+010
1.2967e+010
1.35001e+010
1.40684e+010
1.46599e+010
1.52613e+010
1.5862e+010
1.64539e+010
1.70321e+010
1.75937e+010
1.81359e+010
1.86565e+010
1.91536e+010
1.96233e+010
2.00606e+010
2.04569e+010
2.08038e+010
2.10966e+010
2.13272e+010
2.14851e+010
2.15695e+010
2.16072e+010
2.16424e+010
2.1725e+010
2.18945e+010
2.21719e+010
2.25564e+010
2.30253e+010
2.35361e+010
2.40342e+010
2.44545e+010
2.47427e+010
2.48509e+010
2.47703e+010
2.44993e+010
2.40668e+010
2.34816e+010
2.27923e+010
2.19851e+010
2.1164e+010
2.02405e+010
8.52729e+009
6.77922e+009
6.3755e+009
6.21537e+009
6.20768e+009
6.29458e+009
6.45394e+009
6.67727e+009
6.95955e+009
7.29621e+009
7.68248e+009
8.11354e+009
8.58445e+009
9.08995e+009
9.62467e+009
1.01831e+010
1.07595e+010
1.1348e+010
1.19427e+010
1.25373e+010
1.31253e+010
1.36993e+010
1.42515e+010
1.47734e+010
1.52578e+010
1.56971e+010
1.60851e+010
1.64184e+010
1.6695e+010
1.69159e+010
1.70825e+010
1.71986e+010
1.72692e+010
1.72992e+010
1.72931e+010
1.72549e+010
1.71875e+010
1.70944e+010
1.69793e+010
1.68649e+010
1.6766e+010
1.66914e+010
1.66529e+010
1.66598e+010
1.67194e+010
1.68347e+010
1.70062e+010
1.72285e+010
1.74912e+010
1.77792e+010
1.80747e+010
1.83595e+010
1.86155e+010
1.88265e+010
1.89793e+010
1.90641e+010
1.90754e+010
1.90116e+010
1.88735e+010
1.86645e+010
1.83896e+010
1.80552e+010
1.76689e+010
1.72383e+010
1.6771e+010
1.62747e+010
1.57567e+010
1.52239e+010
1.46827e+010
1.41391e+010
1.35981e+010
1.30642e+010
1.25413e+010
1.20326e+010
1.15408e+010
1.10681e+010
1.06162e+010
1.01869e+010
9.78143e+009
9.40132e+009
9.04826e+009
8.7241e+009
8.43042e+009
8.16855e+009
7.93931e+009
7.73928e+009
7.57268e+009
7.45952e+009
7.47114e+009
8.37269e+009
1.22509e+010
2.07312e+010
2.50954e+010
2.64459e+010
2.72072e+010
2.76437e+010
2.78389e+010
2.78823e+010
2.78164e+010
2.76635e+010
2.74366e+010
2.71453e+010
2.67974e+010
2.64008e+010
2.59651e+010
2.5504e+010
2.5035e+010
2.45789e+010
2.4159e+010
2.37989e+010
2.35216e+010
2.33473e+010
2.32885e+010
2.3346e+010
2.3508e+010
2.37578e+010
2.40679e+010
2.44037e+010
2.47279e+010
2.49463e+010
2.50167e+010
2.4915e+010
2.46269e+010
2.41558e+010
2.3515e+010
2.2726e+010
2.18198e+010
2.08321e+010
1.97984e+010
1.87528e+010
1.77261e+010
1.67435e+010
1.58245e+010
1.49825e+010
1.42257e+010
1.35575e+010
1.29776e+010
1.24834e+010
1.20702e+010
1.17325e+010
1.14649e+010
1.12632e+010
1.11257e+010
1.10515e+010
1.10394e+010
1.10857e+010
1.11849e+010
1.13315e+010
1.1518e+010
1.17286e+010
1.1928e+010
1.20681e+010
1.21374e+010
1.21952e+010
1.23202e+010
1.24899e+010
1.27189e+010
1.30175e+010
1.3375e+010
1.37797e+010
1.42233e+010
1.46994e+010
1.52024e+010
1.57246e+010
1.62564e+010
1.67871e+010
1.73069e+010
1.78088e+010
1.8287e+010
1.87363e+010
1.91537e+010
1.95358e+010
1.9876e+010
2.01684e+010
2.04091e+010
2.05939e+010
2.07235e+010
2.08013e+010
2.08332e+010
2.08604e+010
2.09453e+010
2.11255e+010
2.14318e+010
2.18772e+010
2.24546e+010
2.31349e+010
2.38702e+010
2.46012e+010
2.52663e+010
2.58029e+010
2.61683e+010
2.63335e+010
2.62961e+010
2.6058e+010
2.56463e+010
2.50734e+010
2.43874e+010
2.35795e+010
2.27552e+010
2.18145e+010
8.87692e+009
7.34984e+009
6.92283e+009
6.72855e+009
6.68042e+009
6.72059e+009
6.82282e+009
6.97868e+009
7.18538e+009
7.4412e+009
7.74436e+009
8.0926e+009
8.48292e+009
8.91156e+009
9.3741e+009
9.86558e+009
1.03807e+010
1.09137e+010
1.1459e+010
1.20103e+010
1.25613e+010
1.31053e+010
1.36353e+010
1.4144e+010
1.46255e+010
1.50732e+010
1.54823e+010
1.58497e+010
1.6174e+010
1.64564e+010
1.66958e+010
1.68809e+010
1.70157e+010
1.71053e+010
1.71549e+010
1.71695e+010
1.71547e+010
1.71161e+010
1.70598e+010
1.707e+010
1.71621e+010
1.73335e+010
1.75902e+010
1.79193e+010
1.83033e+010
1.87307e+010
1.91852e+010
1.96476e+010
2.0098e+010
2.05171e+010
2.08875e+010
2.11948e+010
2.14278e+010
2.15787e+010
2.16439e+010
2.1623e+010
2.15187e+010
2.13354e+010
2.10788e+010
2.07558e+010
2.03744e+010
1.99426e+010
1.94683e+010
1.89591e+010
1.84222e+010
1.78645e+010
1.72924e+010
1.67119e+010
1.61284e+010
1.55469e+010
1.49719e+010
1.44073e+010
1.38564e+010
1.33221e+010
1.28068e+010
1.23124e+010
1.18404e+010
1.1392e+010
1.0968e+010
1.05691e+010
1.01954e+010
9.8468e+009
9.52249e+009
9.22068e+009
8.93902e+009
8.67265e+009
8.41681e+009
8.17732e+009
7.95538e+009
7.91492e+009
9.06544e+009
1.49767e+010
2.40314e+010
2.67172e+010
2.79049e+010
2.87492e+010
2.92618e+010
2.95518e+010
2.9677e+010
2.96667e+010
2.95351e+010
2.92898e+010
2.89353e+010
2.84764e+010
2.79202e+010
2.72778e+010
2.65645e+010
2.58014e+010
2.50124e+010
2.42249e+010
2.347e+010
2.27794e+010
2.21813e+010
2.16969e+010
2.13405e+010
2.11206e+010
2.10401e+010
2.10883e+010
2.12483e+010
2.14012e+010
2.14699e+010
2.14282e+010
2.12701e+010
2.09919e+010
2.05976e+010
2.01002e+010
1.95201e+010
1.88826e+010
1.82136e+010
1.75373e+010
1.68761e+010
1.62487e+010
1.56696e+010
1.51486e+010
1.46912e+010
1.43003e+010
1.3976e+010
1.3716e+010
1.35167e+010
1.33731e+010
1.32799e+010
1.32323e+010
1.32267e+010
1.326e+010
1.33288e+010
1.34275e+010
1.35499e+010
1.36945e+010
1.38658e+010
1.40629e+010
1.42612e+010
1.4414e+010
1.45216e+010
1.469e+010
1.49051e+010
1.50975e+010
1.53454e+010
1.5665e+010
1.60375e+010
1.64435e+010
1.68719e+010
1.73175e+010
1.77776e+010
1.82487e+010
1.87264e+010
1.92038e+010
1.96739e+010
2.01299e+010
2.05656e+010
2.09776e+010
2.13633e+010
2.17195e+010
2.20279e+010
2.22721e+010
2.24569e+010
2.25877e+010
2.26719e+010
2.27236e+010
2.27683e+010
2.29484e+010
2.33613e+010
2.39796e+010
2.47631e+010
2.56541e+010
2.65943e+010
2.75211e+010
2.83729e+010
2.90949e+010
2.96444e+010
2.99921e+010
3.01256e+010
3.00459e+010
2.97661e+010
2.93054e+010
2.86905e+010
2.79461e+010
2.71037e+010
2.61753e+010
2.52253e+010
2.41879e+010
1.06065e+010
1.09095e+010
1.12473e+010
1.16503e+010
1.20695e+010
1.25216e+010
1.3019e+010
1.357e+010
1.41822e+010
1.48618e+010
1.56136e+010
1.64401e+010
1.73418e+010
1.83173e+010
1.93635e+010
2.04757e+010
2.16479e+010
2.28726e+010
2.41412e+010
2.54438e+010
2.67692e+010
2.81053e+010
2.94387e+010
3.07555e+010
3.20406e+010
3.32806e+010
3.44626e+010
3.55745e+010
3.66069e+010
3.75528e+010
3.83996e+010
3.91019e+010
3.96521e+010
4.00482e+010
4.02903e+010
4.03826e+010
4.03282e+010
4.01297e+010
3.98019e+010
3.94422e+010
3.90625e+010
3.86595e+010
3.82322e+010
3.77806e+010
3.73046e+010
3.68043e+010
3.628e+010
3.57324e+010
3.51623e+010
3.45703e+010
3.39574e+010
3.33246e+010
3.26729e+010
3.20036e+010
3.13179e+010
3.06172e+010
2.99031e+010
2.91771e+010
2.84412e+010
2.76973e+010
2.69476e+010
2.61942e+010
2.54393e+010
2.46854e+010
2.39345e+010
2.31889e+010
2.24507e+010
2.17219e+010
2.10041e+010
2.02989e+010
1.96075e+010
1.8931e+010
1.82699e+010
1.76245e+010
1.69948e+010
1.63804e+010
1.57805e+010
1.5194e+010
1.46197e+010
1.40559e+010
1.35005e+010
1.29514e+010
1.24059e+010
1.18612e+010
1.13138e+010
1.07599e+010
1.01951e+010
9.61511e+009
9.02337e+009
8.49292e+009
8.55561e+009
1.13567e+010
1.93514e+010
2.35924e+010
2.59019e+010
2.75114e+010
2.87461e+010
2.97436e+010
3.05745e+010
3.12804e+010
3.18879e+010
3.24154e+010
3.2876e+010
3.32795e+010
3.36336e+010
3.39444e+010
3.4217e+010
3.44557e+010
3.46642e+010
3.48458e+010
3.50034e+010
3.51395e+010
3.52561e+010
3.53546e+010
3.54359e+010
3.55028e+010
3.55606e+010
3.5612e+010
3.56604e+010
3.56583e+010
3.55819e+010
3.54342e+010
3.52277e+010
3.49723e+010
3.468e+010
3.43651e+010
3.40414e+010
3.37209e+010
3.34133e+010
3.31261e+010
3.28641e+010
3.26299e+010
3.24247e+010
3.2249e+010
3.21027e+010
3.19863e+010
3.19005e+010
3.18462e+010
3.18245e+010
3.18365e+010
3.18835e+010
3.19666e+010
3.20867e+010
3.22438e+010
3.24372e+010
3.26668e+010
3.29337e+010
3.3238e+010
3.35743e+010
3.39293e+010
3.42917e+010
3.47156e+010
3.53091e+010
3.6406e+010
3.77682e+010
3.9002e+010
4.01592e+010
4.12269e+010
4.22761e+010
4.3345e+010
4.44442e+010
4.55728e+010
4.67251e+010
4.78928e+010
4.90659e+010
5.02325e+010
5.13783e+010
5.24876e+010
5.35435e+010
5.45272e+010
5.54223e+010
5.62098e+010
5.68315e+010
5.72447e+010
5.74395e+010
5.74071e+010
5.71402e+010
5.6639e+010
5.59273e+010
5.51416e+010
5.43449e+010
5.35201e+010
5.26563e+010
5.17472e+010
5.07895e+010
4.97813e+010
4.87218e+010
4.76113e+010
4.64509e+010
4.5243e+010
4.39906e+010
4.26981e+010
4.13711e+010
4.00165e+010
3.86418e+010
3.72553e+010
3.58655e+010
3.44804e+010
3.31105e+010
3.1775e+010
)
;

boundaryField
{
    walls
    {
        Cmu             0.09;
        kappa           0.41;
        E               9.8;
        beta1           0.075;
        blended         false;
        type            omegaWallFunction;
        value           nonuniform List<scalar> 
400
(
9.0549e+009
1.11431e+010
1.27597e+010
1.41303e+010
1.53692e+010
1.65209e+010
1.76073e+010
1.86389e+010
1.96207e+010
2.05542e+010
2.1439e+010
2.2274e+010
2.30573e+010
2.37875e+010
2.44633e+010
2.50843e+010
2.56504e+010
2.61626e+010
2.66221e+010
2.70307e+010
2.73908e+010
2.77047e+010
2.79752e+010
2.82049e+010
2.83968e+010
2.85538e+010
2.8677e+010
2.87686e+010
2.88323e+010
2.88704e+010
2.88847e+010
2.88775e+010
2.88504e+010
2.8805e+010
2.87429e+010
2.86661e+010
2.85767e+010
2.84775e+010
2.83723e+010
2.81984e+010
2.79558e+010
2.76483e+010
2.72821e+010
2.68643e+010
2.64046e+010
2.5914e+010
2.54171e+010
2.49205e+010
2.4431e+010
2.39559e+010
2.35013e+010
2.30729e+010
2.26756e+010
2.23125e+010
2.19858e+010
2.16964e+010
2.14441e+010
2.12285e+010
2.10486e+010
2.09035e+010
2.07927e+010
2.07161e+010
2.06738e+010
2.06665e+010
2.06951e+010
2.07605e+010
2.08646e+010
2.101e+010
2.11966e+010
2.1424e+010
2.16917e+010
2.19989e+010
2.2345e+010
2.27296e+010
2.31521e+010
2.36122e+010
2.41097e+010
2.46435e+010
2.52119e+010
2.5813e+010
2.64435e+010
2.70972e+010
2.77629e+010
2.84203e+010
2.90377e+010
2.95775e+010
3.00876e+010
3.06587e+010
3.14391e+010
3.2429e+010
3.31441e+010
3.37958e+010
3.4371e+010
3.4925e+010
3.55114e+010
3.61623e+010
3.69041e+010
3.77646e+010
3.87756e+010
3.99739e+010
4.14012e+010
4.31016e+010
4.51182e+010
4.74851e+010
5.02183e+010
5.33032e+010
5.66848e+010
6.0264e+010
6.39033e+010
6.74331e+010
7.0689e+010
7.35291e+010
7.58076e+010
7.74393e+010
7.83822e+010
7.85391e+010
7.80263e+010
7.7043e+010
7.60256e+010
7.49813e+010
7.39029e+010
7.27636e+010
7.15505e+010
7.02699e+010
6.89214e+010
6.75032e+010
6.60143e+010
6.44553e+010
6.28289e+010
6.11394e+010
5.93868e+010
5.75734e+010
5.57066e+010
5.37987e+010
5.18628e+010
4.99126e+010
4.79605e+010
4.60181e+010
4.4095e+010
4.21988e+010
4.03351e+010
3.85074e+010
3.67172e+010
3.49646e+010
3.3248e+010
3.15647e+010
2.9911e+010
2.82825e+010
2.66736e+010
2.50781e+010
2.34881e+010
2.18932e+010
2.02794e+010
1.8624e+010
1.68823e+010
1.49558e+010
1.26909e+010
1.03852e+010
1.03338e+010
1.12227e+010
1.17257e+010
1.20401e+010
1.22492e+010
1.2391e+010
1.24855e+010
1.25443e+010
1.25748e+010
1.25816e+010
1.2568e+010
1.25359e+010
1.24865e+010
1.24198e+010
1.2335e+010
1.22313e+010
1.21065e+010
1.19546e+010
1.17867e+010
1.16055e+010
1.14099e+010
1.12009e+010
1.0906e+010
1.05129e+010
1.00342e+010
9.48336e+009
8.8562e+009
8.15471e+009
7.38242e+009
6.54768e+009
5.66445e+009
4.75198e+009
3.83634e+009
2.95148e+009
2.13543e+009
1.42606e+009
8.62175e+008
4.60304e+008
2.08727e+008
7.50915e+007
1.38053e+007
94517.6
1.06065e+010
1.09095e+010
1.12473e+010
1.16503e+010
1.20695e+010
1.25216e+010
1.3019e+010
1.357e+010
1.41822e+010
1.48618e+010
1.56136e+010
1.64401e+010
1.73418e+010
1.83173e+010
1.93635e+010
2.04757e+010
2.16479e+010
2.28726e+010
2.41412e+010
2.54438e+010
2.67692e+010
2.81053e+010
2.94387e+010
3.07555e+010
3.20406e+010
3.32806e+010
3.44626e+010
3.55745e+010
3.66069e+010
3.75528e+010
3.83996e+010
3.91019e+010
3.96521e+010
4.00482e+010
4.02903e+010
4.03826e+010
4.03282e+010
4.01297e+010
3.98019e+010
3.94422e+010
3.90625e+010
3.86595e+010
3.82322e+010
3.77806e+010
3.73046e+010
3.68043e+010
3.628e+010
3.57324e+010
3.51623e+010
3.45703e+010
3.39574e+010
3.33246e+010
3.26729e+010
3.20036e+010
3.13179e+010
3.06172e+010
2.99031e+010
2.91771e+010
2.84412e+010
2.76973e+010
2.69476e+010
2.61942e+010
2.54393e+010
2.46854e+010
2.39345e+010
2.31889e+010
2.24507e+010
2.17219e+010
2.10041e+010
2.02989e+010
1.96075e+010
1.8931e+010
1.82699e+010
1.76245e+010
1.69948e+010
1.63804e+010
1.57805e+010
1.5194e+010
1.46197e+010
1.40559e+010
1.35005e+010
1.29514e+010
1.24059e+010
1.18612e+010
1.13138e+010
1.07599e+010
1.01951e+010
9.61511e+009
9.02337e+009
8.49292e+009
8.55561e+009
1.13567e+010
1.93514e+010
2.35924e+010
2.59019e+010
2.75114e+010
2.87461e+010
2.97436e+010
3.05745e+010
3.12804e+010
3.18879e+010
3.24154e+010
3.2876e+010
3.32795e+010
3.36336e+010
3.39444e+010
3.4217e+010
3.44557e+010
3.46642e+010
3.48458e+010
3.50034e+010
3.51395e+010
3.52561e+010
3.53546e+010
3.54359e+010
3.55028e+010
3.55606e+010
3.5612e+010
3.56604e+010
3.56583e+010
3.55819e+010
3.54342e+010
3.52277e+010
3.49723e+010
3.468e+010
3.43651e+010
3.40414e+010
3.37209e+010
3.34133e+010
3.31261e+010
3.28641e+010
3.26299e+010
3.24247e+010
3.2249e+010
3.21027e+010
3.19863e+010
3.19005e+010
3.18462e+010
3.18245e+010
3.18365e+010
3.18835e+010
3.19666e+010
3.20867e+010
3.22438e+010
3.24372e+010
3.26668e+010
3.29337e+010
3.3238e+010
3.35743e+010
3.39293e+010
3.42917e+010
3.47156e+010
3.53091e+010
3.6406e+010
3.77682e+010
3.9002e+010
4.01592e+010
4.12269e+010
4.22761e+010
4.3345e+010
4.44442e+010
4.55728e+010
4.67251e+010
4.78928e+010
4.90659e+010
5.02325e+010
5.13783e+010
5.24876e+010
5.35435e+010
5.45272e+010
5.54223e+010
5.62098e+010
5.68315e+010
5.72447e+010
5.74395e+010
5.74071e+010
5.71402e+010
5.6639e+010
5.59273e+010
5.51416e+010
5.43449e+010
5.35201e+010
5.26563e+010
5.17472e+010
5.07895e+010
4.97813e+010
4.87218e+010
4.76113e+010
4.64509e+010
4.5243e+010
4.39906e+010
4.26981e+010
4.13711e+010
4.00165e+010
3.86418e+010
3.72553e+010
3.58655e+010
3.44804e+010
3.31105e+010
3.1775e+010
)
;
    }
    inlet
    {
        type            fixedValue;
        value           uniform 1;
    }
    outlet
    {
        type            freestream;
        freestreamValue uniform 1;
        value           nonuniform List<scalar> 
20
(
1
1
1
1
1
1
1
1
1
1
1
1
1.6529e+010
1.69979e+010
1.79505e+010
1.90247e+010
2.02405e+010
2.18145e+010
2.41879e+010
3.1775e+010
)
;
    }
    frontAndBack
    {
        type            empty;
    }
}


// ************************************************************************* //
