/*--------------------------------*- C++ -*----------------------------------*\
| =========                 |                                                 |
| \\      /  F ield         | OpenFOAM: The Open Source CFD Toolbox           |
|  \\    /   O peration     | Version:  5.x                                   |
|   \\  /    A nd           | Web:      www.OpenFOAM.org                      |
|    \\/     M anipulation  |                                                 |
\*---------------------------------------------------------------------------*/
/*   Windows 32 and 64 bit porting by blueCAPE: http://www.bluecape.com.pt   *\
|  Based on Windows porting (2.0.x v4) by Symscape: http://www.symscape.com   |
\*---------------------------------------------------------------------------*/
FoamFile
{
    version     2.0;
    format      ascii;
    class       volScalarField;
    location    "1000";
    object      p;
}
// * * * * * * * * * * * * * * * * * * * * * * * * * * * * * * * * * * * * * //

dimensions      [0 2 -2 0 0 0 0];

internalField   nonuniform List<scalar> 
4000
(
4.50639e+015
4.46334e+015
4.35573e+015
4.19255e+015
3.98352e+015
3.72338e+015
3.4069e+015
3.02547e+015
2.56811e+015
2.02127e+015
1.369e+015
5.93182e+014
-3.26155e+014
-1.41029e+015
-2.68116e+015
-4.16059e+015
-5.86951e+015
-7.82641e+015
-1.00467e+016
-1.25421e+016
-1.53156e+016
-1.83615e+016
-2.16625e+016
-2.51878e+016
-2.88953e+016
-3.27316e+016
-3.66321e+016
-4.05252e+016
-4.43342e+016
-4.7979e+016
-5.13812e+016
-5.44714e+016
-5.71897e+016
-5.94875e+016
-6.13253e+016
-6.26636e+016
-6.34786e+016
-6.37901e+016
-6.35801e+016
-6.28641e+016
-6.16617e+016
-6.00114e+016
-5.79511e+016
-5.55332e+016
-5.28215e+016
-4.98858e+016
-4.67909e+016
-4.35977e+016
-4.03648e+016
-3.71438e+016
-3.39828e+016
-3.09234e+016
-2.79974e+016
-2.52289e+016
-2.26343e+016
-2.0223e+016
-1.79988e+016
-1.59615e+016
-1.41066e+016
-1.24267e+016
-1.09128e+016
-9.5558e+015
-8.34523e+015
-7.26878e+015
-6.31308e+015
-5.46671e+015
-4.72155e+015
-4.06933e+015
-3.49835e+015
-2.99392e+015
-2.54358e+015
-2.14254e+015
-1.79029e+015
-1.47774e+015
-1.1788e+015
-8.62006e+014
-5.1716e+014
-1.60673e+014
2.10695e+014
6.75489e+014
1.36193e+015
2.32368e+015
3.45521e+015
4.61304e+015
5.84512e+015
7.33453e+015
8.9239e+015
1.01418e+016
1.08176e+016
1.10451e+016
1.08204e+016
1.01499e+016
9.05026e+015
7.39103e+015
5.12551e+015
2.26756e+015
-1.19305e+015
-5.30119e+015
-1.01357e+016
-1.58119e+016
-2.24861e+016
-3.03604e+016
-3.96861e+016
-5.07651e+016
-6.39413e+016
-7.95847e+016
-9.80677e+016
-1.19691e+017
-1.44623e+017
-1.72848e+017
-2.03834e+017
-2.3673e+017
-2.70499e+017
-3.03123e+017
-3.32621e+017
-3.57605e+017
-3.75053e+017
-3.84509e+017
-3.85439e+017
-3.76509e+017
-3.58202e+017
-3.32231e+017
-3.00686e+017
-2.66019e+017
-2.30657e+017
-1.96669e+017
-1.65556e+017
-1.38131e+017
-1.14616e+017
-9.48606e+016
-7.84775e+016
-6.49834e+016
-5.39039e+016
-4.48153e+016
-3.7349e+016
-3.11912e+016
-2.6081e+016
-2.18073e+016
-1.82019e+016
-1.51313e+016
-1.24903e+016
-1.01966e+016
-8.18616e+015
-6.40976e+015
-4.83091e+015
-3.4221e+015
-2.16384e+015
-1.04288e+015
-4.8346e+013
8.27108e+014
1.58917e+015
2.24619e+015
2.80246e+015
3.26267e+015
3.64449e+015
3.92874e+015
4.06903e+015
4.14369e+015
4.13583e+015
3.86389e+015
3.14787e+015
2.01295e+015
5.10899e+014
-1.30904e+015
-3.39432e+015
-5.69128e+015
-8.14765e+015
-1.07127e+016
-1.33364e+016
-1.59669e+016
-1.85486e+016
-2.10243e+016
-2.33396e+016
-2.5444e+016
-2.72868e+016
-2.88168e+016
-2.99866e+016
-3.07672e+016
-3.11624e+016
-3.11729e+016
-3.08021e+016
-3.00821e+016
-2.90481e+016
-2.77465e+016
-2.62293e+016
-2.45541e+016
-2.27814e+016
-2.09687e+016
-1.91676e+016
-1.74263e+016
-1.57867e+016
-1.42761e+016
-1.29137e+016
-1.17316e+016
-1.07471e+016
-9.83478e+015
-8.89496e+015
-8.78628e+015
-1.03444e+016
-5.70471e+015
4.50303e+015
4.45678e+015
4.35358e+015
4.20141e+015
4.00111e+015
3.75031e+015
3.44423e+015
3.07446e+015
2.63015e+015
2.09753e+015
1.46046e+015
7.00425e+014
-2.02964e+014
-1.27155e+015
-2.52784e+015
-3.99411e+015
-5.6916e+015
-7.6391e+015
-9.85517e+015
-1.23527e+016
-1.51355e+016
-1.81989e+016
-2.15277e+016
-2.50898e+016
-2.88404e+016
-3.27262e+016
-3.66808e+016
-4.06308e+016
-4.44984e+016
-4.82009e+016
-5.1658e+016
-5.48009e+016
-5.75707e+016
-5.99154e+016
-6.17998e+016
-6.31913e+016
-6.40468e+016
-6.43669e+016
-6.41661e+016
-6.34724e+016
-6.22834e+016
-6.06365e+016
-5.85693e+016
-5.61305e+016
-5.33864e+016
-5.04055e+016
-4.72617e+016
-4.40171e+016
-4.07335e+016
-3.74601e+016
-3.4247e+016
-3.11404e+016
-2.81715e+016
-2.53646e+016
-2.27359e+016
-2.02954e+016
-1.80471e+016
-1.59904e+016
-1.412e+016
-1.24281e+016
-1.09054e+016
-9.54237e+015
-8.32789e+015
-7.24818e+015
-6.28948e+015
-5.44097e+015
-4.69456e+015
-4.04214e+015
-3.47174e+015
-2.96851e+015
-2.52086e+015
-2.12505e+015
-1.78023e+015
-1.47717e+015
-1.19334e+015
-9.01097e+014
-5.87225e+014
-2.60953e+014
7.70796e+013
4.80612e+014
1.0475e+015
1.84133e+015
2.83395e+015
3.9661e+015
5.26479e+015
6.77492e+015
8.30254e+015
9.47251e+015
1.01214e+016
1.02915e+016
1.00107e+016
9.2695e+015
8.0542e+015
6.32237e+015
4.04457e+015
1.20378e+015
-2.22986e+015
-6.30955e+015
-1.11182e+016
-1.67754e+016
-2.34443e+016
-3.13375e+016
-4.07214e+016
-5.19169e+016
-6.52947e+016
-8.12583e+016
-1.00227e+017
-1.22546e+017
-1.48406e+017
-1.77897e+017
-2.10209e+017
-2.44541e+017
-2.8005e+017
-3.13571e+017
-3.43788e+017
-3.69754e+017
-3.86524e+017
-3.94998e+017
-3.96307e+017
-3.86384e+017
-3.66244e+017
-3.38637e+017
-3.05423e+017
-2.69046e+017
-2.3204e+017
-1.96653e+017
-1.64557e+017
-1.36511e+017
-1.12652e+017
-9.27779e+016
-7.644e+016
-6.30977e+016
-5.22319e+016
-4.33784e+016
-3.61369e+016
-3.0178e+016
-2.52401e+016
-2.11138e+016
-1.76332e+016
-1.4667e+016
-1.21118e+016
-9.8883e+015
-7.93413e+015
-6.20198e+015
-4.65825e+015
-3.27652e+015
-2.03881e+015
-9.35268e+014
4.5591e+013
9.09959e+014
1.659e+015
2.30539e+015
2.85073e+015
3.28835e+015
3.65294e+015
3.92433e+015
4.05599e+015
4.13984e+015
4.13959e+015
3.80976e+015
3.02526e+015
1.84142e+015
3.01898e+014
-1.54285e+015
-3.64301e+015
-5.94898e+015
-8.41109e+015
-1.09815e+016
-1.36126e+016
-1.62545e+016
-1.88516e+016
-2.13444e+016
-2.36757e+016
-2.57972e+016
-2.76672e+016
-2.92374e+016
-3.04468e+016
-3.12433e+016
-3.16429e+016
-3.16616e+016
-3.12916e+016
-3.05643e+016
-2.95118e+016
-2.81794e+016
-2.66236e+016
-2.49048e+016
-2.30853e+016
-2.12243e+016
-1.93724e+016
-1.75805e+016
-1.58939e+016
-1.43376e+016
-1.29263e+016
-1.17077e+016
-1.07211e+016
-9.78384e+015
-8.74707e+015
-8.58621e+015
-1.01337e+016
-5.58272e+015
4.4063e+015
4.33167e+015
4.22593e+015
4.07285e+015
3.8733e+015
3.62261e+015
3.3157e+015
2.94349e+015
2.49476e+015
1.95521e+015
1.3083e+015
5.35033e+014
-3.85326e+014
-1.47484e+015
-2.75619e+015
-4.25115e+015
-5.98049e+015
-7.96514e+015
-1.02241e+016
-1.27697e+016
-1.56038e+016
-1.87213e+016
-2.21055e+016
-2.57215e+016
-2.95248e+016
-3.34599e+016
-3.74599e+016
-4.14505e+016
-4.53543e+016
-4.90891e+016
-5.25712e+016
-5.57331e+016
-5.85188e+016
-6.08758e+016
-6.27687e+016
-6.41772e+016
-6.50624e+016
-6.53855e+016
-6.51883e+016
-6.4483e+016
-6.32826e+016
-6.16127e+016
-5.95128e+016
-5.70291e+016
-5.42258e+016
-5.11691e+016
-4.7938e+016
-4.46027e+016
-4.12298e+016
-3.78713e+016
-3.45762e+016
-3.13922e+016
-2.83539e+016
-2.54858e+016
-2.28044e+016
-2.03188e+016
-1.8032e+016
-1.59423e+016
-1.40444e+016
-1.23299e+016
-1.07891e+016
-9.41167e+015
-8.1871e+015
-7.10359e+015
-6.14756e+015
-5.30604e+015
-4.56841e+015
-3.92526e+015
-3.36507e+015
-2.87402e+015
-2.44138e+015
-2.06198e+015
-1.73134e+015
-1.43906e+015
-1.17056e+015
-9.135e+014
-6.5829e+014
-3.93731e+014
-1.06066e+014
2.38343e+014
6.91115e+014
1.30048e+015
2.10166e+015
3.1192e+015
4.37346e+015
5.83325e+015
7.28911e+015
8.40893e+015
9.02182e+015
9.15056e+015
8.83032e+015
8.05732e+015
6.81155e+015
5.06188e+015
2.78099e+015
-5.38604e+013
-3.47593e+015
-7.5404e+015
-1.23348e+016
-1.79864e+016
-2.46686e+016
-3.26096e+016
-4.20984e+016
-5.34879e+016
-6.71889e+016
-8.36605e+016
-1.03381e+017
-1.26759e+017
-1.54058e+017
-1.85339e+017
-2.19821e+017
-2.56408e+017
-2.93898e+017
-3.29701e+017
-3.61916e+017
-3.88647e+017
-4.07516e+017
-4.17279e+017
-4.1759e+017
-4.07499e+017
-3.87515e+017
-3.59097e+017
-3.24285e+017
-2.85772e+017
-2.46334e+017
-2.08376e+017
-1.7381e+017
-1.43674e+017
-1.1814e+017
-9.6955e+016
-7.96306e+016
-6.55532e+016
-5.41344e+016
-4.48725e+016
-3.73356e+016
-3.11662e+016
-2.6079e+016
-2.18474e+016
-1.82932e+016
-1.52761e+016
-1.26859e+016
-1.0438e+016
-8.46594e+015
-6.71917e+015
-5.16225e+015
-3.76696e+015
-2.51445e+015
-1.39594e+015
-4.0018e+014
4.7877e+014
1.23888e+015
1.89476e+015
2.45026e+015
2.8902e+015
3.25319e+015
3.55527e+015
3.74594e+015
3.82093e+015
3.68285e+015
3.15145e+015
2.24718e+015
9.95047e+014
-5.74556e+014
-2.42427e+015
-4.51511e+015
-6.80672e+015
-9.2551e+015
-1.18144e+016
-1.44378e+016
-1.70769e+016
-1.96785e+016
-2.2183e+016
-2.45284e+016
-2.66624e+016
-2.85493e+016
-3.0145e+016
-3.13738e+016
-3.21876e+016
-3.26117e+016
-3.26293e+016
-3.22285e+016
-3.14622e+016
-3.03616e+016
-2.89726e+016
-2.73493e+016
-2.55509e+016
-2.36437e+016
-2.16927e+016
-1.97525e+016
-1.7868e+016
-1.60878e+016
-1.44448e+016
-1.29487e+016
-1.16459e+016
-1.05974e+016
-9.61614e+015
-8.50782e+015
-8.28828e+015
-9.78787e+015
-5.37045e+015
4.29302e+015
4.21405e+015
4.12031e+015
3.97318e+015
3.78365e+015
3.54294e+015
3.24734e+015
2.88631e+015
2.44849e+015
1.91879e+015
1.28023e+015
5.13069e+014
-4.04141e+014
-1.49401e+015
-2.7804e+015
-4.28475e+015
-6.02813e+015
-8.03661e+015
-1.03304e+016
-1.29217e+016
-1.58131e+016
-1.89986e+016
-2.24616e+016
-2.61684e+016
-3.00713e+016
-3.41126e+016
-3.82216e+016
-4.23198e+016
-4.63272e+016
-5.01649e+016
-5.37455e+016
-5.69891e+016
-5.98433e+016
-6.22645e+016
-6.42089e+016
-6.56533e+016
-6.65723e+016
-6.6931e+016
-6.67479e+016
-6.60395e+016
-6.48212e+016
-6.31171e+016
-6.09685e+016
-5.84195e+016
-5.55284e+016
-5.23652e+016
-4.90165e+016
-4.55566e+016
-4.20522e+016
-3.85673e+016
-3.5152e+016
-3.18547e+016
-2.87142e+016
-2.57549e+016
-2.29929e+016
-2.04378e+016
-1.80934e+016
-1.59567e+016
-1.40212e+016
-1.22778e+016
-1.07162e+016
-9.32382e+015
-8.08755e+015
-6.99471e+015
-6.03211e+015
-5.18743e+015
-4.44957e+015
-3.80786e+015
-3.25083e+015
-2.7664e+015
-2.34512e+015
-1.98108e+015
-1.66777e+015
-1.39457e+015
-1.14934e+015
-9.2582e+014
-7.22846e+014
-5.33144e+014
-3.42554e+014
-1.19948e+014
1.68844e+014
5.64524e+014
1.1251e+015
1.93689e+015
3.05936e+015
4.42304e+015
5.80629e+015
6.90298e+015
7.50855e+015
7.61182e+015
7.25357e+015
6.43537e+015
5.13838e+015
3.34441e+015
1.03573e+015
-1.8086e+015
-5.22465e+015
-9.27375e+015
-1.4053e+016
-1.97035e+016
-2.6414e+016
-3.44347e+016
-4.40876e+016
-5.57727e+016
-6.99632e+016
-8.71925e+016
-1.08027e+017
-1.32996e+017
-1.62436e+017
-1.9622e+017
-2.33589e+017
-2.73318e+017
-3.13723e+017
-3.52315e+017
-3.86813e+017
-4.14991e+017
-4.34803e+017
-4.45121e+017
-4.45297e+017
-4.34765e+017
-4.13697e+017
-3.83212e+017
-3.45545e+017
-3.03649e+017
-2.60648e+017
-2.19234e+017
-1.81454e+017
-1.48613e+017
-1.21088e+017
-9.85607e+016
-8.03621e+016
-6.57317e+016
-5.39954e+016
-4.45768e+016
-3.69849e+016
-3.08229e+016
-2.57781e+016
-2.1607e+016
-1.81208e+016
-1.51728e+016
-1.26491e+016
-1.04626e+016
-8.54539e+015
-6.84616e+015
-5.32858e+015
-3.96479e+015
-2.73667e+015
-1.63581e+015
-6.53596e+014
2.14681e+014
9.65012e+014
1.60913e+015
2.15406e+015
2.58243e+015
2.91942e+015
3.1881e+015
3.35075e+015
3.36769e+015
3.0709e+015
2.4147e+015
1.42603e+015
1.16657e+014
-1.4889e+015
-3.36193e+015
-5.46976e+015
-7.77572e+015
-1.02401e+016
-1.28191e+016
-1.54664e+016
-1.81351e+016
-2.07763e+016
-2.33331e+016
-2.57396e+016
-2.79334e+016
-2.98679e+016
-3.15016e+016
-3.27789e+016
-3.36486e+016
-3.4089e+016
-3.40969e+016
-3.3687e+016
-3.28823e+016
-3.17185e+016
-3.02427e+016
-2.85155e+016
-2.65999e+016
-2.45601e+016
-2.24624e+016
-2.03692e+016
-1.83358e+016
-1.64134e+016
-1.46311e+016
-1.3004e+016
-1.1578e+016
-1.04225e+016
-9.35127e+015
-8.12934e+015
-7.83554e+015
-9.25134e+015
-5.05098e+015
4.16633e+015
4.07687e+015
3.98745e+015
3.84117e+015
3.65697e+015
3.42054e+015
3.12996e+015
2.77248e+015
2.33694e+015
1.80743e+015
1.16643e+015
3.93298e+014
-5.34076e+014
-1.63876e+015
-2.94668e+015
-4.47565e+015
-6.25004e+015
-8.30043e+015
-1.0646e+016
-1.33e+016
-1.62663e+016
-1.9538e+016
-2.3097e+016
-2.6911e+016
-3.09298e+016
-3.50919e+016
-3.93236e+016
-4.3542e+016
-4.76604e+016
-5.15966e+016
-5.52716e+016
-5.86029e+016
-6.15274e+016
-6.40015e+016
-6.59863e+016
-6.74562e+016
-6.83968e+016
-6.87889e+016
-6.86278e+016
-6.79255e+016
-6.66934e+016
-6.49536e+016
-6.27433e+016
-6.01046e+016
-5.70982e+016
-5.38063e+016
-5.03156e+016
-4.67032e+016
-4.30439e+016
-3.94067e+016
-3.58494e+016
-3.24238e+016
-2.91687e+016
-2.61091e+016
-2.32604e+016
-2.06302e+016
-1.82203e+016
-1.60276e+016
-1.40448e+016
-1.22616e+016
-1.06671e+016
-9.25052e+015
-7.99859e+015
-6.89686e+015
-5.93138e+015
-5.08898e+015
-4.35707e+015
-3.72306e+015
-3.17462e+015
-2.69997e+015
-2.28925e+015
-1.93553e+015
-1.6327e+015
-1.3718e+015
-1.14102e+015
-9.32275e+014
-7.46092e+014
-5.84717e+014
-4.37592e+014
-2.85034e+014
-1.17331e+014
8.47436e+013
3.67435e+014
8.43905e+014
1.66157e+015
2.82518e+015
4.10884e+015
5.17548e+015
5.78692e+015
5.88416e+015
5.49898e+015
4.64407e+015
3.30724e+015
1.47576e+015
-8.62384e+014
-3.72701e+015
-7.15756e+015
-1.12226e+016
-1.6031e+016
-2.17336e+016
-2.85311e+016
-3.67016e+016
-4.66046e+016
-5.86923e+016
-7.34971e+016
-9.16223e+016
-1.13765e+017
-1.40493e+017
-1.72097e+017
-2.0845e+017
-2.48815e+017
-2.91744e+017
-3.35186e+017
-3.76586e+017
-4.13364e+017
-4.43132e+017
-4.6403e+017
-4.74941e+017
-4.75378e+017
-4.64703e+017
-4.42847e+017
-4.10718e+017
-3.70616e+017
-3.25552e+017
-2.78902e+017
-2.33869e+017
-1.92715e+017
-1.56856e+017
-1.26888e+017
-1.02529e+017
-8.30184e+016
-6.75025e+016
-5.51911e+016
-4.54014e+016
-3.75751e+016
-3.12705e+016
-2.6144e+016
-2.19312e+016
-1.84291e+016
-1.54812e+016
-1.29675e+016
-1.07962e+016
-8.89616e+015
-7.21416e+015
-5.71207e+015
-4.36088e+015
-3.1419e+015
-2.04659e+015
-1.06791e+015
-2.01557e+014
5.48849e+014
1.19056e+015
1.73197e+015
2.16699e+015
2.50612e+015
2.73606e+015
2.83001e+015
2.68765e+015
2.20844e+015
1.41901e+015
3.29772e+014
-1.04848e+015
-2.69736e+015
-4.59244e+015
-6.70759e+015
-9.01637e+015
-1.14893e+016
-1.40878e+016
-1.6767e+016
-1.94802e+016
-2.21785e+016
-2.48043e+016
-2.72894e+016
-2.95646e+016
-3.15736e+016
-3.32691e+016
-3.4601e+016
-3.55182e+016
-3.59817e+016
-3.59812e+016
-3.55347e+016
-3.46683e+016
-3.34233e+016
-3.18494e+016
-3.00054e+016
-2.79568e+016
-2.57718e+016
-2.35166e+016
-2.12505e+016
-1.90278e+016
-1.69051e+016
-1.49318e+016
-1.31324e+016
-1.15324e+016
-1.02162e+016
-9.03445e+015
-7.68961e+015
-7.24284e+015
-8.53483e+015
-4.6175e+015
4.02105e+015
3.93606e+015
3.85319e+015
3.70965e+015
3.53088e+015
3.29871e+015
3.01308e+015
2.65934e+015
2.22664e+015
1.69787e+015
1.05485e+015
2.76141e+014
-6.61114e+014
-1.7807e+015
-3.1101e+015
-4.66568e+015
-6.4721e+015
-8.56334e+015
-1.09613e+016
-1.36793e+016
-1.67232e+016
-2.00878e+016
-2.37534e+016
-2.76875e+016
-3.18396e+016
-3.6143e+016
-4.05194e+016
-4.48811e+016
-4.9136e+016
-5.31927e+016
-5.69703e+016
-6.03971e+016
-6.34064e+016
-6.59458e+016
-6.79867e+016
-6.95083e+016
-7.04923e+016
-7.09248e+016
-7.07991e+016
-7.01155e+016
-6.88795e+016
-6.71067e+016
-6.48277e+016
-6.20863e+016
-5.89531e+016
-5.55151e+016
-5.18551e+016
-4.80553e+016
-4.42049e+016
-4.03812e+016
-3.66514e+016
-3.30714e+016
-2.96809e+016
-2.65058e+016
-2.35605e+016
-2.08509e+016
-1.83764e+016
-1.61314e+016
-1.41067e+016
-1.22906e+016
-1.06699e+016
-9.23135e+015
-7.96187e+015
-6.84734e+015
-5.87338e+015
-5.02589e+015
-4.29198e+015
-3.65927e+015
-3.11506e+015
-2.64738e+015
-2.24585e+015
-1.9017e+015
-1.60725e+015
-1.35469e+015
-1.13558e+015
-9.42968e+014
-7.74448e+014
-6.28144e+014
-4.95324e+014
-3.69681e+014
-2.47533e+014
-1.23339e+014
2.13552e+013
2.40672e+014
6.59238e+014
1.43545e+015
2.49357e+015
3.47516e+015
4.06394e+015
4.1507e+015
3.73517e+015
2.83309e+015
1.44526e+015
-4.34713e+014
-2.8169e+015
-5.72227e+015
-9.19308e+015
-1.33039e+016
-1.81735e+016
-2.39594e+016
-3.08794e+016
-3.92401e+016
-4.94419e+016
-6.1973e+016
-7.74112e+016
-9.64543e+016
-1.19876e+017
-1.48206e+017
-1.81841e+017
-2.20707e+017
-2.63762e+017
-3.09447e+017
-3.55537e+017
-3.99286e+017
-4.37938e+017
-4.69043e+017
-4.90774e+017
-5.02176e+017
-5.02895e+017
-4.92102e+017
-4.69409e+017
-4.35617e+017
-3.93235e+017
-3.45528e+017
-2.95825e+017
-2.47631e+017
-2.03639e+017
-1.65244e+017
-1.33044e+017
-1.0689e+017
-8.60663e+016
-6.9626e+016
-5.66688e+016
-4.64368e+016
-3.83148e+016
-3.18185e+016
-2.65731e+016
-2.22912e+016
-1.87538e+016
-1.57932e+016
-1.32811e+016
-1.11202e+016
-9.23542e+015
-7.57051e+015
-6.08491e+015
-4.74902e+015
-3.54381e+015
-2.4593e+015
-1.48878e+015
-6.29539e+014
1.1629e+014
7.48887e+014
1.27206e+015
1.69153e+015
2.00695e+015
2.18769e+015
2.19156e+015
1.89179e+015
1.29274e+015
4.06937e+014
-7.63434e+014
-2.20729e+015
-3.90353e+015
-5.83125e+015
-7.97385e+015
-1.03152e+016
-1.28309e+016
-1.54844e+016
-1.82326e+016
-2.10289e+016
-2.38218e+016
-2.65509e+016
-2.91433e+016
-3.15255e+016
-3.36368e+016
-3.54243e+016
-3.68341e+016
-3.78082e+016
-3.83006e+016
-3.82962e+016
-3.7805e+016
-3.68529e+016
-3.54842e+016
-3.37566e+016
-3.17392e+016
-2.95074e+016
-2.71361e+016
-2.46963e+016
-2.22515e+016
-1.98544e+016
-1.75505e+016
-1.5377e+016
-1.33625e+016
-1.15342e+016
-1.00003e+016
-8.66113e+015
-7.1999e+015
-6.54268e+015
-7.63985e+015
-4.05147e+015
3.88254e+015
3.8046e+015
3.72584e+015
3.58587e+015
3.41233e+015
3.18438e+015
2.90318e+015
2.55262e+015
2.12203e+015
1.59318e+015
9.47522e+014
1.62924e+014
-7.84076e+014
-1.91815e+015
-3.26716e+015
-4.85e+015
-6.68743e+015
-8.81621e+015
-1.12642e+016
-1.40456e+016
-1.71691e+016
-2.06306e+016
-2.44102e+016
-2.84717e+016
-3.27633e+016
-3.72156e+016
-4.17449e+016
-4.62583e+016
-5.06575e+016
-5.48438e+016
-5.87285e+016
-6.22379e+016
-6.53113e+016
-6.79056e+016
-6.99969e+016
-7.15688e+016
-7.25983e+016
-7.30707e+016
-7.29872e+016
-7.23408e+016
-7.11281e+016
-6.93537e+016
-6.70361e+016
-6.42156e+016
-6.09629e+016
-5.73646e+016
-5.35115e+016
-4.95031e+016
-4.54418e+016
-4.14153e+016
-3.74984e+016
-3.37514e+016
-3.02169e+016
-2.69209e+016
-2.38752e+016
-2.10822e+016
-1.85392e+016
-1.6239e+016
-1.41708e+016
-1.23204e+016
-1.06731e+016
-9.21487e+015
-7.93191e+015
-6.80963e+015
-5.83294e+015
-4.98668e+015
-4.2561e+015
-3.6275e+015
-3.08822e+015
-2.62664e+015
-2.23232e+015
-1.89579e+015
-1.60832e+015
-1.36132e+015
-1.14714e+015
-9.60095e+014
-7.96181e+014
-6.51436e+014
-5.2207e+014
-4.07223e+014
-3.04757e+014
-2.13008e+014
-1.19544e+014
-1.96131e+012
1.92262e+014
5.85762e+014
1.28129e+015
2.06352e+015
2.56061e+015
2.60342e+015
2.14886e+015
1.19271e+015
-2.55841e+014
-2.1966e+015
-4.64155e+015
-7.61509e+015
-1.11611e+016
-1.53527e+016
-2.03039e+016
-2.61901e+016
-3.32579e+016
-4.18303e+016
-5.23394e+016
-6.52893e+016
-8.1292e+016
-1.01099e+017
-1.25541e+017
-1.55201e+017
-1.90389e+017
-2.30968e+017
-2.75829e+017
-3.23423e+017
-3.71359e+017
-4.16786e+017
-4.56817e+017
-4.88894e+017
-5.1126e+017
-5.23089e+017
-5.24053e+017
-5.13082e+017
-4.89551e+017
-4.54342e+017
-4.101e+017
-3.60534e+017
-3.0913e+017
-2.58725e+017
-2.12446e+017
-1.72089e+017
-1.38243e+017
-1.1078e+017
-8.89496e+016
-7.17627e+016
-5.82504e+016
-4.76128e+016
-3.92013e+016
-3.2503e+016
-2.71199e+016
-2.27473e+016
-1.91526e+016
-1.61581e+016
-1.36287e+016
-1.14616e+016
-9.57776e+015
-7.91824e+015
-6.4407e+015
-5.11487e+015
-3.91925e+015
-2.84259e+015
-1.882e+015
-1.03519e+015
-3.00899e+014
3.20687e+014
8.28457e+014
1.21344e+015
1.46832e+015
1.59252e+015
1.4741e+015
1.0602e+015
3.63513e+014
-6.11233e+014
-1.85203e+015
-3.34425e+015
-5.076e+015
-7.03981e+015
-9.22743e+015
-1.16261e+016
-1.42112e+016
-1.69482e+016
-1.97961e+016
-2.27091e+016
-2.56315e+016
-2.8495e+016
-3.12221e+016
-3.37385e+016
-3.59779e+016
-3.78835e+016
-3.93952e+016
-4.0444e+016
-4.09736e+016
-4.09646e+016
-4.04228e+016
-3.93723e+016
-3.78591e+016
-3.59466e+016
-3.37125e+016
-3.12431e+016
-2.86255e+016
-2.59409e+016
-2.32609e+016
-2.06485e+016
-1.8154e+016
-1.58078e+016
-1.36314e+016
-1.16233e+016
-9.8513e+015
-8.3171e+015
-6.72226e+015
-5.80777e+015
-6.55188e+015
-3.36516e+015
3.76576e+015
3.6953e+015
3.61856e+015
3.48148e+015
3.31156e+015
3.08679e+015
2.80877e+015
2.46054e+015
2.03115e+015
1.50165e+015
8.53394e+014
6.3625e+013
-8.91586e+014
-2.03786e+015
-3.40294e+015
-5.01166e+015
-6.8771e+015
-9.03678e+015
-1.15279e+016
-1.43653e+016
-1.75597e+016
-2.11074e+016
-2.49891e+016
-2.91697e+016
-3.35951e+016
-3.81887e+016
-4.28633e+016
-4.752e+016
-5.2054e+016
-5.63626e+016
-6.0353e+016
-6.39475e+016
-6.70864e+016
-6.9729e+016
-7.18521e+016
-7.34455e+016
-7.45007e+016
-7.5008e+016
-7.49681e+016
-7.43738e+016
-7.32093e+016
-7.14681e+016
-6.9153e+016
-6.62899e+016
-6.29392e+016
-5.9192e+016
-5.51548e+016
-5.09417e+016
-4.66678e+016
-4.24361e+016
-3.833e+016
-3.44142e+016
-3.07343e+016
-2.73184e+016
-2.4175e+016
-2.13035e+016
-1.86989e+016
-1.63521e+016
-1.4249e+016
-1.23712e+016
-1.0701e+016
-9.22411e+015
-7.92722e+015
-6.79544e+015
-5.81308e+015
-4.96449e+015
-4.2345e+015
-3.60874e+015
-3.07394e+015
-2.61806e+015
-2.23013e+015
-1.90027e+015
-1.61944e+015
-1.37915e+015
-1.17209e+015
-9.92666e+014
-8.36033e+014
-6.97342e+014
-5.72398e+014
-4.59094e+014
-3.56443e+014
-2.63329e+014
-1.77759e+014
-9.54522e+013
7.31451e+012
1.9208e+014
5.62059e+014
1.07636e+015
1.41206e+015
1.35769e+015
8.42714e+014
-1.69622e+014
-1.68236e+015
-3.69271e+015
-6.21414e+015
-9.27232e+015
-1.2911e+016
-1.72053e+016
-2.227e+016
-2.82919e+016
-3.55255e+016
-4.42896e+016
-5.50049e+016
-6.82093e+016
-8.45636e+016
-1.04839e+017
-1.29813e+017
-1.60037e+017
-1.95771e+017
-2.37073e+017
-2.82947e+017
-3.31585e+017
-3.80626e+017
-4.27159e+017
-4.68028e+017
-5.00678e+017
-5.23562e+017
-5.35682e+017
-5.36564e+017
-5.25014e+017
-5.00526e+017
-4.64233e+017
-4.18781e+017
-3.68007e+017
-3.15468e+017
-2.64181e+017
-2.17313e+017
-1.76248e+017
-1.4172e+017
-1.13644e+017
-9.12838e+016
-7.36432e+016
-5.97555e+016
-4.88132e+016
-4.01608e+016
-3.32769e+016
-2.77544e+016
-2.32793e+016
-1.96108e+016
-1.65647e+016
-1.40003e+016
-1.18104e+016
-9.91291e+015
-8.24673e+015
-6.76689e+015
-5.44011e+015
-4.24641e+015
-3.17655e+015
-2.223e+015
-1.38319e+015
-6.66313e+014
-6.3194e+013
4.2563e+014
7.75631e+014
9.95253e+014
1.04273e+015
8.22133e+014
3.13036e+014
-4.72734e+014
-1.51741e+015
-2.80946e+015
-4.34843e+015
-6.13029e+015
-8.14769e+015
-1.03993e+016
-1.28773e+016
-1.55568e+016
-1.84034e+016
-2.13786e+016
-2.44359e+016
-2.75121e+016
-3.0531e+016
-3.34199e+016
-3.61023e+016
-3.8499e+016
-4.05456e+016
-4.21816e+016
-4.33309e+016
-4.39194e+016
-4.39155e+016
-4.33205e+016
-4.21577e+016
-4.04767e+016
-3.83484e+016
-3.58609e+016
-3.31129e+016
-3.02055e+016
-2.72325e+016
-2.42757e+016
-2.14046e+016
-1.86739e+016
-1.61211e+016
-1.3765e+016
-1.1613e+016
-9.68875e+015
-8.00479e+015
-6.28567e+015
-5.06591e+015
-5.33821e+015
-2.62717e+015
3.67932e+015
3.61754e+015
3.54107e+015
3.40669e+015
3.23968e+015
3.01771e+015
2.74222e+015
2.39598e+015
1.96777e+015
1.43842e+015
7.89021e+014
-3.53503e+012
-9.63519e+014
-2.11733e+015
-3.49232e+015
-5.1185e+015
-7.00975e+015
-9.19392e+015
-1.17139e+016
-1.45932e+016
-1.7841e+016
-2.1459e+016
-2.54308e+016
-2.97027e+016
-3.4228e+016
-3.89324e+016
-4.37215e+016
-4.84909e+016
-5.31303e+016
-5.75325e+016
-6.16009e+016
-6.5256e+016
-6.84414e+016
-7.1121e+016
-7.32759e+016
-7.49002e+016
-7.59915e+016
-7.6541e+016
-7.65492e+016
-7.60083e+016
-7.48992e+016
-7.32034e+016
-7.09135e+016
-6.80426e+016
-6.46398e+016
-6.07915e+016
-5.66109e+016
-5.22257e+016
-4.77652e+016
-4.33496e+016
-3.90735e+016
-3.50028e+016
-3.11883e+016
-2.76628e+016
-2.44321e+016
-2.14922e+016
-1.88349e+016
-1.64479e+016
-1.43132e+016
-1.24102e+016
-1.07208e+016
-9.23049e+015
-7.92512e+015
-6.78879e+015
-5.80465e+015
-4.95654e+015
-4.2289e+015
-3.60702e+015
-3.07714e+015
-2.6265e+015
-2.24355e+015
-1.91828e+015
-1.6417e+015
-1.40552e+015
-1.2027e+015
-1.02752e+015
-8.74626e+014
-7.38993e+014
-6.16952e+014
-5.06058e+014
-4.04777e+014
-3.11588e+014
-2.24579e+014
-1.44008e+014
-6.80266e+013
2.38105e+013
1.81641e+014
4.70325e+014
6.6093e+014
4.84303e+014
-1.21137e+014
-1.18845e+015
-2.75081e+015
-4.82211e+015
-7.41761e+015
-1.05582e+016
-1.42842e+016
-1.86747e+016
-2.38572e+016
-3.00165e+016
-3.73906e+016
-4.62892e+016
-5.71209e+016
-7.04277e+016
-8.68547e+016
-1.0711e+017
-1.31902e+017
-1.61916e+017
-1.97526e+017
-2.38615e+017
-2.8439e+017
-3.33132e+017
-3.825e+017
-4.29388e+017
-4.70589e+017
-5.03809e+017
-5.2737e+017
-5.39494e+017
-5.3966e+017
-5.26946e+017
-5.0125e+017
-4.6402e+017
-4.18077e+017
-3.67168e+017
-3.14783e+017
-2.6417e+017
-2.17786e+017
-1.77107e+017
-1.42923e+017
-1.15028e+017
-9.27006e+016
-7.49839e+016
-6.09614e+016
-4.98619e+016
-4.10551e+016
-3.40325e+016
-2.83915e+016
-2.38187e+016
-2.00719e+016
-1.69641e+016
-1.43517e+016
-1.21254e+016
-1.02019e+016
-8.51694e+015
-7.02316e+015
-5.6901e+015
-4.49771e+015
-3.42582e+015
-2.47317e+015
-1.64199e+015
-9.40655e+014
-3.57534e+014
9.57601e+013
4.19516e+014
6.17898e+014
5.91672e+014
2.7632e+014
-3.06305e+014
-1.13958e+015
-2.21761e+015
-3.54916e+015
-5.14069e+015
-6.98506e+015
-9.07287e+015
-1.14065e+016
-1.39817e+016
-1.67748e+016
-1.97507e+016
-2.28694e+016
-2.6082e+016
-2.93241e+016
-3.25217e+016
-3.5599e+016
-3.84651e+016
-4.10274e+016
-4.32204e+016
-4.49964e+016
-4.62758e+016
-4.69537e+016
-4.69742e+016
-4.63351e+016
-4.50608e+016
-4.32041e+016
-4.08435e+016
-3.80773e+016
-3.5019e+016
-3.17897e+016
-2.85019e+016
-2.52464e+016
-2.20987e+016
-1.91201e+016
-1.63499e+016
-1.3806e+016
-1.14891e+016
-9.41292e+015
-7.60664e+015
-5.86521e+015
-4.4231e+015
-4.16783e+015
-1.84326e+015
3.63122e+015
3.57775e+015
3.50024e+015
3.3687e+015
3.20386e+015
2.98435e+015
2.71107e+015
2.36691e+015
1.94048e+015
1.41256e+015
7.64079e+014
-2.80767e+013
-9.882e+014
-2.14326e+015
-3.52063e+015
-5.15111e+015
-7.05551e+015
-9.25968e+015
-1.18006e+016
-1.47035e+016
-1.79815e+016
-2.16361e+016
-2.56326e+016
-2.99654e+016
-3.45716e+016
-3.93438e+016
-4.42021e+016
-4.90393e+016
-5.37416e+016
-5.81984e+016
-6.23116e+016
-6.60027e+016
-6.92157e+016
-7.19179e+016
-7.40972e+016
-7.57533e+016
-7.68892e+016
-7.74992e+016
-7.75775e+016
-7.71072e+016
-7.60679e+016
-7.44349e+016
-7.21907e+016
-6.93362e+016
-6.59114e+016
-6.19983e+016
-5.7715e+016
-5.31999e+016
-4.85948e+016
-4.40369e+016
-3.96267e+016
-3.54279e+016
-3.1507e+016
-2.78988e+016
-2.46041e+016
-2.16161e+016
-1.89228e+016
-1.65077e+016
-1.43504e+016
-1.24321e+016
-1.07362e+016
-9.24356e+015
-7.9357e+015
-6.79717e+015
-5.8121e+015
-4.96454e+015
-4.23887e+015
-3.62017e+015
-3.09425e+015
-2.6478e+015
-2.26903e+015
-1.9477e+015
-1.67436e+015
-1.44066e+015
-1.23956e+015
-1.06516e+015
-9.12267e+014
-7.76282e+014
-6.5385e+014
-5.42235e+014
-4.39739e+014
-3.45047e+014
-2.57076e+014
-1.75996e+014
-1.03807e+014
-3.73019e+013
3.08608e+013
1.44657e+014
2.43491e+014
1.18684e+011
-6.8957e+014
-1.82189e+015
-3.43223e+015
-5.55274e+015
-8.2027e+015
-1.14053e+016
-1.52013e+016
-1.9671e+016
-2.49411e+016
-3.1185e+016
-3.86285e+016
-4.75785e+016
-5.84456e+016
-7.17303e+016
-8.79966e+016
-1.0788e+017
-1.32076e+017
-1.61298e+017
-1.95929e+017
-2.35662e+017
-2.79868e+017
-3.27209e+017
-3.75346e+017
-4.21124e+017
-4.61616e+017
-4.94781e+017
-5.18658e+017
-5.30854e+017
-5.30362e+017
-5.16896e+017
-4.90723e+017
-4.53476e+017
-4.08145e+017
-3.58436e+017
-3.07876e+017
-2.59194e+017
-2.14213e+017
-1.74896e+017
-1.41839e+017
-1.14759e+017
-9.29503e+016
-7.55218e+016
-6.16361e+016
-5.05706e+016
-4.17324e+016
-3.46463e+016
-2.89307e+016
-2.42836e+016
-2.04685e+016
-1.73011e+016
-1.46383e+016
-1.23699e+016
-1.04116e+016
-8.69877e+015
-7.18271e+015
-5.82869e+015
-4.6162e+015
-3.5393e+015
-2.59311e+015
-1.77533e+015
-1.08016e+015
-5.11356e+014
-7.53235e+013
2.52457e+014
4.25124e+014
3.55162e+014
7.53744e+012
-6.15925e+014
-1.5003e+015
-2.63308e+015
-4.01892e+015
-5.66267e+015
-7.56611e+015
-9.73366e+015
-1.21647e+016
-1.48468e+016
-1.77596e+016
-2.08696e+016
-2.41329e+016
-2.74946e+016
-3.08907e+016
-3.42549e+016
-3.75086e+016
-4.05536e+016
-4.32934e+016
-4.56584e+016
-4.75947e+016
-4.90146e+016
-4.97957e+016
-4.98614e+016
-4.92058e+016
-4.78491e+016
-4.58385e+016
-4.3257e+016
-4.02142e+016
-3.68402e+016
-3.32814e+016
-2.96758e+016
-2.61188e+016
-2.2684e+016
-1.94528e+016
-1.64722e+016
-1.37543e+016
-1.12956e+016
-9.09239e+015
-7.15417e+015
-5.37752e+015
-3.86697e+015
-3.09286e+015
-1.00312e+015
3.62356e+015
3.57791e+015
3.49944e+015
3.3715e+015
3.20823e+015
2.99096e+015
2.71938e+015
2.37722e+015
1.95299e+015
1.42794e+015
7.82757e+014
-5.57852e+012
-9.61266e+014
-2.11149e+015
-3.48096e+015
-5.10147e+015
-7.00714e+015
-9.2227e+015
-1.17693e+016
-1.46718e+016
-1.79491e+016
-2.16058e+016
-2.56237e+016
-2.99664e+016
-3.45689e+016
-3.93607e+016
-4.42403e+016
-4.90988e+016
-5.38222e+016
-5.82989e+016
-6.24303e+016
-6.61387e+016
-6.93706e+016
-7.20967e+016
-7.43071e+016
-7.60013e+016
-7.71828e+016
-7.7849e+016
-7.79906e+016
-7.75843e+016
-7.66027e+016
-7.50191e+016
-7.28105e+016
-6.99724e+016
-6.65405e+016
-6.2595e+016
-5.82567e+016
-5.36709e+016
-4.89888e+016
-4.43449e+016
-3.98525e+016
-3.55943e+016
-3.16301e+016
-2.79848e+016
-2.4661e+016
-2.16523e+016
-1.89446e+016
-1.65199e+016
-1.43583e+016
-1.24426e+016
-1.07532e+016
-9.26444e+015
-7.95752e+015
-6.81986e+015
-5.83622e+015
-4.99042e+015
-4.26657e+015
-3.64949e+015
-3.12499e+015
-2.67989e+015
-2.3023e+015
-1.98157e+015
-1.70828e+015
-1.47437e+015
-1.27279e+015
-1.09746e+015
-9.42981e+014
-8.04803e+014
-6.80032e+014
-5.65518e+014
-4.59482e+014
-3.60591e+014
-2.68142e+014
-1.82468e+014
-1.05736e+014
-4.01909e+013
1.50313e+013
4.19279e+013
6.40855e+013
-1.73936e+014
-8.7253e+014
-2.04206e+015
-3.68296e+015
-5.83317e+015
-8.52407e+015
-1.17808e+016
-1.56462e+016
-2.01995e+016
-2.55605e+016
-3.18861e+016
-3.93873e+016
-4.8361e+016
-5.91947e+016
-7.23318e+016
-8.82556e+016
-1.07534e+017
-1.30819e+017
-1.58642e+017
-1.91184e+017
-2.28292e+017
-2.69503e+017
-3.13566e+017
-3.5817e+017
-4.00535e+017
-4.38292e+017
-4.6943e+017
-4.91546e+017
-5.02215e+017
-5.00688e+017
-4.87152e+017
-4.62189e+017
-4.2743e+017
-3.85556e+017
-3.39846e+017
-2.93415e+017
-2.48551e+017
-2.07017e+017
-1.70484e+017
-1.39417e+017
-1.13667e+017
-9.26685e+016
-7.56924e+016
-6.20401e+016
-5.10835e+016
-4.22774e+016
-3.51726e+016
-2.94088e+016
-2.46997e+016
-2.08188e+016
-1.75879e+016
-1.4866e+016
-1.25428e+016
-1.05352e+016
-8.78138e+015
-7.23124e+015
-5.84591e+015
-4.60974e+015
-3.524e+015
-2.56784e+015
-1.74049e+015
-1.03789e+015
-4.67825e+014
-8.76705e+012
3.36019e+014
4.89898e+014
3.79204e+014
3.41975e+012
-6.49746e+014
-1.56484e+015
-2.73513e+015
-4.16091e+015
-5.85058e+015
-7.81766e+015
-1.00732e+016
-1.2606e+016
-1.53919e+016
-1.84162e+016
-2.16485e+016
-2.50442e+016
-2.8544e+016
-3.20799e+016
-3.55819e+016
-3.8973e+016
-4.21642e+016
-4.50614e+016
-4.7583e+016
-4.96614e+016
-5.12183e+016
-5.21388e+016
-5.2316e+016
-5.16988e+016
-5.02923e+016
-4.81513e+016
-4.53709e+016
-4.20772e+016
-3.84194e+016
-3.45618e+016
-3.06608e+016
-2.68221e+016
-2.31111e+016
-1.96422e+016
-1.64772e+016
-1.36146e+016
-1.10434e+016
-8.74317e+015
-6.70458e+015
-4.86953e+015
-3.29727e+015
-2.08074e+015
-2.89744e+014
3.65852e+015
3.62324e+015
3.54271e+015
3.41728e+015
3.25425e+015
3.03865e+015
2.76862e+015
2.42896e+015
2.00761e+015
1.48669e+015
8.47005e+014
6.65788e+013
-8.77337e+014
-2.01305e+015
-3.37075e+015
-4.97997e+015
-6.87586e+015
-9.07589e+015
-1.15958e+016
-1.44691e+016
-1.77168e+016
-2.13382e+016
-2.53343e+016
-2.96355e+016
-3.4191e+016
-3.89503e+016
-4.38013e+016
-4.86409e+016
-5.33552e+016
-5.78335e+016
-6.19783e+016
-6.57118e+016
-6.89778e+016
-7.17428e+016
-7.39959e+016
-7.57368e+016
-7.69675e+016
-7.76879e+016
-7.78895e+016
-7.75436e+016
-7.66131e+016
-7.50688e+016
-7.28871e+016
-7.00622e+016
-6.66303e+016
-6.26756e+016
-5.83227e+016
-5.37209e+016
-4.90222e+016
-4.43542e+016
-3.98375e+016
-3.55749e+016
-3.16078e+016
-2.79543e+016
-2.46258e+016
-2.16158e+016
-1.89093e+016
-1.6488e+016
-1.43327e+016
-1.24258e+016
-1.07472e+016
-9.26953e+015
-7.97101e+015
-6.8397e+015
-5.86169e+015
-5.02055e+015
-4.30022e+015
-3.68553e+015
-3.1623e+015
-2.7175e+015
-2.33942e+015
-2.01752e+015
-1.74249e+015
-1.50628e+015
-1.30181e+015
-1.12308e+015
-9.64769e+014
-8.22536e+014
-6.92806e+014
-5.73095e+014
-4.61435e+014
-3.56363e+014
-2.5722e+014
-1.64611e+014
-7.97039e+013
-6.6932e+012
5.13105e+013
7.73414e+013
5.67605e+013
-1.35885e+014
-7.60415e+014
-1.88124e+015
-3.5126e+015
-5.66122e+015
-8.35824e+015
-1.16435e+016
-1.55673e+016
-2.02038e+016
-2.56597e+016
-3.20739e+016
-3.96449e+016
-4.86531e+016
-5.94445e+016
-7.23886e+016
-8.78878e+016
-1.06429e+017
-1.28546e+017
-1.54601e+017
-1.84631e+017
-2.18486e+017
-2.55789e+017
-2.95394e+017
-3.35197e+017
-3.72901e+017
-4.067e+017
-4.34711e+017
-4.54312e+017
-4.63186e+017
-4.60887e+017
-4.47863e+017
-4.24974e+017
-3.93822e+017
-3.56703e+017
-3.1628e+017
-2.75062e+017
-2.35067e+017
-1.9795e+017
-1.64906e+017
-1.36382e+017
-1.12337e+017
-9.23895e+016
-7.60096e+016
-6.2656e+016
-5.1813e+016
-4.30114e+016
-3.58502e+016
-2.99991e+016
-2.51898e+016
-2.12065e+016
-1.78766e+016
-1.50625e+016
-1.26562e+016
-1.05762e+016
-8.76141e+015
-7.16161e+015
-5.73938e+015
-4.47543e+015
-3.35454e+015
-2.36774e+015
-1.5214e+015
-8.2089e+014
-2.21505e+014
3.09017e+014
6.89092e+014
8.04411e+014
6.53131e+014
2.48255e+014
-4.13855e+014
-1.33688e+015
-2.53138e+015
-3.99966e+015
-5.7482e+015
-7.78135e+015
-1.00947e+016
-1.2683e+016
-1.55426e+016
-1.86503e+016
-2.19708e+016
-2.54591e+016
-2.9056e+016
-3.26911e+016
-3.6288e+016
-3.97673e+016
-4.30449e+016
-4.60292e+016
-4.86291e+016
-5.07697e+016
-5.23867e+016
-5.33889e+016
-5.36673e+016
-5.31264e+016
-5.17349e+016
-4.95431e+016
-4.66518e+016
-4.32013e+016
-3.93608e+016
-3.53003e+016
-3.11693e+016
-2.71124e+016
-2.32533e+016
-1.9661e+016
-1.63879e+016
-1.34361e+016
-1.07995e+016
-8.45096e+015
-6.37672e+015
-4.53005e+015
-2.92194e+015
-1.48492e+015
-1.24758e+014
3.73492e+015
3.71018e+015
3.62556e+015
3.50134e+015
3.33734e+015
3.12276e+015
2.8535e+015
2.51618e+015
2.09864e+015
1.5843e+015
9.53653e+014
1.84456e+014
-7.47237e+014
-1.86837e+015
-3.21046e+015
-4.79895e+015
-6.65802e+015
-8.81044e+015
-1.12787e+016
-1.40925e+016
-1.727e+016
-2.08123e+016
-2.47138e+016
-2.89334e+016
-3.34187e+016
-3.81009e+016
-4.28873e+016
-4.76768e+016
-5.23577e+016
-5.68228e+016
-6.09751e+016
-6.47335e+016
-6.80416e+016
-7.08634e+016
-7.31781e+016
-7.498e+016
-7.62663e+016
-7.7037e+016
-7.72849e+016
-7.6981e+016
-7.60802e+016
-7.45529e+016
-7.23813e+016
-6.95689e+016
-6.61542e+016
-6.22242e+016
-5.79043e+016
-5.33415e+016
-4.86856e+016
-4.40714e+016
-3.96067e+016
-3.5379e+016
-3.14382e+016
-2.78098e+016
-2.45041e+016
-2.15138e+016
-1.88248e+016
-1.64197e+016
-1.42797e+016
-1.23859e+016
-1.07199e+016
-9.2584e+015
-7.97641e+015
-6.8576e+015
-5.88877e+015
-5.05417e+015
-4.33811e+015
-3.72572e+015
-3.20314e+015
-2.7576e+015
-2.3776e+015
-2.05285e+015
-1.7742e+015
-1.53378e+015
-1.32462e+015
-1.14077e+015
-9.77036e+014
-8.28703e+014
-6.9198e+014
-5.65358e+014
-4.46373e+014
-3.33347e+014
-2.25389e+014
-1.22851e+014
-2.71684e+013
5.83514e+013
1.286e+014
1.80106e+014
1.6465e+014
4.73369e+013
-4.54153e+014
-1.45093e+015
-2.98257e+015
-5.07327e+015
-7.7333e+015
-1.1004e+016
-1.49525e+016
-1.96499e+016
-2.5184e+016
-3.16781e+016
-3.93187e+016
-4.83612e+016
-5.90935e+016
-7.18111e+016
-8.68564e+016
-1.04631e+017
-1.25513e+017
-1.49704e+017
-1.77178e+017
-2.07775e+017
-2.4107e+017
-2.75997e+017
-3.108e+017
-3.43604e+017
-3.7285e+017
-3.96885e+017
-4.13552e+017
-4.21013e+017
-4.18792e+017
-4.07191e+017
-3.87058e+017
-3.59886e+017
-3.27654e+017
-2.9253e+017
-2.56553e+017
-2.21467e+017
-1.88664e+017
-1.59065e+017
-1.33109e+017
-1.10841e+017
-9.20415e+016
-7.63511e+016
-6.33634e+016
-5.2667e+016
-4.38744e+016
-3.66425e+016
-3.06801e+016
-2.57426e+016
-2.16277e+016
-1.81709e+016
-1.52407e+016
-1.27314e+016
-1.05577e+016
-8.65359e+015
-6.97407e+015
-5.49101e+015
-4.17876e+015
-3.01022e+015
-1.98931e+015
-1.1305e+015
-3.82467e+014
3.23482e+014
9.34145e+014
1.33621e+015
1.45967e+015
1.30323e+015
8.73497e+014
1.75731e+014
-7.89855e+014
-2.0248e+015
-3.53629e+015
-5.32855e+015
-7.40328e+015
-9.7548e+015
-1.2384e+016
-1.52941e+016
-1.84576e+016
-2.18369e+016
-2.5385e+016
-2.90433e+016
-3.27415e+016
-3.64002e+016
-3.9936e+016
-4.32654e+016
-4.63018e+016
-4.89529e+016
-5.11348e+016
-5.27829e+016
-5.3825e+016
-5.41602e+016
-5.36769e+016
-5.23185e+016
-5.01199e+016
-4.7181e+016
-4.36479e+016
-3.97038e+016
-3.55284e+016
-3.12667e+016
-2.70809e+016
-2.31418e+016
-1.94931e+016
-1.61672e+016
-1.31812e+016
-1.05333e+016
-8.18324e+015
-6.12526e+015
-4.31074e+015
-2.76739e+015
-1.41006e+015
-2.98317e+014
3.84321e+015
3.82653e+015
3.73676e+015
3.61428e+015
3.44862e+015
3.23472e+015
2.96672e+015
2.63229e+015
2.21915e+015
1.71071e+015
1.08826e+015
3.30313e+014
-5.87725e+014
-1.68945e+015
-3.0004e+015
-4.54838e+015
-6.35909e+015
-8.45667e+015
-1.08622e+016
-1.35988e+016
-1.66841e+016
-2.01249e+016
-2.39115e+016
-2.80104e+016
-3.23743e+016
-3.69399e+016
-4.16232e+016
-4.63285e+016
-5.09484e+016
-5.53773e+016
-5.95205e+016
-6.32952e+016
-6.66397e+016
-6.95109e+016
-7.18785e+016
-7.37326e+016
-7.5066e+016
-7.58726e+016
-7.61449e+016
-7.58564e+016
-7.4962e+016
-7.34371e+016
-7.12727e+016
-6.84852e+016
-6.51174e+016
-6.12562e+016
-5.70236e+016
-5.25611e+016
-4.80108e+016
-4.34999e+016
-3.91346e+016
-3.49943e+016
-3.11275e+016
-2.75605e+016
-2.43032e+016
-2.13521e+016
-1.86962e+016
-1.63198e+016
-1.42055e+016
-1.23347e+016
-1.06861e+016
-9.24082e+015
-7.97734e+015
-6.87462e+015
-5.91737e+015
-5.09056e+015
-4.37916e+015
-3.76883e+015
-3.24617e+015
-2.79882e+015
-2.41562e+015
-2.0866e+015
-1.80283e+015
-1.55665e+015
-1.34118e+015
-1.15041e+015
-9.79248e+014
-8.23016e+014
-6.78678e+014
-5.44057e+014
-4.16499e+014
-2.94297e+014
-1.76469e+014
-6.29993e+013
4.4899e+013
1.45305e+014
2.32159e+014
3.04214e+014
3.30629e+014
2.68504e+014
-5.90358e+013
-8.8459e+014
-2.2266e+015
-4.14145e+015
-6.68049e+015
-9.88855e+015
-1.38222e+016
-1.85483e+016
-2.41396e+016
-3.07083e+016
-3.84292e+016
-4.75213e+016
-5.82063e+016
-7.07112e+016
-8.53226e+016
-1.02372e+017
-1.22106e+017
-1.4459e+017
-1.69749e+017
-1.97402e+017
-2.27078e+017
-2.5778e+017
-2.88089e+017
-3.16533e+017
-3.41733e+017
-3.62142e+017
-3.7601e+017
-3.8202e+017
-3.79814e+017
-3.69621e+017
-3.52198e+017
-3.28837e+017
-3.01165e+017
-2.70908e+017
-2.3971e+017
-2.09022e+017
-1.80006e+017
-1.53457e+017
-1.29809e+017
-1.09187e+017
-9.14936e+016
-7.6498e+016
-6.39018e+016
-5.33843e+016
-4.46317e+016
-3.73556e+016
-3.12999e+016
-2.62432e+016
-2.19987e+016
-1.84128e+016
-1.53593e+016
-1.27322e+016
-1.0446e+016
-8.44043e+015
-6.67933e+015
-5.13119e+015
-3.75519e+015
-2.52422e+015
-1.45166e+015
-5.11685e+014
3.75341e+014
1.18895e+015
1.84041e+015
2.24527e+015
2.36175e+015
2.18464e+015
1.72429e+015
9.98007e+014
1.24901e+013
-1.23546e+015
-2.7559e+015
-4.55668e+015
-6.64627e+015
-9.02736e+015
-1.1697e+016
-1.46435e+016
-1.78452e+016
-2.12659e+016
-2.48574e+016
-2.85601e+016
-3.23041e+016
-3.60102e+016
-3.95926e+016
-4.29641e+016
-4.60379e+016
-4.87243e+016
-5.09355e+016
-5.25986e+016
-5.36496e+016
-5.40052e+016
-5.35557e+016
-5.22226e+016
-5.00252e+016
-4.70675e+016
-4.35028e+016
-3.95159e+016
-3.52937e+016
-3.10043e+016
-2.67978e+016
-2.28079e+016
-1.91246e+016
-1.57959e+016
-1.28258e+016
-1.02151e+016
-7.90555e+015
-5.90142e+015
-4.13925e+015
-2.67202e+015
-1.37538e+015
-4.0801e+014
3.97281e+015
3.96362e+015
3.8684e+015
3.74707e+015
3.57939e+015
3.36518e+015
3.09747e+015
2.76464e+015
2.35446e+015
1.85091e+015
1.23689e+015
4.92917e+014
-4.04326e+014
-1.47881e+015
-2.75539e+015
-4.26072e+015
-6.02005e+015
-8.05671e+015
-1.03907e+016
-1.30414e+016
-1.60241e+016
-1.93443e+016
-2.29981e+016
-2.69567e+016
-3.11743e+016
-3.55969e+016
-4.01454e+016
-4.47319e+016
-4.9259e+016
-5.3626e+016
-5.77371e+016
-6.15097e+016
-6.48751e+016
-6.77835e+016
-7.01944e+016
-7.209e+016
-7.34547e+016
-7.42802e+016
-7.45522e+016
-7.42533e+016
-7.33501e+016
-7.18266e+016
-6.96831e+016
-6.69445e+016
-6.36589e+016
-5.99108e+016
-5.58163e+016
-5.15071e+016
-4.71135e+016
-4.27525e+016
-3.85227e+016
-3.44983e+016
-3.07282e+016
-2.72409e+016
-2.40489e+016
-2.11516e+016
-1.8541e+016
-1.6203e+016
-1.41211e+016
-1.22774e+016
-1.06532e+016
-9.23067e+015
-7.98627e+015
-6.89868e+015
-5.95237e+015
-5.13263e+015
-4.425e+015
-3.81567e+015
-3.29173e+015
-2.84126e+015
-2.45351e+015
-2.11883e+015
-1.82857e+015
-1.57526e+015
-1.35213e+015
-1.15329e+015
-9.73806e+014
-8.09095e+014
-6.56101e+014
-5.12467e+014
-3.75461e+014
-2.43265e+014
-1.14765e+014
1.0264e+013
1.30616e+014
2.45528e+014
3.49755e+014
4.37091e+014
5.05351e+014
4.98806e+014
3.48191e+014
-2.29398e+014
-1.32623e+015
-2.99134e+015
-5.31835e+015
-8.39448e+015
-1.22773e+016
-1.70089e+016
-2.26424e+016
-2.92807e+016
-3.70851e+016
-4.62258e+016
-5.68581e+016
-6.91698e+016
-8.34141e+016
-9.98487e+016
-1.18603e+017
-1.39639e+017
-1.62845e+017
-1.88031e+017
-2.14714e+017
-2.41952e+017
-2.68519e+017
-2.93241e+017
-3.15013e+017
-3.32534e+017
-3.44302e+017
-3.49211e+017
-3.47026e+017
-3.3802e+017
-3.22894e+017
-3.02727e+017
-2.78819e+017
-2.52547e+017
-2.25262e+017
-1.9818e+017
-1.7229e+017
-1.48293e+017
-1.2662e+017
-1.07447e+017
-9.07621e+016
-7.64269e+016
-6.42284e+016
-5.39187e+016
-4.52429e+016
-3.79556e+016
-3.18308e+016
-2.667e+016
-2.23047e+016
-1.85924e+016
-1.54113e+016
-1.26604e+016
-1.02626e+016
-8.16445e+015
-6.32305e+015
-4.69275e+015
-3.23061e+015
-1.91693e+015
-7.36399e+014
3.60812e+014
1.38455e+015
2.26757e+015
2.93566e+015
3.32742e+015
3.41636e+015
3.2104e+015
2.73306e+015
1.9984e+015
1.00611e+015
-2.50004e+014
-1.77754e+015
-3.58336e+015
-5.67551e+015
-8.06001e+015
-1.07359e+016
-1.36909e+016
-1.69033e+016
-2.03382e+016
-2.39483e+016
-2.76721e+016
-3.14382e+016
-3.5168e+016
-3.87753e+016
-4.21703e+016
-4.5263e+016
-4.79616e+016
-5.01774e+016
-5.18342e+016
-5.2867e+016
-5.32042e+016
-5.27505e+016
-5.14294e+016
-4.92472e+016
-4.63053e+016
-4.27602e+016
-3.87946e+016
-3.45922e+016
-3.03343e+016
-2.61823e+016
-2.22611e+016
-1.86374e+016
-1.53725e+016
-1.24534e+016
-9.89796e+015
-7.64497e+015
-5.71201e+015
-4.01455e+015
-2.6218e+015
-1.3613e+015
-4.98056e+014
4.11185e+015
4.1096e+015
4.00921e+015
3.88852e+015
3.71931e+015
3.50365e+015
3.23516e+015
2.90349e+015
2.49646e+015
1.99913e+015
1.39477e+015
6.64608e+014
-2.13122e+014
-1.26148e+015
-2.50442e+015
-3.96688e+015
-5.67309e+015
-7.64579e+015
-9.905e+015
-1.24679e+016
-1.53469e+016
-1.85464e+016
-2.20606e+016
-2.58706e+016
-2.99347e+016
-3.41985e+016
-3.85977e+016
-4.30499e+016
-4.74631e+016
-5.17438e+016
-5.57951e+016
-5.95375e+016
-6.29008e+016
-6.583e+016
-6.82731e+016
-7.02051e+016
-7.15993e+016
-7.24468e+016
-7.27244e+016
-7.24181e+016
-7.15133e+016
-7.00002e+016
-6.78887e+016
-6.52167e+016
-6.20376e+016
-5.84294e+016
-5.44975e+016
-5.03606e+016
-4.61374e+016
-4.19366e+016
-3.78515e+016
-3.39536e+016
-3.02913e+016
-2.68941e+016
-2.37767e+016
-2.0941e+016
-1.83815e+016
-1.60862e+016
-1.40413e+016
-1.22325e+016
-1.0639e+016
-9.2387e+015
-8.01027e+015
-6.93482e+015
-5.99721e+015
-5.18282e+015
-4.47747e+015
-3.86777e+015
-3.34127e+015
-2.88647e+015
-2.49303e+015
-2.15162e+015
-1.85382e+015
-1.5924e+015
-1.36071e+015
-1.15299e+015
-9.64499e+014
-7.90648e+014
-6.28329e+014
-4.75156e+014
-3.28364e+014
-1.86086e+014
-4.71551e+013
8.88354e+013
2.20607e+014
3.47763e+014
4.67027e+014
5.69254e+014
6.61594e+014
7.0926e+014
6.56285e+014
3.43236e+014
-4.74178e+014
-1.87939e+015
-3.96663e+015
-6.83125e+015
-1.05518e+016
-1.5189e+016
-2.08031e+016
-2.74797e+016
-3.53322e+016
-4.4485e+016
-5.50656e+016
-6.72429e+016
-8.12194e+016
-9.71547e+016
-1.15089e+017
-1.34944e+017
-1.56597e+017
-1.79836e+017
-2.04159e+017
-2.28701e+017
-2.52399e+017
-2.74228e+017
-2.93262e+017
-3.08451e+017
-3.18562e+017
-3.22654e+017
-3.20561e+017
-3.12569e+017
-2.99277e+017
-2.81591e+017
-2.60606e+017
-2.37448e+017
-2.13217e+017
-1.88962e+017
-1.65563e+017
-1.4365e+017
-1.23629e+017
-1.05702e+017
-8.99116e+016
-7.61819e+016
-6.43634e+016
-5.42639e+016
-4.56743e+016
-3.83863e+016
-3.22052e+016
-2.69568e+016
-2.24882e+016
-1.86649e+016
-1.53716e+016
-1.25145e+016
-1.00239e+016
-7.84408e+015
-5.91926e+015
-4.19133e+015
-2.61505e+015
-1.16812e+015
1.6347e+014
1.39431e+015
2.50366e+015
3.43295e+015
4.11091e+015
4.48054e+015
4.53609e+015
4.3108e+015
3.83139e+015
3.10173e+015
2.11546e+015
8.64472e+014
-6.58427e+014
-2.45923e+015
-4.54382e+015
-6.91673e+015
-9.57815e+015
-1.25193e+016
-1.57178e+016
-1.9139e+016
-2.27369e+016
-2.64512e+016
-3.02099e+016
-3.39349e+016
-3.75385e+016
-4.093e+016
-4.40206e+016
-4.67119e+016
-4.89128e+016
-5.05522e+016
-5.15579e+016
-5.18606e+016
-5.13839e+016
-5.00701e+016
-4.79238e+016
-4.50367e+016
-4.15627e+016
-3.76838e+016
-3.35852e+016
-2.94477e+016
-2.54122e+016
-2.16011e+016
-1.80742e+016
-1.4908e+016
-1.20752e+016
-9.60349e+015
-7.42768e+015
-5.56947e+015
-3.93e+015
-2.59964e+015
-1.35633e+015
-5.68706e+014
4.24768e+015
4.24849e+015
4.14332e+015
4.02245e+015
3.85217e+015
3.63403e+015
3.36312e+015
3.03044e+015
2.62483e+015
2.13222e+015
1.53636e+015
8.19041e+014
-4.02754e+013
-1.06371e+015
-2.2743e+015
-3.69585e+015
-5.35177e+015
-7.26421e+015
-9.45275e+015
-1.19334e+016
-1.4717e+016
-1.78068e+016
-2.11967e+016
-2.48681e+016
-2.87874e+016
-3.29016e+016
-3.71538e+016
-4.14708e+016
-4.57661e+016
-4.99517e+016
-5.39321e+016
-5.76352e+016
-6.0988e+016
-6.39241e+016
-6.63856e+016
-6.83424e+016
-6.97635e+016
-7.06296e+016
-7.09282e+016
-7.06268e+016
-6.97312e+016
-6.82489e+016
-6.61865e+016
-6.35758e+016
-6.04811e+016
-5.69859e+016
-5.31921e+016
-4.9208e+016
-4.51412e+016
-4.10912e+016
-3.7143e+016
-3.33657e+016
-2.98103e+016
-2.65052e+016
-2.34658e+016
-2.06963e+016
-1.81947e+016
-1.59533e+016
-1.39541e+016
-1.21809e+016
-1.06155e+016
-9.23424e+015
-8.01966e+015
-6.95541e+015
-6.02601e+015
-5.21675e+015
-4.51371e+015
-3.90388e+015
-3.37521e+015
-2.91661e+015
-2.51809e+015
-2.1706e+015
-1.86598e+015
-1.59719e+015
-1.35771e+015
-1.14197e+015
-9.45281e+014
-7.6315e+014
-5.92472e+014
-4.30721e+014
-2.75096e+014
-1.2362e+014
2.48819e+013
1.70906e+014
3.13197e+014
4.50711e+014
5.82201e+014
6.9695e+014
7.99639e+014
8.8757e+014
9.03813e+014
8.11417e+014
3.61031e+014
-7.05495e+014
-2.48935e+015
-5.08972e+015
-8.59563e+015
-1.30786e+016
-1.86114e+016
-2.52749e+016
-3.31489e+016
-4.23242e+016
-5.29083e+016
-6.50334e+016
-7.88384e+016
-9.44026e+016
-1.11717e+017
-1.3071e+017
-1.51253e+017
-1.73068e+017
-1.95629e+017
-2.18158e+017
-2.39743e+017
-2.59511e+017
-2.76624e+017
-2.90135e+017
-2.98994e+017
-3.02452e+017
-3.00433e+017
-2.93222e+017
-2.81316e+017
-2.6548e+017
-2.46648e+017
-2.25795e+017
-2.03871e+017
-1.81772e+017
-1.60275e+017
-1.3997e+017
-1.21242e+017
-1.04306e+017
-8.92356e+016
-7.60004e+016
-6.4496e+016
-5.45732e+016
-4.60595e+016
-3.87773e+016
-3.25571e+016
-2.72432e+016
-2.26934e+016
-1.87796e+016
-1.53912e+016
-1.24409e+016
-9.85918e+015
-7.58048e+015
-5.53651e+015
-3.66671e+015
-1.93726e+015
-3.45534e+014
1.10554e+015
2.42167e+015
3.58697e+015
4.54813e+015
5.22671e+015
5.57174e+015
5.60546e+015
5.3748e+015
4.90036e+015
4.1795e+015
3.2039e+015
1.96448e+015
4.5352e+014
-1.33498e+015
-3.40547e+015
-5.76124e+015
-8.40034e+015
-1.13126e+016
-1.44782e+016
-1.78659e+016
-2.14312e+016
-2.5114e+016
-2.88437e+016
-3.25449e+016
-3.61285e+016
-3.9497e+016
-4.25662e+016
-4.52324e+016
-4.73893e+016
-4.89766e+016
-4.99216e+016
-5.01505e+016
-4.96166e+016
-4.82866e+016
-4.61735e+016
-4.33657e+016
-4.00089e+016
-3.62754e+016
-3.23391e+016
-2.83682e+016
-2.4491e+016
-2.08402e+016
-1.74606e+016
-1.44304e+016
-1.17161e+016
-9.34535e+015
-7.24772e+015
-5.45403e+015
-3.86044e+015
-2.57896e+015
-1.3387e+015
-6.23073e+014
4.36804e+015
4.36557e+015
4.25617e+015
4.13541e+015
3.9683e+015
3.74994e+015
3.47794e+015
3.14454e+015
2.73933e+015
2.24955e+015
1.65987e+015
9.52853e+014
1.08817e+014
-8.93596e+014
-2.07677e+015
-3.4637e+015
-5.07709e+015
-6.93832e+015
-9.06631e+015
-1.14762e+016
-1.4178e+016
-1.71744e+016
-2.04589e+016
-2.40136e+016
-2.78095e+016
-3.17938e+016
-3.59164e+016
-4.01107e+016
-4.42971e+016
-4.83907e+016
-5.23045e+016
-5.59718e+016
-5.93057e+016
-6.22337e+016
-6.47013e+016
-6.66696e+016
-6.81142e+016
-6.90053e+016
-6.93434e+016
-6.90711e+016
-6.82012e+016
-6.67647e+016
-6.47619e+016
-6.22282e+016
-5.92429e+016
-5.58767e+016
-5.22196e+016
-4.83776e+016
-4.4453e+016
-4.05394e+016
-3.67161e+016
-3.30482e+016
-2.95876e+016
-2.63642e+016
-2.33936e+016
-2.06821e+016
-1.8225e+016
-1.60159e+016
-1.40412e+016
-1.22819e+016
-1.07215e+016
-9.34252e+015
-8.12832e+015
-7.06266e+015
-6.13001e+015
-5.31582e+015
-4.60639e+015
-3.989e+015
-3.4519e+015
-2.98423e+015
-2.57628e+015
-2.21914e+015
-1.90483e+015
-1.62642e+015
-1.37741e+015
-1.15241e+015
-9.4661e+014
-7.55582e+014
-5.76296e+014
-4.05955e+014
-2.41717e+014
-8.17393e+013
7.48924e+013
2.28488e+014
3.77982e+014
5.2202e+014
6.60118e+014
7.83388e+014
8.93125e+014
9.95623e+014
1.0391e+015
1.0172e+015
8.26152e+014
7.54019e+013
-1.46885e+015
-3.89013e+015
-7.2831e+015
-1.17057e+016
-1.72182e+016
-2.38819e+016
-3.17601e+016
-4.09297e+016
-5.14913e+016
-6.35507e+016
-7.71895e+016
-9.24396e+016
-1.0928e+017
-1.27629e+017
-1.4732e+017
-1.68038e+017
-1.89245e+017
-2.10224e+017
-2.30204e+017
-2.48438e+017
-2.64149e+017
-2.76411e+017
-2.84293e+017
-2.87262e+017
-2.85335e+017
-2.78733e+017
-2.67841e+017
-2.53341e+017
-2.36061e+017
-2.16883e+017
-1.96654e+017
-1.76148e+017
-1.56061e+017
-1.36958e+017
-1.19213e+017
-1.03045e+017
-8.85473e+016
-7.57182e+016
-6.4485e+016
-5.47279e+016
-4.62991e+016
-3.90414e+016
-3.28029e+016
-2.74428e+016
-2.28295e+016
-1.88401e+016
-1.53651e+016
-1.23159e+016
-9.62296e+015
-7.22472e+015
-5.06081e+015
-3.07514e+015
-1.2384e+015
4.41611e+014
1.95252e+015
3.30532e+015
4.50489e+015
5.49334e+015
6.17193e+015
6.50756e+015
6.54541e+015
6.32908e+015
5.87376e+015
5.17602e+015
4.22232e+015
3.00158e+015
1.50715e+015
-2.64861e+014
-2.31674e+015
-4.64965e+015
-7.2608e+015
-1.01386e+016
-1.32643e+016
-1.66082e+016
-2.01259e+016
-2.37623e+016
-2.74456e+016
-3.10912e+016
-3.46131e+016
-3.79183e+016
-4.09254e+016
-4.35444e+016
-4.56606e+016
-4.72168e+016
-4.81603e+016
-4.83948e+016
-4.78799e+016
-4.6607e+016
-4.46005e+016
-4.19385e+016
-3.87494e+016
-3.51974e+016
-3.14484e+016
-2.76634e+016
-2.39604e+016
-2.04789e+016
-1.72445e+016
-1.43252e+016
-1.16957e+016
-9.38462e+015
-7.32327e+015
-5.55169e+015
-3.97012e+015
-2.69937e+015
-1.42384e+015
-7.26258e+014
4.45859e+015
4.4524e+015
4.3379e+015
4.21083e+015
4.04532e+015
3.82571e+015
3.55249e+015
3.21944e+015
2.81558e+015
2.32869e+015
1.74425e+015
1.04532e+015
2.12909e+014
-7.73684e+014
-1.9363e+015
-3.29737e+015
-4.87908e+015
-6.70237e+015
-8.78577e+015
-1.11441e+016
-1.37868e+016
-1.67163e+016
-1.99264e+016
-2.33997e+016
-2.71099e+016
-3.1005e+016
-3.5037e+016
-3.91443e+016
-4.32505e+016
-4.7277e+016
-5.11435e+016
-5.47856e+016
-5.81075e+016
-6.10373e+016
-6.35179e+016
-6.54975e+016
-6.69479e+016
-6.7834e+016
-6.81721e+016
-6.79324e+016
-6.70959e+016
-6.57144e+016
-6.37128e+016
-6.11565e+016
-5.82098e+016
-5.49089e+016
-5.13247e+016
-4.75592e+016
-4.37135e+016
-3.9879e+016
-3.6132e+016
-3.25375e+016
-2.91455e+016
-2.59838e+016
-2.3068e+016
-2.04049e+016
-1.79915e+016
-1.58184e+016
-1.38723e+016
-1.21384e+016
-1.06009e+016
-9.24253e+015
-8.04639e+015
-6.99617e+015
-6.07646e+015
-5.27278e+015
-4.57156e+015
-3.96023e+015
-3.42727e+015
-2.96203e+015
-2.55501e+015
-2.19749e+015
-1.88171e+015
-1.60085e+015
-1.34859e+015
-1.11969e+015
-9.09329e+014
-7.13361e+014
-5.28801e+014
-3.52723e+014
-1.82572e+014
-1.67262e+013
1.45662e+014
3.04765e+014
4.59778e+014
6.0948e+014
7.52738e+014
8.85022e+014
1.00614e+015
1.11833e+015
1.19366e+015
1.26061e+015
1.34344e+015
1.07961e+015
-7.58168e+013
-2.23622e+015
-5.43998e+015
-9.72722e+015
-1.51396e+016
-2.17235e+016
-2.95335e+016
-3.864e+016
-4.91288e+016
-6.10828e+016
-7.4562e+016
-8.95957e+016
-1.06166e+017
-1.24175e+017
-1.43424e+017
-1.63568e+017
-1.84079e+017
-2.043e+017
-2.23528e+017
-2.41035e+017
-2.56009e+017
-2.67546e+017
-2.74849e+017
-2.7765e+017
-2.75882e+017
-2.69658e+017
-2.59365e+017
-2.45712e+017
-2.29405e+017
-2.11258e+017
-1.92072e+017
-1.72563e+017
-1.53374e+017
-1.35042e+017
-1.17937e+017
-1.02275e+017
-8.81599e+016
-7.56042e+016
-6.45546e+016
-5.49087e+016
-4.65343e+016
-3.92875e+016
-3.30295e+016
-2.76316e+016
-2.29699e+016
-1.89212e+016
-1.53729e+016
-1.22391e+016
-9.46302e+015
-6.99621e+015
-4.77441e+015
-2.72014e+015
-7.95841e+014
9.62293e+014
2.5092e+015
3.87491e+015
5.11235e+015
6.14957e+015
6.84837e+015
7.18872e+015
7.22953e+015
7.01103e+015
6.55501e+015
5.86587e+015
4.92084e+015
3.70871e+015
2.22501e+015
4.66161e+014
-1.5698e+015
-3.88285e+015
-6.46866e+015
-9.31563e+015
-1.24055e+016
-1.57069e+016
-1.91792e+016
-2.27709e+016
-2.64038e+016
-3.00015e+016
-3.34909e+016
-3.67703e+016
-3.97428e+016
-4.23252e+016
-4.44023e+016
-4.59088e+016
-4.68326e+016
-4.70682e+016
-4.65326e+016
-4.52341e+016
-4.32361e+016
-4.06246e+016
-3.75103e+016
-3.40534e+016
-3.04152e+016
-2.67503e+016
-2.31728e+016
-1.98103e+016
-1.66909e+016
-1.38634e+016
-1.13109e+016
-9.06091e+015
-7.05783e+015
-5.33231e+015
-3.79845e+015
-2.56475e+015
-1.32744e+015
-6.95089e+014
4.50568e+015
4.49944e+015
4.402e+015
4.27465e+015
4.11925e+015
3.90043e+015
3.62555e+015
3.2921e+015
2.88877e+015
2.40384e+015
1.82343e+015
1.13092e+015
3.07616e+014
-6.66819e+014
-1.8139e+015
-3.15568e+015
-4.71396e+015
-6.50931e+015
-8.55994e+015
-1.08803e+016
-1.34797e+016
-1.63603e+016
-1.95157e+016
-2.29289e+016
-2.65727e+016
-3.04039e+016
-3.43719e+016
-3.84165e+016
-4.24663e+016
-4.64474e+016
-5.02828e+016
-5.39049e+016
-5.72279e+016
-6.01759e+016
-6.26905e+016
-6.47144e+016
-6.62227e+016
-6.71756e+016
-6.75337e+016
-6.73177e+016
-6.65275e+016
-6.51727e+016
-6.32638e+016
-6.08222e+016
-5.79354e+016
-5.46916e+016
-5.11745e+016
-4.74792e+016
-4.37007e+016
-3.99265e+016
-3.62319e+016
-3.26792e+016
-2.93161e+016
-2.61734e+016
-2.32688e+016
-2.06092e+016
-1.81924e+016
-1.60121e+016
-1.40577e+016
-1.23144e+016
-1.07662e+016
-9.3965e+015
-8.18863e+015
-7.12668e+015
-6.1954e+015
-5.38042e+015
-4.66828e+015
-4.04649e+015
-3.50357e+015
-3.02897e+015
-2.61316e+015
-2.2475e+015
-1.92425e+015
-1.6365e+015
-1.37807e+015
-1.14359e+015
-9.28309e+014
-7.28123e+014
-5.39721e+014
-3.60249e+014
-1.87344e+014
-1.93711e+013
1.44574e+014
3.04628e+014
4.60121e+014
6.09992e+014
7.52333e+014
8.84268e+014
1.00528e+015
1.11421e+015
1.19731e+015
1.25775e+015
1.29056e+015
1.04022e+015
-3.91896e+013
-2.19787e+015
-5.40401e+015
-9.70372e+015
-1.51378e+016
-2.17515e+016
-2.95996e+016
-3.87502e+016
-4.92793e+016
-6.12546e+016
-7.47213e+016
-8.96923e+016
-1.06133e+017
-1.23936e+017
-1.42883e+017
-1.62619e+017
-1.82642e+017
-2.02341e+017
-2.2102e+017
-2.3792e+017
-2.52227e+017
-2.63138e+017
-2.69992e+017
-2.72434e+017
-2.7051e+017
-2.64392e+017
-2.54459e+017
-2.41177e+017
-2.25312e+017
-2.07661e+017
-1.88998e+017
-1.70025e+017
-1.51352e+017
-1.33473e+017
-1.16745e+017
-1.01387e+017
-8.75079e+016
-7.51285e+016
-6.42047e+016
-5.46441e+016
-4.63219e+016
-3.91007e+016
-3.28486e+016
-2.74435e+016
-2.27652e+016
-1.869e+016
-1.51042e+016
-1.19266e+016
-9.11098e+015
-6.6122e+015
-4.34956e+015
-2.22796e+015
-2.22905e+014
1.58082e+015
3.10256e+015
4.41357e+015
5.64873e+015
6.70802e+015
7.40226e+015
7.75158e+015
7.83303e+015
7.66301e+015
7.27311e+015
6.66201e+015
5.76122e+015
4.56967e+015
3.1016e+015
1.36205e+015
-6.4831e+014
-2.92866e+015
-5.47466e+015
-8.27591e+015
-1.13147e+016
-1.45631e+016
-1.79823e+016
-2.15229e+016
-2.51193e+016
-2.87003e+016
-3.21893e+016
-3.54903e+016
-3.85038e+016
-4.11378e+016
-4.3304e+016
-4.49059e+016
-4.58645e+016
-4.6159e+016
-4.57506e+016
-4.4622e+016
-4.27782e+016
-4.0296e+016
-3.73189e+016
-3.39978e+016
-3.04841e+016
-2.69221e+016
-2.34313e+016
-2.01128e+016
-1.70227e+016
-1.41978e+016
-1.16502e+016
-9.38117e+015
-7.37663e+015
-5.62279e+015
-4.09369e+015
-2.79898e+015
-1.61042e+015
-9.31624e+014
)
;

boundaryField
{
    walls
    {
        type            zeroGradient;
    }
    inlet
    {
        type            zeroGradient;
    }
    outlet
    {
        type            fixedValue;
        value           uniform 0;
    }
    frontAndBack
    {
        type            empty;
    }
}


// ************************************************************************* //
