/*--------------------------------*- C++ -*----------------------------------*\
| =========                 |                                                 |
| \\      /  F ield         | OpenFOAM: The Open Source CFD Toolbox           |
|  \\    /   O peration     | Version:  5.x                                   |
|   \\  /    A nd           | Web:      www.OpenFOAM.org                      |
|    \\/     M anipulation  |                                                 |
\*---------------------------------------------------------------------------*/
/*   Windows 32 and 64 bit porting by blueCAPE: http://www.bluecape.com.pt   *\
|  Based on Windows porting (2.0.x v4) by Symscape: http://www.symscape.com   |
\*---------------------------------------------------------------------------*/
FoamFile
{
    version     2.0;
    format      ascii;
    class       surfaceScalarField;
    location    "1000";
    object      phi;
}
// * * * * * * * * * * * * * * * * * * * * * * * * * * * * * * * * * * * * * //

dimensions      [0 3 -1 0 0 0 0];

internalField   nonuniform List<scalar> 
7780
(
-298.753
298.753
-678.002
379.249
-1043.07
365.065
-1396.02
352.955
-1747.15
351.13
-2102.09
354.936
-2465.91
363.827
-2843.24
377.323
-3238.36
395.121
-3655.25
416.892
-4097.42
442.167
-4567.8
470.383
-5068.65
500.852
-5601.44
532.788
-6166.77
565.333
-6764.35
597.576
-7393
628.649
-8050.64
657.642
-8734.32
683.677
-9440.22
705.904
-10163.3
723.033
-10897.3
734.085
-11635.4
738.026
-12369.2
733.874
-13090.5
721.256
-13790.6
700.07
-14460.9
670.333
-15093.4
632.469
-15680.4
587.08
-16215.3
534.871
-16692.3
476.94
-17107.2
414.927
-17457.2
350.017
-17740.1
282.853
-17954.4
214.295
-18099.3
144.911
-18174.3
75.0176
-18181.2
6.90411
-18121.4
-59.8247
-17995.9
-125.434
-17807.7
-188.208
-17560.6
-247.147
-17258.4
-302.14
-16906.5
-351.897
-16510.7
-395.81
-16077.8
-432.937
-15614.2
-463.544
-15126.6
-487.654
-14621.5
-505.051
-14105.3
-516.202
-13584.1
-521.197
-13063.9
-520.268
-12549.8
-514.083
-12046.5
-503.287
-11558
-488.526
-11087.6
-470.392
-10638.1
-449.514
-10211.6
-426.474
-9809.8
-401.797
-9433.82
-375.976
-9084.37
-349.451
-8761.78
-322.594
-8466.03
-295.742
-8196.76
-269.269
-7953.23
-243.536
-7734.38
-218.849
-7538.99
-195.389
-7365.62
-173.374
-7212.6
-153.021
-7078.02
-134.577
-6959.66
-118.361
-6855.05
-104.611
-6761.56
-93.4902
-6676.27
-85.2903
-6595.56
-80.7036
-6514.56
-81.0067
-6426.29
-88.2685
-6321.9
-104.385
-6191.23
-130.671
-6021.33
-169.906
-5794.31
-227.017
-5487.58
-306.726
-5076.84
-410.744
-4541.47
-535.373
-3868.56
-672.9
-3061.42
-807.142
-2146.67
-914.752
-1137.35
-1009.32
-11.1697
-1126.18
1247.39
-1258.56
2630.48
-1383.09
4094.62
-1464.14
5570.51
-1475.89
7024.29
-1453.78
8462.84
-1438.55
9901.07
-1438.23
11355.3
-1454.26
12843.1
-1487.77
14383.1
-1540.01
15995.6
-1612.47
17702
-1706.46
19524.7
-1822.69
21485.6
-1960.86
23604.9
-2119.31
25899.3
-2294.4
28379
-2479.68
31043.7
-2664.71
33877.4
-2833.68
36846.1
-2968.71
39888.1
-3041.98
42916.6
-3028.48
45840.9
-2924.33
48538.1
-2697.24
50870.1
-2331.99
52767.2
-1897.08
54093.9
-1326.67
54796.8
-702.942
54892.7
-95.927
54307.5
585.207
53041.1
1266.43
51166.2
1874.91
48762.5
2403.72
45946.2
2816.25
42856.4
3089.79
39638.1
3218.31
36429.5
3208.6
33339.9
3089.6
30440.7
2899.24
27774.3
2666.4
25356.4
2417.88
23183.9
2172.44
21243.9
1940.09
19517.7
1726.16
17982.3
1535.41
16613
1369.25
15387.1
1225.91
14283.6
1103.55
13283.2
1000.36
12368.7
914.489
11524.6
844.131
10737.2
787.366
9994.83
742.397
9287.36
707.469
8606.79
680.566
7946.7
660.089
7302.25
644.448
6670.57
631.685
6049.36
621.212
5437.1
612.259
4833.71
603.385
4236.97
596.738
3644.8
592.178
3057
587.797
2462.53
594.472
1843.58
618.949
1184.19
659.392
564.823
619.362
66.5347
498.288
-552.137
618.672
-1386.74
834.605
-2299.78
913.036
-3220.94
921.164
-4127.13
906.186
-5005.32
878.191
-5848.31
842.994
-6651.43
803.117
-7411.55
760.119
-8126.11
714.564
-8792.64
666.529
-9408.49
615.842
-9970.62
562.133
-10475.5
504.925
-10919.4
443.901
-11298.7
379.254
-11610.3
311.563
-11851.4
241.106
-12019.1
167.688
-12109.9
90.8181
-12125.2
15.3701
-12067.7
-57.5106
-11935.6
-132.142
-11733.4
-202.218
-11465.6
-267.725
-11138.1
-327.565
-10757
-381.07
-10330.1
-426.884
-9866.19
-463.935
-9374.74
-491.453
-8865.48
-509.26
-8348.59
-516.894
-7835
-513.588
-7335.16
-499.835
-6859.24
-475.924
-6418.72
-440.522
-6023.07
-395.65
-5671.47
-351.603
-5364.28
-307.188
-5104.79
-259.492
-4954.51
-150.28
-40.0071
-371.433
670.186
-708.129
715.945
-1038.86
695.797
-1372.88
686.97
-1708.74
686.992
-2050.27
696.471
-2401.8
715.356
-2768.07
743.594
-3153.63
780.681
-3562.65
825.909
-3998.77
878.286
-4464.97
936.586
-4963.46
999.337
-5495.52
1064.85
-6061.47
1131.29
-6660.58
1196.68
-7291.17
1259.24
-7950.87
1317.34
-8636.65
1369.46
-9344.15
1413.41
-10067.4
1446.27
-10799.2
1465.9
-11531.7
1470.48
-12256.5
1458.7
-12965.2
1429.96
-13649.1
1383.99
-14300
1321.21
-14909.9
1242.38
-15471.6
1148.73
-15978.5
1041.81
-16425.2
923.681
-16807.7
797.38
-17123.5
665.79
-17371
530.411
-17549.4
392.726
-17658.8
254.244
-17700.1
116.307
-17675
-18.1744
-17584
-150.81
-17427.3
-282.159
-17207.7
-407.794
-16929
-525.799
-16595.6
-635.622
-16212.8
-734.651
-15786.6
-822
-15324.1
-895.489
-14833.1
-954.523
-14321
-999.706
-13794.8
-1031.25
-13262
-1049.06
-12729
-1054.19
-12201.6
-1047.65
-11685.3
-1030.34
-11184.8
-1003.78
-10704
-969.376
-10245.8
-928.607
-9812.39
-882.909
-9405.37
-833.496
-9025.6
-781.567
-8673.4
-728.178
-8348.59
-674.254
-8050.63
-620.559
-7778.84
-567.534
-7532.53
-515.577
-7310.75
-465.319
-7112.21
-417.388
-6935.46
-372.14
-6778.97
-329.865
-6641.08
-290.903
-6520.07
-255.594
-6414.06
-224.363
-6321
-197.673
-6238.38
-176.11
-6163.05
-160.625
-6091.2
-152.557
-6018.68
-153.521
-5940.89
-166.058
-5851.03
-194.247
-5738.29
-243.409
-5587.91
-320.291
-5381.25
-433.674
-5097.01
-590.964
-4711.22
-796.534
-4203.08
-1043.51
-3565.51
-1310.48
-2798.32
-1574.33
-1892.56
-1820.51
-850.165
-2051.72
298.745
-2275.09
1508.28
-2468.1
2734.52
-2609.33
3963.41
-2693.03
5212.78
-2725.26
6490.76
-2731.76
7790.37
-2738.16
9109.89
-2757.75
10454.1
-2798.51
11833.7
-2867.37
13264.1
-2970.37
14764.3
-3112.66
16356.2
-3298.41
18064.1
-3530.58
19913.6
-3810.3
21929.8
-4135.59
24136
-4500.6
26549.4
-4893.09
29177.4
-5292.7
32012.9
-5669.13
35023.7
-5979.5
38162.4
-6180.66
41344.4
-6210.54
44434.4
-6014.27
47348.1
-5610.96
49941.4
-4925.34
52042.7
-3998.32
53668.4
-2952.4
54696.7
-1731.2
55009.2
-408.468
54696.8
897.605
53764.6
2198.62
52153.7
3485.83
49917.4
4640
47158.6
5575.07
44015.5
6232.88
40644.2
6589.66
37199.2
6653.53
33832.7
6456.18
30664.3
6067.6
27760.3
5570.37
25150.5
5027.7
22833.7
4489.29
20788.9
3984.87
18989.6
3525.4
17409.3
3115.75
16019.8
2758.77
14792.6
2453.07
13701.4
2194.77
12722.6
1979.17
11835.6
1801.51
11022.3
1657.35
10267.3
1542.38
9557.21
1452.53
8880.72
1383.96
8228.59
1332.7
7593.67
1295.01
6970.82
1267.3
6356.56
1245.94
5749.32
1228.45
5148.61
1212.97
4553.93
1198.07
3965.33
1185.34
3382.16
1175.35
2802.61
1167.35
2226.66
1170.42
1646.81
1198.8
1086.14
1220.06
560.66
1144.84
-150.381
1209.33
-1100.86
1569.15
-2048.59
1782.34
-2971.33
1835.77
-3878.89
1828.72
-4758.07
1785.36
-5602.44
1722.57
-6408.4
1648.96
-7174.23
1568.95
-7898.55
1484.43
-8579.55
1395.57
-9214.82
1301.8
-9801.31
1202.32
-10335.5
1096.3
-10813.7
983.134
-11232.2
862.433
-11587.2
734.216
-11874.6
598.941
-12090.6
457.104
-12232.4
309.492
-12302.1
160.562
-12299.1
12.4087
-12220.2
-136.496
-12065.1
-287.183
-11837
-430.298
-11539.9
-564.874
-11180.7
-686.797
-10767
-794.748
-10307.6
-886.29
-9811.59
-959.915
-9289.66
-1013.38
-8754.08
-1044.85
-8216.43
-1054.54
-7687.41
-1042.6
-7178.16
-1009.08
-6699.08
-955.014
-6259.18
-880.415
-5867.37
-787.465
-5535.64
-683.333
-5269.97
-572.857
-5050.31
-479.149
-4896.25
-304.336
-73.5387
-341.67
1011.86
-647.055
1021.33
-950.06
998.802
-1256.79
993.703
-1567.24
997.438
-1885.92
1015.15
-2216.98
1046.42
-2565.2
1091.81
-2934.94
1150.42
-3330.17
1221.14
-3754.23
1302.34
-4209.7
1392.06
-4698.31
1487.94
-5220.73
1587.27
-5776.62
1687.18
-6364.5
1784.56
-6982.29
1877.03
-7628.31
1963.36
-8299.61
2040.76
-8990.66
2104.45
-9695.11
2150.73
-10405.9
2176.66
-11115.5
2180.13
-11816.5
2159.73
-12500.9
2114.28
-13160.5
2043.58
-13787.5
1948.26
-14374.7
1829.57
-14915.5
1689.55
-15404.7
1530.97
-15837.8
1356.82
-16210.8
1170.4
-16520.5
975.464
-16765
774.881
-16943.1
570.845
-17054.2
365.375
-17098.3
160.391
-17074.6
-41.8566
-16985.4
-240.042
-16831.8
-435.79
-16615.3
-624.306
-16338.2
-802.822
-16004.5
-969.336
-15618.7
-1120.44
-15186.1
-1254.6
-14713.1
-1368.56
-14207.6
-1460.01
-13677.4
-1529.87
-13129.8
-1578.91
-12571.6
-1607.19
-12009.8
-1615.96
-11450.9
-1606.61
-10900.5
-1580.71
-10364.1
-1540.21
-9846.37
-1487.09
-9351.66
-1423.32
-8883.76
-1350.8
-8445.75
-1271.51
-8039.92
-1187.4
-7667.83
-1100.28
-7330.24
-1011.84
-7027.07
-923.729
-6757.35
-837.254
-6519.14
-753.787
-6310.05
-674.408
-6127.58
-599.852
-5969.14
-530.582
-5832.13
-466.874
-5714.04
-409
-5612.36
-357.27
-5524.68
-312.046
-5448.75
-273.597
-5382.6
-242.267
-5324.28
-218.938
-5271.57
-205.272
-5221.88
-203.209
-5171.78
-216.153
-5115.04
-250.99
-5044.74
-313.712
-4951.28
-413.746
-4819.27
-565.687
-4627.1
-783.139
-4348.27
-1075.36
-3952.08
-1439.71
-3406.04
-1856.52
-2696.85
-2283.51
-1840.55
-2676.81
-872.093
-3020.17
168.681
-3315.87
1253.55
-3552.96
2361.72
-3717.5
3485.72
-3817.03
4630.1
-3869.64
5796.02
-3897.67
6980.51
-3922.65
8185
-3962.24
9416.81
-4030.33
10688.3
-4138.89
12016.2
-4298.27
13420.7
-4517.12
14925.1
-4802.85
16555.7
-5161.09
18340
-5594.65
20305.6
-6101.22
22477
-6672
24871.5
-7287.58
27493.6
-7914.78
30331.6
-8507.11
33344.5
-8992.46
36456.4
-9292.53
39566.2
-9320.37
42553.4
-9001.45
45287.7
-8345.22
47687.4
-7325.06
49661.6
-5972.55
51111.9
-4402.72
52030.6
-2649.84
52428.9
-806.77
52241
1085.49
51438.2
3001.39
50043.9
4880.13
48081.9
6602.05
45608.1
8048.83
42718.3
9122.71
39541.7
9766.26
36220.6
9974.65
32897.3
9779.4
29709.9
9255.06
26757.8
8522.47
24088
7697.52
21714.4
6862.84
19628.8
6070.44
17806.6
5347.64
16217.1
4705.22
14830.4
4145.49
13617.6
3665.88
12551.6
3260.77
11607.7
2923.12
10763.6
2645.55
9999.92
2421.04
9299.32
2242.97
8646.83
2105.02
8029.46
2001.32
7436.08
1926.08
6857.75
1873.34
6287.68
1837.37
5721.03
1812.6
5155.62
1793.86
4590.91
1777.67
4027
1761.98
3465.62
1746.72
2907.05
1733.92
2350.8
1723.6
1797.27
1723.95
1250.53
1745.54
733.117
1737.47
108.776
1769.18
-845.474
2163.58
-1830.23
2553.9
-2730.97
2683.08
-3591.78
2696.58
-4416.14
2653.09
-5208.09
2577.32
-5969.5
2483.97
-6701.09
2380.55
-7402.77
2270.63
-8072.7
2154.36
-8708.22
2031.09
-9306.13
1899.72
-9862.75
1758.94
-10373.9
1607.5
-10835.2
1444.42
-11242.3
1269.48
-11591.6
1083.54
-11880.3
887.687
-12105.6
682.379
-12265.1
469.007
-12353.8
249.251
-12366
24.6109
-12304.2
-198.307
-12172.6
-418.763
-11970.8
-632.088
-11700.7
-834.997
-11364.3
-1023.2
-10966.7
-1192.37
-10514.9
-1338.12
-10016.9
-1457.84
-9482.44
-1547.89
-8922.37
-1604.91
-8350.88
-1626.03
-7783.59
-1609.89
-7236.07
-1556.61
-6722.02
-1469.06
-6251.77
-1350.66
-5835.94
-1203.3
-5484.33
-1034.94
-5197.12
-860.07
-4973.01
-703.262
-4806.65
-470.691
-112.8
-308.533
1320.39
-583.697
1296.49
-858.458
1273.56
-1136.03
1271.27
-1418.5
1279.9
-1710.64
1307.29
-2016.69
1352.47
-2341.07
1416.19
-2687.72
1497.07
-3059.97
1593.4
-3460.53
1702.9
-3891.33
1822.86
-4353.49
1950.1
-4847.14
2080.92
-5371.57
2211.6
-5924.81
2337.81
-6506.04
2458.26
-7114.97
2572.29
-7747.69
2673.47
-8399.03
2755.8
-9063.94
2815.63
-9736.66
2849.38
-10410.8
2854.25
-11079.3
2828.26
-11734.8
2769.73
-12369.3
2678.09
-12975
2554.01
-13544.6
2399.19
-14071.5
2216.4
-14550
2009.46
-14976
1782.83
-15346.3
1540.7
-15657.5
1286.64
-15907.2
1024.57
-16093.7
757.43
-16216.1
487.758
-16273.9
218.13
-16266.3
-49.4555
-16193.7
-312.587
-16058.3
-571.245
-15860.7
-821.902
-15602.7
-1060.81
-15287.4
-1284.57
-14919.1
-1488.79
-14503.1
-1670.59
-14045.4
-1826.24
-13552.2
-1953.21
-13031.4
-2050.71
-12490.5
-2119.74
-11936.3
-2161.45
-11375.2
-2177.03
-10813.3
-2168.55
-10255.5
-2138.48
-9706.47
-2089.25
-9170.19
-2023.38
-8650.18
-1943.33
-8149.43
-1851.54
-7670.64
-1750.3
-7216.36
-1641.67
-6788.93
-1527.71
-6390.42
-1410.35
-6022.87
-1291.28
-5687.74
-1172.39
-5385.88
-1055.65
-5117.55
-942.738
-4882.23
-835.168
-4678.62
-734.195
-4504.72
-640.773
-4358.14
-555.583
-4236.16
-479.252
-4135.89
-412.317
-4054.38
-355.105
-3988.79
-307.851
-3936.71
-271.024
-3896.63
-245.35
-3867.59
-232.252
-3848.52
-235.224
-3836.58
-262.923
-3833.85
-316.445
-3833.89
-413.708
-3824.77
-574.807
-3783.55
-824.356
-3676.47
-1182.44
-3465.76
-1650.41
-3107.94
-2214.34
-2565.52
-2825.93
-1844.42
-3397.91
-998.279
-3866.32
-82.9835
-4231.16
871.354
-4507.3
1852.24
-4698.38
2852.45
-4817.25
3871.01
-4888.2
4907.12
-4933.79
5960.58
-4976.11
7035.13
-5036.78
8139.52
-5134.72
9287.23
-5286.6
10495.1
-5506.16
11782.3
-5804.27
13171.4
-6192.01
14688.7
-6678.33
16360.9
-7266.88
18213.2
-7953.49
20265.9
-8724.73
22532.4
-9554.07
25012.5
-10394.9
27686.2
-11180.9
30497.4
-11803.7
33346.4
-12141.5
36135.4
-12109.3
38780.1
-11646.2
41173.3
-10738.4
43240.8
-9392.51
44927.9
-7659.71
46161.8
-5636.55
46935.4
-3423.47
47256.1
-1127.47
47099.1
1242.51
46437.9
3662.61
45262.1
6055.87
43587.4
8276.78
41464.1
10172.1
38972.2
11614.6
36211.5
12527
33292.8
12893.4
30326.9
12745.4
27425
12156.9
24692.5
11255
22195.6
10194.4
19961.8
9096.62
17991.2
8041.07
16265.2
7073.67
14758.1
6212.32
13442.7
5460.84
12292.8
4815.76
11283.8
4269.79
10393.1
3813.82
9600.44
3438.24
8887.61
3133.87
8238.52
2892.06
7638.92
2704.62
7076.22
2564.02
6539.4
2462.9
6019.02
2393.71
5507.34
2349.05
4998.55
2321.39
4488.93
2303.48
3976.69
2289.92
3461.96
2276.7
2945.69
2262.98
2428.57
2251.05
1909.31
2242.86
1385.21
2248.05
869.673
2261.08
304.809
2302.33
-557.425
2631.42
-1551.89
3158.04
-2411.48
3413.5
-3200.78
3472.38
-3950.94
3446.74
-4672.88
3375.02
-5373.16
3277.6
-6054.58
3165.4
-6717.6
3043.57
-7360.83
2913.85
-7981.81
2775.34
-8577.57
2626.85
-9144.37
2466.52
-9677.79
2292.37
-10172.9
2102.58
-10624.6
1896.09
-11028.4
1673.31
-11380.4
1435.52
-11675.7
1183.04
-11909.5
916.218
-12077.6
637.039
-12176.3
347.945
-12204.3
52.6677
-12160.3
-242.348
-12047.1
-531.944
-11867.5
-811.693
-11625.4
-1077.05
-11325.5
-1323.17
-10971.6
-1546.24
-10566.6
-1743.12
-10114.5
-1909.93
-9619.47
-2042.94
-9086.01
-2138.37
-8520.54
-2191.5
-7934.45
-2195.99
-7346.13
-2144.93
-6778.27
-2036.92
-6252.62
-1876.31
-5788.32
-1667.6
-5400.42
-1422.84
-5090.52
-1169.96
-4859.87
-933.92
-4665.35
-665.209
-159.85
-258.825
1579.21
-502.053
1539.72
-744.665
1516.18
-989.248
1515.86
-1239.95
1530.61
-1500.9
1568.24
-1776.15
1627.72
-2069.26
1709.31
-2383.52
1811.33
-2721.62
1931.49
-3085.7
2066.98
-3477.2
2214.37
-3896.87
2369.77
-4344.69
2528.73
-4820.03
2686.95
-5321.9
2839.67
-5850.72
2987.08
-6405.48
3127.05
-6982.75
3250.75
-7579.61
3352.65
-8192.43
3428.45
-8816.49
3473.45
-9445.82
3483.58
-10073.3
3455.78
-10691.6
3387.94
-11292.5
3279.02
-11868.1
3129.61
-12410.7
2941.86
-12913.7
2719.35
-13371.2
2466.95
-13778.8
2190.44
-14133.8
1895.72
-14434.8
1587.6
-14680.3
1270.1
-14869.3
946.46
-15001
619.454
-15074.6
291.686
-15088.9
-35.1452
-15042.2
-359.24
-14935.3
-678.136
-14768.2
-989.084
-14541.4
-1287.57
-14257.2
-1568.8
-13918.9
-1827.05
-13531.9
-2057.61
-13102.2
-2255.99
-12636.5
-2418.87
-12143
-2544.22
-11629.5
-2633.21
-11103.6
-2687.39
-10571.7
-2708.9
-10039.3
-2700.92
-9510.9
-2666.92
-8989.91
-2610.25
-8479.11
-2534.17
-7980.76
-2441.69
-7496.8
-2335.51
-7029
-2218.1
-6578.93
-2091.74
-6148.1
-1958.53
-5737.96
-1820.5
-5349.5
-1679.74
-4983.42
-1538.47
-4640.53
-1398.54
-4321.4
-1261.86
-4026.32
-1130.25
-3755.31
-1005.21
-3508.14
-887.936
-3284.11
-779.618
-3082.07
-681.287
-2900.69
-593.702
-2738.45
-517.349
-2593.78
-452.514
-2465.49
-399.316
-2353.06
-357.777
-2257.21
-328.11
-2181.48
-310.951
-2132.92
-311.478
-2118.69
-330.679
-2149.02
-383.374
-2235.22
-488.616
-2372.56
-687.008
-2521.49
-1033.52
-2607.76
-1564.14
-2541.81
-2280.3
-2270.52
-3097.22
-1781.29
-3887.14
-1117.41
-4530.2
-358.44
-4990.13
446.605
-5312.35
1282.05
-5533.83
2142.62
-5677.82
3024.21
-5769.79
3924.32
-5833.89
4842.97
-5894.76
5783.7
-5977.52
6754.18
-6105.2
7766.01
-6298.43
8834.14
-6574.28
9976.04
-6946.17
11212.1
-7428.02
12564.4
-8030.64
14053.9
-8756.39
15698.6
-9598.21
17512.1
-10538.3
19502.4
-11544.3
21663.1
-12555.6
23965.5
-13483.2
26336.8
-14174.9
28692.5
-14497.3
30980.3
-14397.1
33138.7
-13804.6
35081.2
-12680.9
36736.7
-11047.9
38062.8
-8985.82
39032.5
-6606.32
39644.7
-4035.63
39914.4
-1397.23
39830.3
1326.62
39352.9
4140.03
38433.7
6975.1
37078.6
9631.89
35348.3
11902.3
33318.2
13644.8
31065
14780.1
28672.2
15286.1
26230
15187.6
23818.3
14568.6
21518.4
13554.9
19398.8
12313.9
17485
11010.5
15776.1
9749.95
14263.2
8586.56
12930.4
7545.1
11758.7
6632.59
10728.2
5846.17
9820.08
5177.95
9016.22
4617.68
8300.13
4154.34
7656.72
3777.27
7072.36
3476.42
6534.75
3242.24
6032.79
3065.98
5556.62
2939.07
5097.43
2852.91
4647.46
2799.02
4200.29
2768.56
3751.39
2752.38
3298.71
2742.59
2840.99
2734.43
2378.73
2725.24
1912.87
2716.91
1435.34
2720.38
955.1
2728.29
450.918
2765.26
-271.932
3025.18
-1230.92
3590.4
-2071.73
3998.85
-2789.54
4131.31
-3455.52
4138.35
-4093.69
4084.92
-4716.59
3997.92
-5330.27
3891.28
-5936.3
3771.43
-6534.05
3641.32
-7121.77
3501.57
-7697.24
3350.81
-8256.81
3186.42
-8795.67
3005.38
-9308.26
2804.95
-9788.74
2583.06
-10231.8
2339.1
-10632.7
2074.29
-10985.9
1788.7
-11284.6
1481.74
-11523.3
1154.88
-11697.2
810.991
-11803
453.689
-11838.4
88.0339
-11801.6
-279.116
-11695.7
-637.859
-11525
-982.319
-11295.3
-1306.83
-11012.5
-1605.97
-10683.1
-1875.6
-10313.9
-2112.34
-9910.21
-2313.6
-9475.41
-2477.75
-9011.07
-2602.7
-8517.7
-2684.87
-7994.31
-2719.37
-7439.91
-2699.33
-6863.05
-2613.78
-6288.93
-2450.43
-5751.86
-2204.67
-5294.34
-1880.36
-4937.92
-1526.38
-4680.44
-1191.4
-4469.98
-875.662
-219.013
-209.591
1788.8
-414.983
1745.11
-620.527
1721.72
-827.687
1723.02
-1041.43
1744.35
-1264.91
1791.73
-1501.79
1864.6
-1754.79
1962.3
-2026.46
2083
-2318.8
2223.84
-2633.51
2381.69
-2971.72
2552.57
-3334.12
2732.17
-3720.99
2915.6
-4132.29
3098.26
-4568.08
3275.46
-5029.03
3448.04
-5513.84
3611.86
-6021
3757.91
-6549.03
3880.68
-7095.05
3974.47
-7654.84
4033.24
-8222.87
4051.61
-8792.32
4025.22
-9355.67
3951.29
-9905.13
3828.48
-10433
3657.47
-10932
3440.84
-11395.7
3183.07
-11818.8
2890.07
-12197.3
2568.9
-12528.3
2226.74
-12810.6
1869.96
-13044.1
1503.55
-13229
1131.35
-13365.6
756.075
-13453.5
379.526
-13490.9
2.33256
-13475.8
-374.39
-13406.4
-747.504
-13281.3
-1114.25
-13099.1
-1469.73
-12860.1
-1807.83
-12565.9
-2121.23
-12220.6
-2402.89
-11830
-2646.63
-11401.3
-2847.51
-10943.6
-3001.91
-10466.2
-3110.66
-9977.64
-3175.92
-9485.21
-3201.33
-8994.61
-3191.52
-8510.26
-3151.27
-8035.27
-3085.23
-7571.71
-2997.73
-7120.9
-2892.49
-6683.71
-2772.69
-6260.74
-2641.08
-5852.42
-2500.06
-5459.18
-2351.78
-5081.43
-2198.25
-4719.74
-2041.43
-4374.88
-1883.32
-4047.45
-1725.97
-3737.84
-1571.46
-3446.34
-1421.76
-3172.8
-1278.75
-2916.57
-1144.16
-2676.77
-1019.41
-2452.52
-905.541
-2242.69
-803.534
-2045.91
-714.128
-1860.85
-637.574
-1686.21
-573.956
-1520.49
-523.493
-1361.94
-486.658
-1209.15
-463.745
-1065.7
-454.932
-935.598
-460.778
-835.272
-483.699
-790.113
-533.775
-842.452
-634.669
-1038
-837.969
-1359.72
-1242.42
-1669.91
-1970.1
-1772.48
-2994.65
-1593.5
-4066.13
-1179.24
-4944.45
-618.896
-5550.48
17.4854
-5948.73
695.001
-6211.34
1404.8
-6387.61
2140.21
-6505.2
2896.99
-6590.67
3673.65
-6671.42
4471.49
-6775.36
5295.37
-6929.08
6153.25
-7156.31
7055.07
-7476.1
8015.04
-7906.14
9049.88
-8462.86
10175
-9155.71
11402.5
-9983.94
12742.9
-10938.6
14203.8
-11999.2
15788.1
-13128.7
17487
-14254.4
19256.6
-15252.9
21048.1
-15966.4
22822.3
-16271.4
24553.4
-16128.3
26172.8
-15424
27610.3
-14118.5
28818.4
-12256
29769.5
-9936.94
30453
-7289.76
30881.2
-4463.9
31083.1
-1599.07
31043.8
1365.87
30718.1
4465.79
30050.9
7642.25
29041.9
10640.9
27741.2
13202.9
26218.9
15167.1
24550.3
16448.7
22782.8
17053.6
20970.2
17000.2
19178.8
16360.1
17457.8
15275.9
15846.8
13924.9
14371.8
12485.4
13034.2
11087.6
11829.9
9790.88
10751.9
8623.02
9790.67
7593.85
8934.78
6702.07
8172.36
5940.37
7491.6
5298.45
6881.03
4764.91
6329.77
4328.53
5827.65
3978.55
5365.15
3704.74
4933.5
3497.63
4524.6
3347.97
4131.02
3246.49
3745.78
3184.26
3363.16
3151.18
2979.61
3135.93
2591.61
3130.59
2196.58
3129.46
1795.66
3126.16
1382.58
3129.99
961.024
3141.94
528.856
3160.46
-48.8711
3342.99
-897.618
3873.93
-1723.22
4416.01
-2378.89
4654.52
-2957.63
4710.06
-3505.02
4685.74
-4039.84
4619.73
-4571.32
4529.4
-5102.74
4422.7
-5635.6
4304.29
-6170.49
4176.21
-6705.64
4036.72
-7237.65
3882.82
-7761.71
3710.48
-8272.18
3515.85
-8763.05
3295.83
-9228.35
3048.36
-9662.67
2773.42
-10060
2471.64
-10412.6
2141.32
-10713.6
1782.72
-10957
1398.25
-11137.3
991.343
-11250.2
566.533
-11292
129.891
-11260.9
-310.289
-11158.8
-739.897
-10990.6
-1150.51
-10762.8
-1534.64
-10483.3
-1885.51
-10161
-2197.9
-9805.11
-2468.22
-9424.02
-2694.7
-9024.91
-2876.85
-8612.77
-3014.85
-8189.34
-3108.3
-7752.07
-3156.64
-7294.63
-3156.77
-6808.24
-3100.18
-6286.67
-2972
-5736.09
-2755.24
-5200.26
-2416.2
-4756.64
-1970
-4425.4
-1522.64
-4207.85
-1093.21
-288.319
-160.505
1949.31
-323.469
1908.08
-487.524
1885.77
-653.277
1888.77
-825.221
1916.29
-1005.46
1971.96
-1196.94
2056.09
-1401.55
2166.91
-1621.24
2302.69
-1857.55
2460.15
-2111.76
2635.9
-2384.86
2825.67
-2677.68
3024.99
-2990.93
3228.85
-3325.14
3432.47
-3681.18
3631.51
-4059.48
3826.34
-4459.18
4011.55
-4880.5
4179.23
-5322.85
4323.03
-5783.85
4435.46
-6259.85
4509.25
-6745.61
4537.37
-7234.7
4514.31
-7720.5
4437.09
-8195.99
4303.97
-8654.08
4115.57
-9088.04
3874.8
-9492.01
3587.04
-9861.33
3259.38
-10192.6
2900.21
-10484.3
2518.44
-10736.3
2121.87
-10949.2
1716.47
-11124.2
1306.38
-11262.1
894.028
-11363
480.402
-11425.6
64.9572
-11447.5
-352.493
-11425.3
-769.696
-11355.2
-1184.44
-11233.1
-1591.77
-11056.4
-1984.59
-10823.8
-2353.76
-10537.5
-2689.25
-10202.6
-2981.54
-9827.25
-3222.81
-9420.81
-3408.35
-8993.23
-3538.24
-8554.17
-3614.98
-8111.97
-3643.54
-7673.35
-3630.13
-7243.26
-3581.37
-6824.83
-3503.67
-6419.58
-3402.98
-6028.09
-3283.98
-5650.4
-3150.38
-5286.27
-3005.2
-4935.4
-2850.94
-4597.44
-2689.73
-4272.22
-2523.47
-3959.88
-2353.77
-3660.86
-2182.34
-3375.57
-2011.26
-3104.19
-1842.84
-2846.66
-1679.29
-2602.73
-1522.68
-2372.07
-1374.83
-2154.27
-1237.21
-1948.81
-1111
-1755.13
-997.208
-1572.49
-896.775
-1399.62
-810.435
-1234.88
-738.697
-1076.5
-681.88
-922.587
-640.568
-771.16
-615.172
-620.638
-605.454
-469.91
-611.506
-318.664
-634.946
-172.63
-679.808
-54.0252
-753.274
-28.2996
-863.694
-197.572
-1073.15
-611.983
-1555.69
-1077.64
-2528.99
-1275.6
-3868.17
-1156.37
-5063.67
-834.354
-5872.5
-392.042
-6391.04
110.74
-6714.13
656.457
-6933.33
1235.71
-7084.45
1841.69
-7196.65
2469.17
-7298.9
3115.57
-7421.75
3781.86
-7595.38
4470.88
-7845.33
5187.49
-8192.71
5940.28
-8658.93
6738.17
-9260.76
7588.09
-10005.6
8494.76
-10890.6
9462.15
-11906
10493.2
-13030.2
11583.7
-14219.2
12713.4
-15384.1
13863.9
-16403.3
15024.5
-17127
16176.9
-17423.8
17299.3
-17250.7
18350.1
-16474.8
19284.3
-15052.7
20076.2
-13047.9
20703.4
-10564.1
21153.2
-7739.53
21434.9
-4745.59
21566.7
-1730.96
21510.7
1421.96
21236.4
4740.09
20736
8142.56
20030.7
11346.3
19159.9
14073.7
18180.9
16146.1
17134.3
17495.3
16039.7
18148.2
14944.5
18095.4
13852.9
17451.7
12790.4
16338.3
11767.3
14948.1
10801.7
13451.1
9900.39
11988.9
9064.39
10626.9
8294.84
9392.57
7591.04
8297.65
6950.26
7342.85
6368.29
6522.33
5839.94
5826.79
5359.41
5245.44
4920.61
4767.33
4517.33
4381.82
4143.38
4078.69
3792.68
3848.33
3459.33
3681.31
3137.59
3568.24
2822.68
3499.17
2510.94
3462.92
2197.61
3449.26
1879.17
3449.03
1557.57
3451.06
1225.73
3458
878.348
3477.37
527.259
3493.03
86.3872
3601.33
-613.871
4043.25
-1397.22
4657.28
-2004.2
5022.98
-2495.06
5145.38
-2943.61
5158.61
-3379.34
5121.47
-3814.1
5054.49
-4253.97
4969.27
-4702.92
4871.64
-5162.83
4764.2
-5633.41
4646.79
-6112.49
4515.8
-6595.73
4366.06
-7077.7
4192.45
-7552.55
3990.69
-8014.38
3757.66
-8457.47
3491.45
-8876.05
3192
-9262.08
2857.67
-9608
2487.24
-9907.38
2082.1
-10153.8
1644.65
-10341
1178.58
-10463.3
688.794
-10515.3
181.935
-10493.9
-331.726
-10400.1
-833.665
-10238.2
-1312.45
-10014.7
-1758.11
-9738.32
-2161.9
-9419.22
-2517
-9068.6
-2818.84
-8697.87
-3065.43
-8317.45
-3257.27
-7935.66
-3396.64
-7557.5
-3486.46
-7184.6
-3529.54
-6814.38
-3526.98
-6436.99
-3477.57
-6035.23
-3373.77
-5590.92
-3199.55
-5089.75
-2917.37
-4587.13
-2472.62
-4150.23
-1959.54
-3862.24
-1381.2
-374.486
-110.753
2060.06
-227.845
2025.17
-347.009
2004.94
-467.836
2009.59
-593.601
2042.06
-725.426
2103.79
-865.5
2196.16
-1015.05
2316.46
-1175.38
2463.02
-1347.57
2632.34
-1532.58
2820.92
-1731.33
3024.42
-1944.71
3238.37
-2173.81
3457.95
-2419.53
3678.19
-2683.16
3895.13
-2964.79
4107.97
-3264.63
4311.4
-3584.27
4498.87
-3923.58
4662.34
-4280.48
4792.37
-4651.66
4880.42
-5032.35
4918.07
-5417.86
4899.82
-5802.73
4821.96
-6180.2
4681.44
-6544.01
4479.38
-6888.19
4218.98
-7207.42
3906.28
-7497.74
3549.7
-7756.78
3159.25
-7984.19
2745.85
-8181.62
2319.3
-8352.13
1886.98
-8499.33
1453.57
-8626.47
1021.17
-8735.28
589.206
-8824.98
154.657
-8891.14
-286.329
-8927.64
-733.199
-8927.62
-1184.46
-8884.07
-1635.32
-8790.65
-2078
-8643.34
-2501.07
-8441.81
-2890.78
-8189.81
-3233.54
-7894.22
-3518.41
-7563.75
-3738.82
-7208.78
-3893.21
-6839.61
-3984.15
-6465.41
-4017.74
-6094.01
-4001.53
-5731.21
-3944.17
-5381.07
-3853.81
-5045.13
-3738.92
-4723.73
-3605.38
-4416.52
-3457.59
-4122.81
-3298.92
-3841.66
-3132.08
-3571.86
-2959.54
-3312.13
-2783.2
-3061.62
-2604.28
-2820.49
-2423.48
-2589.23
-2242.52
-2368.11
-2063.96
-2157.27
-1890.13
-1956.73
-1723.22
-1766.33
-1565.22
-1585.71
-1417.83
-1414.31
-1282.41
-1251.51
-1160
-1096.68
-1051.61
-949.116
-957.995
-807.998
-879.815
-672.165
-817.713
-540.259
-772.474
-410.682
-744.748
-281.663
-734.474
-151.372
-741.796
-17.8656
-768.453
118.7
-816.373
252.541
-887.116
367.801
-978.954
402.321
-1107.67
215.221
-1368.59
-291.965
-2021.8
-845.22
-3314.92
-1054.75
-4854.14
-975.582
-5951.67
-753.981
-6612.64
-440.423
-7027.68
-70.6986
-7303.06
340.862
-7496.01
783.716
-7639.51
1249.21
-7764.4
1730.87
-7903.42
2225.48
-8089.98
2731.67
-8351.53
3249.72
-8710.75
3779.69
-9188.9
4320.66
-9801.73
4870.98
-10555.9
5428.6
-11448.2
5991.05
-12468.5
6553.48
-13592.7
7106.8
-14772.5
7640.9
-15918.2
8156.12
-16918.6
8663.81
-17634.7
9177.08
-17937
9658.23
-17731.9
10113.5
-16930
10544.3
-15483.4
10940.5
-13444.2
11281.9
-10905.5
11543.3
-8000.94
11706.1
-4908.37
11755.5
-1780.38
11626.7
1550.81
11333.4
5033.33
10949.1
8526.83
10529.6
11765.9
10106.1
14497.2
9698.97
16553.2
9297.66
17896.6
8945.36
18500.5
8584.39
18456.3
8202.62
17833.5
7813.73
16727.2
7403.03
15358.7
6972.39
13881.7
6531.01
12430.3
6087.54
11070.3
5651.11
9829.01
5229.14
8719.62
4826.67
7745.32
4446.64
6902.36
4090.23
6183.2
3757.19
5578.48
3446.18
5078.34
3155.17
4672.83
2881.39
4352.47
2621.37
4108.34
2371.79
3930.9
2130.17
3809.86
1893.8
3735.54
1658.21
3698.52
1420.26
3687.21
1181.51
3687.79
935.373
3697.19
672.589
3720.78
408.016
3741.94
97.0167
3804.03
-432.093
4130.44
-1125.06
4736.21
-1684.72
5216.94
-2091.49
5429.76
-2440.58
5494.47
-2771.54
5489.56
-3098.3
5448.23
-3430.38
5386.58
-3774.37
5313.26
-4135.11
5232.39
-4514.8
5143.89
-4911.81
5043.79
-5322.89
4926.88
-5743.3
4786.47
-6167.55
4616.71
-6589.9
4413.04
-7004.51
4172.28
-7405.83
3892.76
-7788.24
3574.42
-8145.07
3214.5
-8470.67
2812.84
-8759.09
2370.52
-9003.6
1889.16
-9197.48
1372.46
-9334.04
825.353
-9405.83
253.729
-9406.41
-331.149
-9334.35
-905.723
-9192.41
-1454.39
-8986.21
-1964.31
-8724.11
-2424
-8416.84
-2824.27
-8076.81
-3158.87
-7717.4
-3424.83
-7351.92
-3622.75
-6992.1
-3756.46
-6647.11
-3831.45
-6322.65
-3854.01
-6018.98
-3830.65
-5731.17
-3765.37
-5445.8
-3659.14
-5140.07
-3505.28
-4779.52
-3277.92
-4345.96
-2906.18
-3883.08
-2422.42
-3460.9
-1803.38
-547.37
-59.9575
2120.02
-128.698
2093.91
-201.169
2077.41
-274.302
2082.73
-350.42
2118.18
-430.006
2183.37
-514.258
2280.41
-603.931
2406.14
-699.669
2558.76
-802.09
2734.76
-911.867
2930.69
-1029.74
3142.29
-1156.57
3365.19
-1293.47
3594.86
-1441.51
3826.23
-1601.85
4055.48
-1774.26
4280.37
-1960.51
4497.65
-2163.19
4701.55
-2382.33
4881.48
-2616.63
5026.67
-2864.43
5128.21
-3123.12
5176.76
-3386.04
5162.74
-3649.78
5085.7
-3910.05
4941.7
-4161.74
4731.07
-4399.7
4456.93
-4619.4
4125.98
-4817.59
3747.89
-4992.8
3334.46
-5145.46
2898.51
-5278.1
2451.94
-5394.95
2003.83
-5500.98
1559.6
-5600.83
1121.02
-5697.99
686.362
-5794.13
250.803
-5886.98
-193.485
-5969.94
-650.233
-6034.79
-1119.61
-6071.65
-1598.46
-6070.86
-2078.79
-6024.32
-2547.61
-5927.75
-2987.35
-5781.56
-3379.74
-5590.44
-3709.53
-5362.25
-3967
-5106.75
-4148.71
-4834.37
-4256.53
-4554.23
-4297.88
-4273.45
-4282.31
-3997.95
-4219.67
-3733.33
-4118.42
-3481.23
-3991.02
-3241.95
-3844.67
-3015.16
-3684.38
-2800.28
-3513.79
-2596.63
-3335.74
-2403.07
-3153.1
-2218.09
-2968.18
-2039.93
-2782.44
-1867.6
-2595.8
-1701.18
-2408.94
-1540.75
-2224.39
-1386.4
-2044.48
-1238.14
-1871.48
-1095.88
-1707.47
-959.453
-1554.26
-828.505
-1413.36
-702.604
-1285.91
-581.391
-1172.82
-464.579
-1074.81
-351.671
-992.723
-241.893
-927.491
-134.313
-880.054
-27.8109
-851.251
78.4395
-840.724
184.057
-847.414
288.207
-872.603
389.873
-918.039
487.815
-985.058
582.556
-1073.69
660.428
-1185.54
643.395
-1351.56
351.715
-1730.12
-293.6
-2669.6
-860.01
-4287.73
-1057.44
-5754.24
-1056.74
-6613.33
-941.338
-7143.09
-754.165
-7490.23
-518.636
-7731.54
-248.704
-7909.44
45.473
-8058.57
353.434
-8211.38
666.072
-8402.62
976.969
-8662.43
1281.4
-9015.19
1573.69
-9481.19
1846.66
-10074.7
2092.3
-10801.6
2301.62
-11657.6
2463.41
-12630.2
2565.21
-13694.5
2595.6
-14802.9
2552.33
-15874.9
2442.52
-16808.7
2292.89
-17485.1
2133.49
-17777.6
1970.31
-17568.7
1835.07
-16794.8
1763.77
-15412.1
1759.9
-13440.3
1808.19
-10953.8
1885.94
-8078.69
1951.05
-4973.48
1908.78
-1738.11
1685.86
1773.73
1369.15
5350.04
1101.33
8794.66
963.946
11903.2
983.901
14477.3
1147.14
16390
1422.04
17621.7
1797.04
18125.5
2148.13
18105.3
2485.28
17496.4
2764.63
16447.9
2959.79
15163.6
3060.28
13781.2
3075.55
12415
3022.24
11123.7
2918.73
9932.52
2781.72
8856.62
2623.43
7903.61
2453.06
7072.73
2277.36
6358.9
2100.98
5754.86
1926.87
5252.46
1756.53
4843.17
1590.42
4518.58
1428.62
4270.15
1270.85
4088.66
1115.95
3964.77
962.735
3888.75
807.929
3853.32
656.379
3838.76
499.627
3844.54
331.776
3865.04
163.788
3888.77
-25.1962
3930.92
-374.295
4153.13
-931.262
4687.41
-1437.03
5241.98
-1772.29
5552.19
-2023.51
5680.99
-2244.17
5715.13
-2453.18
5698.57
-2665.45
5660.51
-2889.25
5610.38
-3131.56
5555.57
-3395.22
5496.04
-3680.58
5429.26
-3986.81
5350.02
-4310.57
5250.65
-4646.88
5122.78
-4990.49
4960.32
-5336.17
4758.72
-5678.67
4514.78
-6012.71
4226.8
-6332.65
3894.36
-6634.7
3516.55
-6915.91
3094.05
-7172.34
2626.95
-7399.21
2116.03
-7591.44
1564.69
-7742.81
976.721
-7843.64
354.559
-7881.24
-293.544
-7849.61
-937.361
-7749.13
-1554.87
-7583.42
-2130.01
-7359.36
-2648.06
-7086.96
-3096.68
-6778.52
-3467.31
-6447.8
-3755.55
-6109.49
-3961.06
-5777.73
-4088.22
-5464.04
-4145.14
-5178.78
-4139.26
-4927.26
-4082.17
-4708.86
-3983.77
-4517.48
-3850.53
-4336
-3686.76
-4132.06
-3481.86
-3854.55
-3183.69
-3488.03
-2788.94
-3031.05
-2260.36
-883.104
-10.358
2130.38
-29.838
2113.39
-53.4895
2101.06
-77.0942
2106.33
-101.313
2142.39
-126.073
2208.13
-151.744
2306.08
-178.609
2433
-206.799
2586.95
-236.42
2764.38
-267.785
2962.06
-301.372
3175.88
-337.74
3401.56
-377.862
3634.98
-422.844
3871.21
-474.221
4106.85
-531.635
4337.79
-596.598
4562.62
-671.973
4776.92
-758.933
4968.44
-858.004
5125.74
-970.048
5240.25
-1089.24
5295.96
-1214.9
5288.4
-1347.36
5218.16
-1481.56
5075.9
-1614.45
4863.97
-1742.84
4585.32
-1863.74
4246.89
-1974.93
3859.08
-2075.38
3434.92
-2165.34
2988.46
-2246.37
2532.96
-2321.31
2078.78
-2393.9
1632.18
-2467.68
1194.81
-2545.62
764.3
-2629.93
335.115
-2721.5
-101.92
-2816.8
-554.934
-2910.26
-1026.15
-2993.51
-1515.2
-3056.62
-2015.69
-3089.55
-2514.68
-3085.42
-2991.47
-3041.95
-3423.21
-2961.26
-3790.22
-2848.8
-4079.46
-2711.66
-4285.85
-2557.88
-4410.31
-2396.5
-4459.26
-2231.32
-4447.49
-2066.85
-4384.14
-1909.31
-4275.96
-1759.73
-4140.6
-1618.29
-3986.11
-1484.75
-3817.92
-1358.71
-3639.83
-1239.96
-3454.49
-1128.35
-3264.71
-1023.1
-3073.43
-921.828
-2883.71
-822.328
-2695.3
-724.408
-2506.86
-628.494
-2320.31
-534.787
-2138.19
-443.29
-1962.98
-353.889
-1796.87
-266.422
-1641.73
-180.769
-1499.01
-96.7954
-1369.88
-14.1996
-1255.42
67.2658
-1156.27
147.543
-1073
226.483
-1006.43
303.726
-957.298
378.867
-926.391
452.414
-914.272
524.132
-919.132
593.272
-941.743
659.029
-983.796
720.644
-1046.67
778.297
-1131.35
831.484
-1238.73
854.038
-1374.11
727.3
-1603.38
235.082
-2177.38
-542.682
-3509.97
-1059.47
-5237.46
-1281.28
-6391.52
-1374.39
-7049.98
-1380.73
-7483.88
-1326.81
-7785.46
-1231.8
-8004.45
-1111.82
-8178.55
-981.514
-8341.69
-854.423
-8529.71
-741.544
-8775.31
-653.116
-9103.62
-599.976
-9534.33
-594.18
-10080.5
-648.34
-10747.4
-775.718
-11530.2
-992.552
-12413.4
-1316.74
-13370.3
-1762.92
-14356.7
-2333.35
-15304.5
-3016.15
-16125.9
-3786.61
-16714.7
-4605.91
-16958.3
-5417.3
-16757.3
-6176.35
-16035.8
-6832.15
-14756.3
-7355.84
-12916.6
-7747.34
-10562.3
-8030.53
-7795.5
-8269.51
-4734.49
-8557.27
-1450.35
-8828.64
2045.1
-8951.29
5472.68
-8836.6
8679.97
-8448.03
11514.7
-7805.53
13834.8
-6968.59
15553.1
-5992.23
16645.3
-4974.49
17107.7
-3940.59
17071.4
-2941.43
16497.2
-2068.44
15574.9
-1347.6
14442.8
-784.646
13218.3
-362.454
11992.8
-55.0327
10816.2
160.956
9716.53
303.49
8714.09
388.062
7819.04
428.434
7032.36
435.981
6351.36
419.67
5771.17
386.355
5285.77
341.272
4888.25
288.572
4571.28
231.413
4327.31
171.567
4148.51
109.926
4026.41
47.6999
3950.97
-15.3941
3916.42
-79.0907
3902.45
-148.715
3914.16
-215.782
3932.11
-294.054
3967.04
-482.02
4118.89
-879.242
4550.35
-1303.65
5111.82
-1564.84
5503.17
-1715.49
5702.84
-1819.52
5785.02
-1903.78
5799.38
-1988.46
5783.26
-2082.87
5754.91
-2193.75
5721.26
-2325.72
5687.53
-2479.84
5650.16
-2655.55
5604.97
-2852.68
5547.15
-3067.91
5465.87
-3296.79
5351.66
-3535.03
5198.55
-3778.45
5002.14
-4023.18
4759.51
-4265.48
4469.1
-4501.26
4130.14
-4727.81
3743.1
-4942.95
3309.18
-5144.76
2828.76
-5331.28
2302.55
-5500.33
1733.74
-5648.17
1124.56
-5767.42
473.804
-5843.24
-217.718
-5863.11
-917.498
-5822.42
-1595.55
-5720.51
-2231.93
-5561.25
-2807.32
-5352.85
-3305.07
-5106.57
-3713.6
-4835.25
-4026.87
-4553.19
-4243.12
-4276.37
-4365.04
-4013.64
-4407.86
-3777.06
-4375.84
-3576.81
-4282.42
-3416.12
-4144.47
-3294.26
-3972.38
-3204.83
-3776.19
-3131.26
-3555.43
-3026.99
-3287.97
-2845.18
-2970.74
-2533.45
-2572.09
-1347.37
39.2353
2091.14
68.5019
2084.12
94.3176
2075.25
121.453
2079.2
150.001
2113.85
180.722
2177.41
214.201
2272.61
250.774
2396.43
290.79
2546.93
334.588
2720.58
382.36
2914.29
434.052
3124.19
489.29
3346.32
546.804
3577.46
604.971
3813.04
662.36
4049.47
719.38
4280.77
776.551
4505.44
831.817
4721.66
882.022
4918.23
924.086
5083.67
957.12
5207.22
984.877
5268.2
1002.61
5270.67
1007.27
5213.49
1001.18
5081.99
986.697
4878.45
964.64
4607.38
935.921
4275.6
901.571
3893.43
862.535
3473.95
819.547
3031.45
773.224
2579.29
724.327
2127.67
672.658
1683.85
617.475
1249.99
557.781
823.994
492.569
400.327
419.917
-29.2683
340.195
-475.212
255.925
-941.883
170.932
-1430.21
90.5168
-1935.27
21.3595
-2445.53
-31.4825
-2938.63
-65.9334
-3388.76
-82.4871
-3773.66
-83.4582
-4078.48
-71.5875
-4297.72
-48.6038
-4433.3
-18.5837
-4489.28
14.3171
-4480.39
46.5851
-4416.41
78.1892
-4307.57
108.618
-4171.03
137.427
-4014.92
164.561
-3845.05
190.236
-3665.51
214.734
-3478.99
238.118
-3288.09
260.196
-3095.51
281.975
-2905.49
305.343
-2718.67
330.799
-2532.32
357.979
-2347.49
386.789
-2167
417.264
-1993.46
449.411
-1829.02
483.152
-1675.47
518.384
-1534.24
555.014
-1406.51
592.837
-1293.24
631.649
-1195.08
671.217
-1112.57
711.195
-1046.41
751.036
-997.139
789.99
-965.345
828.166
-952.449
864.631
-955.597
898.28
-975.391
928.345
-1013.86
953.843
-1072.17
973.917
-1151.42
988.183
-1252.99
991.158
-1377.09
924.966
-1537.19
612.363
-1864.78
-139.766
-2757.84
-944.245
-4432.98
-1419.97
-5915.8
-1712.64
-6757.31
-1917.34
-7279.18
-2056.32
-7646.48
-2147.94
-7912.83
-2209.9
-8116.59
-2259.28
-8292.31
-2314.29
-8474.7
-2391.29
-8698.3
-2505.84
-8989.06
-2673.82
-9366.34
-2911.84
-9842.47
-3236.91
-10422.4
-3666.09
-11101
-4217.95
-11861.6
-4911.7
-12676.5
-5762.32
-13506.1
-6774.11
-14292.7
-7937.4
-14962.6
-9224.88
-15427.2
-10591.5
-15591.7
-11977.9
-15371
-13317.2
-14696.4
-14545.2
-13528.3
-15607.7
-11854.1
-16471.3
-9698.71
-17133.2
-7133.63
-17618.7
-4248.93
-17945.3
-1123.81
-18028
2127.81
-17802.9
5247.55
-17240.4
8117.46
-16345
10619.4
-15164.1
12653.9
-13770.7
14159.6
-12241.4
15116
-10672
15538.4
-9096.36
15495.7
-7624.9
15025.7
-6317.89
14267.9
-5201.63
13326.5
-4277.35
12294
-3525.62
11241.1
-2921.61
10212.2
-2442.52
9237.44
-2066.72
8338.29
-1774.22
7526.53
-1548.1
6806.23
-1374.28
6177.54
-1241.23
5638.13
-1139.51
5184.05
-1061.43
4810.17
-1000.94
4510.79
-953.498
4279.87
-915.502
4110.51
-883.558
3994.46
-854.901
3922.32
-822.555
3884.07
-789.118
3869.01
-750.937
3875.98
-724.783
3905.96
-780.616
4022.88
-1014.68
4352.96
-1315.52
4851.19
-1485.26
5281.56
-1536.16
5554.06
-1529.77
5696.46
-1484.05
5739.3
-1433.66
5748.99
-1393.93
5743.53
-1367.53
5728.51
-1359.93
5713.66
-1371.57
5699.17
-1403.05
5681.64
-1454.47
5656.39
-1526.84
5619.52
-1614.77
5553.8
-1715.59
5452.49
-1826.95
5309.92
-1946.33
5121.52
-2071.39
4884.57
-2199.92
4597.63
-2330
4260.22
-2460.41
3873.5
-2590.22
3439
-2719.17
2957.71
-2847.22
2430.6
-2973.94
1860.46
-3098.5
1249.12
-3217.91
593.213
-3320.66
-114.968
-3386.74
-851.418
-3405.67
-1576.62
-3373.91
-2263.68
-3293.37
-2887.87
-3169.94
-3428.5
-3012.57
-3870.96
-2831.93
-4207.51
-2638.7
-4436.35
-2450.52
-4553.22
-2273.26
-4585.13
-2113.81
-4535.28
-1988.42
-4407.82
-1898.7
-4234.19
-1844.44
-4026.64
-1824.53
-3796.1
-1837.85
-3542.11
-1862.94
-3262.88
-1869.47
-2964.21
-1806.55
-2635.01
-1780.19
88.4647
2002.68
167.305
2005.28
241.833
2000.72
318.675
2002.36
398.865
2033.66
483.636
2092.64
574.39
2181.85
672.239
2298.58
778.351
2440.82
893.444
2605.49
1017.69
2790.04
1150.92
2990.95
1292.69
3204.55
1441.95
3428.2
1597.94
3657.06
1760.91
3886.49
1930.81
4110.87
2108.55
4327.71
2293.75
4536.46
2482.84
4729.13
2671.46
4895.06
2855.55
5023.13
3027.38
5096.38
3188.21
5109.84
3337.1
5064.6
3466.85
4952.24
3575.76
4769.53
3662.84
4520.3
3727.55
4210.9
3770.24
3850.73
3792.4
3451.79
3796.68
3027.17
3786.28
2589.69
3764.45
2149.5
3734.2
1714.1
3697.69
1286.5
3656.4
865.29
3611.14
445.59
3560.88
20.9916
3504.62
-418.953
3442.22
-879.481
3373.41
-1361.4
3297.56
-1859.43
3214.48
-2362.44
3123.97
-2848.12
3026.09
-3290.88
2922.03
-3669.6
2813.66
-3970.12
2703.03
-4187.09
2591.77
-4322.05
2482.33
-4379.84
2374.45
-4372.51
2269.29
-4311.25
2169.97
-4208.25
2075.55
-4076.61
1985.58
-3924.95
1899.78
-3759.24
1818.05
-3583.78
1740.51
-3401.45
1667.09
-3214.67
1597.7
-3026.12
1532.71
-2840.5
1473.22
-2659.18
1419.83
-2478.92
1372.48
-2300.14
1331.23
-2125.74
1296.06
-1958.29
1266.87
-1799.82
1243.39
-1652
1225.31
-1516.16
1212.17
-1393.37
1203.41
-1284.48
1198.48
-1190.16
1196.77
-1110.85
1197.56
-1047.2
1200.1
-999.68
1203.39
-968.637
1205.88
-954.937
1206.78
-956.495
1205.4
-974.014
1200.59
-1009.05
1190.93
-1062.51
1174.66
-1135.14
1149.97
-1228.3
1116.54
-1343.66
1057.66
-1478.32
863.247
-1670.37
276.857
-2171.45
-680.238
-3475.89
-1434.4
-5161.64
-1935.06
-6256.65
-2329.2
-6885.05
-2662.41
-7313.26
-2948.38
-7626.87
-3201.89
-7863.08
-3439.4
-8054.8
-3679.95
-8234.15
-3944.04
-8434.22
-4251.21
-8681.89
-4621.05
-8996.51
-5073.09
-9390.43
-5627.04
-9868.41
-6302.11
-10425.9
-7117.02
-11046.6
-8089.79
-11703.8
-9233.37
-12362.5
-10552.1
-12974
-12039.4
-13475.4
-13670.8
-13795.7
-15401.7
-13860.8
-17171.6
-13601.1
-18908.9
-12959.1
-20540.1
-11897.1
-21992.7
-10401.4
-23202.2
-8489.16
-24123.6
-6212.27
-24728
-3644.53
-24981.1
-870.74
-24835.4
1982.16
-24295.4
4707.53
-23376.8
7198.83
-22115.9
9358.45
-20572.8
11110.7
-18823.8
12410.7
-16954.4
13246.5
-15053.5
13637.5
-13189.3
13631.6
-11455.1
13291.6
-9895.58
12708.3
-8531.97
11962.9
-7363.82
11125.9
-6375.63
10252.9
-5547.66
9384.25
-4859.87
8549.65
-4291.35
7769.77
-3821.76
7056.94
-3433.39
6417.87
-3111.27
5855.42
-2842.8
5369.66
-2617.36
4958.61
-2426.02
4618.83
-2261.12
4345.89
-2115.25
4134
-1980.68
3975.94
-1849.94
3863.73
-1716.64
3789.01
-1576.08
3743.51
-1435.78
3728.72
-1313.87
3754.07
-1255.76
3847.84
-1327.75
4094.86
-1477.23
4502.44
-1544.17
4918.13
-1501.43
5238.81
-1384.69
5437.33
-1218.39
5530.16
-1040.31
5561.22
-866.146
5574.83
-701.537
5578.92
-552.337
5579.31
-420.462
5581.79
-304.584
5583.29
-204.425
5581.48
-121.474
5573.44
-53.778
5551.82
0.440223
5499.58
42.1708
5410.76
72.2464
5279.84
91.5365
5102.23
100.938
4875.17
101.318
4597.25
93.1948
4268.34
76.9229
3889.77
52.6318
3463.29
19.8149
2990.53
-22.8749
2473.29
-77.0168
1914.61
-145.194
1317.29
-230.74
678.759
-331.303
-14.4052
-425.202
-757.519
-493.421
-1508.4
-529.786
-2227.32
-535.171
-2882.48
-513.604
-3450.07
-470.914
-3913.65
-414.537
-4263.89
-350.961
-4499.92
-281.234
-4622.95
-225.648
-4640.72
-187.132
-4573.8
-170.521
-4424.43
-177.133
-4227.58
-207.415
-3996.36
-258.183
-3745.33
-327.827
-3472.46
-406.924
-3183.79
-500.336
-2870.8
-596.013
-2539.33
-2012.76
134.405
1868.27
262.86
1876.83
385.97
1877.61
510.366
1877.96
639.622
1904.4
775.724
1956.54
920.801
2036.77
1076.37
2143.01
1243.77
2273.41
1423.91
2425.35
1617.2
2596.75
1823.78
2784.37
2044.18
2984.16
2279.32
3193.06
2529.31
3407.07
2794.07
3621.72
3072.56
3832.38
3364.81
4035.46
3671.76
4229.51
3991.27
4409.62
4318.65
4567.68
4647.45
4694.33
4968.33
4775.5
5275.91
4802.25
5567.87
4772.65
5838.4
4681.71
6080.84
4527.1
6290.71
4310.43
6465.44
4036.17
6604.18
3711.98
6707.93
3348.05
6779.37
2955.72
6822.89
2546.18
6843.9
2128.49
6848.31
1709.69
6840.75
1294.06
6824.69
881.353
6802.11
468.171
6772.99
50.1026
6735.38
-381.344
6685.97
-830.065
6619.96
-1295.39
6531.71
-1771.18
6415.7
-2246.42
6269.41
-2701.83
6093.31
-3114.79
5891.02
-3467.31
5668.37
-3747.46
5431.69
-3950.4
5186.55
-4076.91
4939.43
-4132.71
4695.02
-4128.11
4457.84
-4074.07
4230.91
-3981.31
4014.55
-3860.25
3808.5
-3718.9
3612.26
-3563
3425.3
-3396.83
3247.24
-3223.38
3077.73
-3045.16
2917.13
-2865.52
2765.95
-2689.32
2624.69
-2517.91
2493.73
-2347.96
2373.28
-2179.7
2263.48
-2015.94
2164.22
-1859.03
2075.2
-1710.8
1995.93
-1572.72
1925.79
-1446.02
1864.03
-1331.61
1809.8
-1230.26
1762.21
-1142.56
1720.27
-1068.92
1682.92
-1009.85
1649.04
-965.798
1617.38
-936.976
1585.61
-923.164
1552.82
-923.707
1518.33
-939.53
1480.63
-971.349
1437.89
-1019.78
1388.06
-1085.31
1327.98
-1168.23
1254.26
-1269.94
1166.93
-1390.99
1021.64
-1525.08
626.117
-1775.92
-275.69
-2574.08
-1280.27
-4157.05
-2011.1
-5525.83
-2590.78
-6305.37
-3108.05
-6795.99
-3586.79
-7148.13
-4036.36
-7413.51
-4468.85
-7622.31
-4900.23
-7802.76
-5350.96
-7983.49
-5842.32
-8190.53
-6395.88
-8442.95
-7032.54
-8753.76
-7773.17
-9127.79
-8637.8
-9561.3
-9643.52
-10040.9
-10805.2
-10542.1
-12133.3
-11034.5
-13629.4
-11477.9
-15284.4
-11820.4
-17075
-12005.1
-18961.2
-11974.6
-20886.7
-11675.6
-22781.2
-11064.7
-24565.9
-10112.4
-26159.9
-8807.42
-27487.6
-7161.46
-28486.7
-5213.16
-29107.5
-3023.72
-29305.3
-672.972
-29051.8
1728.64
-28366.5
4022.29
-27286.2
6118.45
-25864.5
7936.78
-24171.2
9417.49
-22287.3
10526.7
-20299
11258.2
-18291.5
11630
-16339.9
11679.9
-14510.8
11462.4
-12842
11039.5
-11351.6
10472.5
-10041.4
9815.64
-8902.32
9113.82
-7920.49
8402.43
-7079.47
7708.63
-6361.48
7051.78
-5749.08
6444.53
-5226.24
5895.03
-4778.48
5407.65
-4392.65
4983.83
-4056.68
4622.64
-3759.14
4321.29
-3488.88
4075.63
-3235.14
3880.26
-2988.75
3729.56
-2743.57
3618.55
-2498.03
3543.48
-2259.33
3504.81
-2044.75
3514.14
-1885.63
3594.95
-1814.36
3776.58
-1806.8
4087.3
-1760.43
4456.07
-1625.73
4783.43
-1404.67
5017.76
-1124.58
5157.23
-819.506
5225.09
-517.431
5259.14
-222.603
5280
64.7273
5291.59
340.79
5303.25
605.455
5317.12
858.133
5330.61
1097.82
5341.79
1323.91
5347.36
1540.74
5334.99
1745.09
5295.23
1935.7
5220.14
2112.22
5103.33
2274.18
4940.27
2421.13
4728.22
2552.66
4465.72
2668.22
4152.78
2767.44
3790.56
2849.96
3380.77
2915.25
2925.23
2962.39
2426.15
2990.14
1886.85
2996.15
1311.29
2975.65
699.254
2923.16
38.0913
2846.51
-680.87
2762.66
-1424.55
2681.26
-2145.92
2603.25
-2804.47
2526.82
-3373.64
2449.41
-3836.23
2368.52
-4183
2280.29
-4411.69
2187.91
-4530.57
2085.4
-4538.21
1970.89
-4459.29
1848.87
-4302.41
1717.29
-4095.99
1576.86
-3855.93
1433.05
-3601.52
1289.87
-3329.28
1159.55
-3053.47
1041.35
-2752.6
963.995
-2461.97
-2068.8
177.165
1691.11
353.013
1700.98
523.015
1707.61
692.321
1708.65
866.896
1729.82
1049.68
1773.76
1243.44
1843.02
1449.88
1936.57
1670.54
2052.75
1907.08
2188.8
2161.45
2342.38
2434.86
2510.96
2728.14
2690.88
3042.39
2878.82
3377.92
3071.54
3734.37
3265.28
4110.77
3455.98
4506.44
3639.79
4921.75
3814.2
5355.85
3975.52
5805.55
4117.98
6265.23
4234.65
6724.78
4315.95
7174.55
4352.48
7608.58
4338.62
8019.87
4270.42
8400.98
4145.98
8745.45
3965.96
9048.39
3733.23
9306.63
3453.74
9519.48
3135.2
9688.67
2786.53
9817.81
2417.04
9911.28
2035.01
9974.58
1646.4
10013
1255.68
10030.9
863.396
10031
468.094
10013.8
67.3091
9976.88
-344.437
9915.28
-768.461
9822.18
-1202.3
9690.44
-1639.44
9513.43
-2069.42
9288.65
-2477.04
9018.65
-2844.79
8709.67
-3158.33
8370.34
-3408.13
8010.06
-3590.12
7638.6
-3705.45
7265.11
-3759.23
6896.54
-3759.54
6537.98
-3715.51
6192.86
-3636.19
5862.46
-3529.85
5546.87
-3403.32
5245.63
-3261.76
4958.11
-3109.31
4683.96
-2949.23
4423.36
-2784.57
4177.25
-2619.41
3945.63
-2457.7
3727.67
-2299.95
3523.65
-2143.94
3334.4
-1990.45
3160.19
-1841.73
3000.8
-1699.65
2855.75
-1565.75
2724.3
-1441.27
2605.55
-1327.27
2498.45
-1224.51
2401.83
-1133.64
2314.45
-1055.19
2234.99
-989.457
2162.02
-936.879
2093.93
-897.702
2028.83
-871.876
1965.05
-859.387
1901.48
-860.134
1836.55
-874.601
1768.4
-903.204
1694.91
-946.284
1613.72
-1004.11
1522.01
-1076.52
1414.58
-1162.51
1288.24
-1264.65
1140.48
-1377.32
873.929
-1509.37
187.396
-1887.55
-928.514
-3041.14
-1900.1
-4554.24
-2672.39
-5533.08
-3363.92
-6104.46
-4022.47
-6489.58
-4663.46
-6772.52
-5293.17
-6992.59
-5921.05
-7174.89
-6562.2
-7342.34
-7235.94
-7516.79
-7963.02
-7715.87
-8764.03
-7952.76
-9659.18
-8232.63
-10668.4
-8552.05
-11807.9
-8901.49
-13088.7
-9261.25
-14518.4
-9604.71
-16095.9
-9900.37
-17808.2
-10108.1
-19629.7
-10183.6
-21521.9
-10082.4
-23434.3
-9763.11
-25305.7
-9193.38
-27063.5
-8354.61
-28629.5
-7241.43
-29927.6
-5863.35
-30891.5
-4249.23
-31467.8
-2447.5
-31615.4
-525.361
-31319.9
1433.15
-30602.9
3305.37
-29505.2
5020.68
-28083.4
6514.99
-26407.8
7741.87
-24556.6
8675.54
-22609.8
9311.5
-20643.9
9664.15
-18725
9761.02
-16904.6
9642.02
-15216.9
9351.86
-13680.5
8936.09
-12301.4
8436.56
-11077
7889.39
-9998.84
7324.29
-9054.86
6764.64
-8230.76
6227.69
-7511.91
5725.67
-6883.6
5266.72
-6331.28
4855.34
-5840.76
4493.31
-5398.4
4180.28
-4991.64
3914.53
-4609.57
3693.56
-4243.91
3514.6
-3889.82
3375.46
-3546.55
3275.28
-3219.12
3216.04
-2921.74
3207.43
-2673.96
3266.36
-2483.38
3404.37
-2333.67
3626.86
-2166.14
3919.77
-1925.99
4215.93
-1602.06
4459.5
-1213.32
4629.01
-790.856
4734.77
-362.609
4796.84
60.7638
4835.77
480.723
4860.04
894.954
4877.36
1302.01
4896.19
1702.08
4917.05
2094.64
4938.06
2478.87
4957.57
2854.97
4971.25
3221.99
4967.98
3577.57
4939.64
3919.38
4878.33
4245.2
4777.51
4552.67
4632.81
4839.79
4441.1
5104.96
4200.56
5346.54
3911.19
5563.21
3573.89
5753.91
3190.07
5917.48
2761.66
6053.03
2290.6
6159.96
1779.93
6236.51
1234.74
6277.95
657.816
6276.81
39.2299
6229.38
-633.448
6141.63
-1336.79
6021.61
-2025.9
5871.85
-2654.72
5694.55
-3196.33
5492.5
-3634.19
5269.09
-3959.58
5027.79
-4170.4
4769.38
-4272.16
4503.9
-4272.73
4231
-4186.38
3956.23
-4027.65
3683.71
-3823.46
3417.1
-3589.32
3163.7
-3348.12
2925.46
-3091.04
2712.37
-2840.39
2524.67
-2564.89
2392.01
-2329.32
-2003.62
216.098
1475.01
435.306
1481.77
649.095
1493.82
859.581
1498.17
1074.33
1515.07
1297.33
1550.75
1532.67
1607.69
1783.1
1686.14
2050.84
1785.01
2337.93
1901.71
2646.62
2033.7
2978.75
2178.83
3335.43
2334.2
3717.52
2496.73
4125.61
2663.44
4559.71
2831.18
5019.07
2996.61
5502.62
3156.25
6009.79
3307.03
6539.71
3445.6
7090.03
3567.65
7656.49
3668.19
8231.73
3740.71
8805.42
3778.8
9367.68
3776.35
9909.7
3728.41
10422.8
3632.85
10899.2
3489.58
11332.3
3300.16
11717.1
3068.87
12051.6
2800.79
12335.2
2502.91
12569.1
2183.13
12755.2
1848.89
12897.1
1504.47
12998.2
1154.64
13061.4
800.151
13087.9
441.621
13077.7
77.5346
13028.3
-295.06
12935.4
-675.535
12793.3
-1060.21
12596.9
-1443.09
12342.9
-1815.34
12030.9
-2165.14
11666
-2479.81
11256.1
-2748.46
10811.8
-2963.84
10344.5
-3122.81
9865.23
-3226.19
9383.99
-3277.99
8908.65
-3284.19
8444.72
-3251.58
7995.64
-3187.11
7563.07
-3097.28
7147.64
-2987.89
6749.53
-2863.65
6368.78
-2728.55
6005.98
-2586.43
5662.26
-2440.84
5338.42
-2295.57
5033.54
-2152.83
4746.23
-2012.64
4476.99
-1874.7
4226.72
-1740.18
3995.56
-1610.56
3783.12
-1487.22
3588.7
-1371.33
3411.31
-1263.88
3249.76
-1165.72
3102.71
-1077.46
2968.68
-999.608
2846.09
-932.598
2733.28
-876.651
2628.49
-832.086
2529.81
-799.027
2435.35
-777.414
2343.24
-767.273
2251.77
-768.662
2159.04
-781.875
2062.95
-807.119
1961.17
-844.501
1850.94
-893.877
1729.37
-954.946
1592.79
-1025.94
1433.76
-1105.63
1254.22
-1197.77
1034.08
-1289.23
584.933
-1438.39
-408.144
-2048.06
-1574.8
-3387.58
-2539.23
-4568.65
-3400.83
-5242.86
-4226.97
-5663.44
-5043.69
-5955.81
-5862.01
-6174.27
-6686.16
-6350.73
-7522.69
-6505.81
-8384.07
-6655.41
-9285.77
-6814.17
-10245.8
-6992.7
-11282.3
-7196.17
-12412.8
-7421.49
-13653.5
-7660.85
-15012.9
-7901.86
-16493.3
-8124.3
-18090.7
-8302.92
-19791.6
-8407.25
-21571.1
-8404.1
-23393.2
-8260.24
-25210.5
-7945.89
-26966.7
-7437.16
-28600.8
-6720.47
-30047.4
-5794.88
-31239.5
-4671.19
-32117.5
-3371.31
-32631.2
-1933.81
-32745
-411.509
-32447.6
1135.78
-31761.3
2618.98
-30724.4
3983.86
-29390.6
5181.18
-27824.9
6176.09
-26097.3
6947.96
-24275.5
7489.74
-22421.5
7810.12
-20592.4
7931.91
-18833.6
7883.25
-17177.6
7695.85
-15644.4
7402.93
-14243.9
7036.04
-12977.8
6623.26
-11841.8
6188.27
-10827.2
5750.08
-9922.66
5323.14
-9115.25
4918.27
-8391.56
4543.03
-7738.34
4202.12
-7143.02
3897.99
-6594.24
3631.5
-6082.56
3402.85
-5601.12
3212.11
-5145.84
3059.32
-4715.5
2945.12
-4312.53
2872.31
-3943.89
2847.4
-3615.95
2879.49
-3323.71
2974.13
-3046.61
3127.26
-2755.12
3335.37
-2405.1
3569.75
-1976.23
3787.05
-1481.15
3964.42
-947.237
4095.1
-400.277
4187.81
145.785
4250.78
690.405
4291.15
1233.88
4316.57
1774.22
4337.01
2311.79
4358.62
2846.83
4382.01
3379
4405.89
3907.79
4428.77
4432.58
4446.46
4950.23
4450.33
5457.52
4432.36
5950.88
4384.96
6426.52
4301.86
6880.65
4178.68
7309.81
4011.94
7710.68
3799.69
8079.92
3541.95
8414.9
3238.92
8713.62
2891.35
8973.93
2501.35
9194.28
2070.24
9374.2
1600.01
9511.89
1097.05
9603.13
566.574
9640.99
1.37247
9614.76
-607.213
9518.25
-1240.28
9353.37
-1861.03
9125.17
-2426.52
8840.77
-2911.93
8508.68
-3302.11
8138.56
-3589.46
7740.15
-3771.98
7322.25
-3854.26
6893.87
-3844.36
6463.93
-3756.44
6040.75
-3604.48
5632.69
-3415.41
5244.28
-3200.91
4880.77
-2984.61
4543.12
-2753.39
4238.55
-2535.81
3967.67
-2294.02
3743.53
-2105.17
-1828.98
249.612
1225.4
504.519
1226.87
757.765
1240.57
1005.9
1250.03
1256.51
1264.47
1514.98
1292.28
1786.07
1336.59
2073.73
1398.48
2381.22
1477.52
2710.93
1572
3064.92
1679.71
3445.23
1798.52
3853.38
1926.04
4290.44
2059.67
4757.05
2196.83
5253.4
2334.83
5779.04
2470.97
6332.92
2602.37
6913.78
2726.17
7520.01
2839.38
8149.12
2938.54
8797.43
3019.88
9459.13
3079.02
10126.5
3111.44
10789.5
3113.29
11437.7
3080.24
12061
3009.52
12650.2
2900.46
13196.8
2753.51
13694.1
2571.58
14138.1
2356.74
14525.5
2115.6
14854.5
1854.05
15125.4
1578.03
15339.7
1290.13
15499.1
995.28
15605.1
694.155
15657.5
389.251
15654.5
80.5056
15594.4
-234.954
15474.1
-555.196
15289.9
-876.099
15039.8
-1192.9
14723.7
-1499.24
14344.4
-1785.88
13908.3
-2043.67
13424.4
-2264.64
12903.9
-2443.26
12358.1
-2577.03
11798
-2666.15
11233.5
-2713.43
10672.6
-2723.28
10121.2
-2700.2
9583.31
-2649.24
9061.68
-2575.66
8558.12
-2484.32
8074.23
-2379.77
7611.56
-2265.87
7171.84
-2146.72
6756.47
-2025.47
6365.07
-1904.16
5996.33
-1784.09
5649.86
-1666.17
5326.16
-1551
5025.48
-1439.5
4747.56
-1332.64
4491.74
-1231.4
4257.02
-1136.61
4042.14
-1048.99
3845.6
-969.185
3665.77
-897.625
3500.87
-834.714
3349.04
-780.764
3208.32
-735.931
3076.7
-700.461
2952.06
-674.393
2832.38
-657.735
2715.64
-650.526
2599.69
-652.714
2482.3
-664.49
2361.16
-685.977
2233.73
-717.066
2097.06
-757.208
1947.75
-805.641
1783.02
-861.202
1598.05
-920.657
1386.98
-986.696
1158.62
-1060.88
851.93
-1131.71
151.521
-1347.65
-1029.85
-2206.21
-2172.89
-3425.61
-3187.93
-4227.81
-4168.63
-4682.74
-5148.39
-4976.05
-6137.89
-5184.78
-7145.07
-5343.55
-8173.18
-5477.7
-9224.85
-5603.74
-10307
-5732
-11432.4
-5867.34
-12615.6
-6012.92
-13868.9
-6168.2
-15202.4
-6327.38
-16623.2
-6481
-18133.1
-6614.44
-19727.1
-6708.92
-21392
-6742.38
-23104.7
-6691.4
-24831.4
-6533.5
-26529.5
-6247.85
-28149.8
-5816.83
-29639.2
-5231.08
-30942.8
-4491.23
-32006.4
-3607.61
-32780.3
-2597.39
-33224.4
-1489.79
-33312.4
-323.444
-33031.4
854.732
-32402.1
1989.74
-31458.9
3040.66
-30247.8
3970.07
-28821.8
4750.04
-27237.1
5363.33
-25553.8
5806.45
-23827.6
6083.88
-22106.3
6210.64
-20429.9
6206.79
-18828.2
6094.14
-17321.5
5896.26
-15921.5
5636.06
-14632.7
5334.43
-13453.9
5009.49
-12380
4676.21
-11403.4
4346.53
-10514.9
4029.74
-9704.68
3732.8
-8963.06
3460.5
-8281.03
3215.96
-7650.66
3001.14
-7065.28
2817.46
-6519.82
2666.65
-6011.22
2550.72
-5537.98
2471.88
-5098.42
2432.75
-4687.87
2436.85
-4295.4
2487.02
-3903.32
2582.05
-3491.16
2715.1
-3031.11
2875.33
-2503.29
3041.92
-1911.76
3195.52
-1277.17
3329.83
-624.254
3442.18
32.7277
3530.83
691.247
3592.26
1352.18
3630.21
2014.42
3654.33
2677.53
3673.91
3341.94
3694.21
4007.66
3716.29
4674.56
3738.99
5342.63
3760.7
6010.79
3778.3
6675.33
3785.79
7331.99
3775.7
7976.01
3740.94
8601.82
3676.06
9203.76
3576.74
9776.35
3439.35
10314.3
3261.7
10813
3043.26
11268.8
2783.15
11679
2481.1
12039.8
2140.62
12347.1
1762.88
12600.1
1347.08
12793.9
903.264
12921.8
438.648
12977.5
-54.3314
12947.4
-577.14
12819.6
-1112.51
12591.6
-1632.99
12271.9
-2106.77
11872.5
-2512.56
11407
-2836.63
10889.5
-3071.96
10335.3
-3217.8
9759.83
-3278.75
9176.34
-3260.87
8597.72
-3177.82
8036.31
-3043.07
7502.23
-2881.32
7000.03
-2698.71
6532.35
-2516.93
6100.13
-2321.18
5706.99
-2142.67
5355.48
-1942.51
5047.51
-1797.2
-1570.6
277.065
948.333
558.736
945.195
845.261
954.046
1127.63
967.655
1410.98
981.123
1701.08
1002.19
2002.94
1034.73
2321.32
1080.09
2660.25
1138.59
3022.86
1209.39
3411.7
1290.87
3828.99
1381.23
4276.49
1478.54
4755.44
1580.72
5266.58
1685.69
5810.11
1791.3
6385.68
1895.4
6992.29
1995.76
7628.34
2090.11
8291.67
2176.05
8979.3
2250.91
9687.31
2311.87
10410.4
2355.96
11141.9
2379.94
11873.6
2381.57
12595.9
2357.98
13298.1
2307.23
13970.3
2228.29
14602.5
2121.36
15186.1
1987.9
15714.4
1828.45
16181.4
1648.67
16584.3
1451.16
16921.4
1240.84
17192.5
1019.12
17397.6
790.156
17536.8
554.911
17610.9
315.15
17616.2
75.2095
17552.6
-171.294
17418.5
-421.122
17212.1
-669.759
16933.2
-913.947
16584.1
-1150.17
16169
-1370.73
15694
-1568.71
15168
-1738.6
14601.1
-1876.35
14004.1
-1980.03
13387.5
-2049.63
12761
-2086.92
12132.8
-2095.07
11510
-2077.39
10898.3
-2037.5
10302.2
-1979.57
9725.59
-1907.72
9171.89
-1826.07
8644.2
-1738.18
8143.77
-1646.29
7670.67
-1552.37
7224.91
-1458.41
6806.36
-1365.54
6414.85
-1274.67
6050.28
-1186.43
5712.23
-1101.45
5399.96
-1020.37
5112.39
-943.833
4848.19
-872.403
4605.76
-806.571
4383.35
-746.766
4179.02
-693.296
3990.76
-646.455
3816.44
-606.451
3653.92
-573.404
3500.97
-547.51
3355.32
-528.747
3214.76
-517.18
3077.08
-512.844
2939.95
-515.584
2800.92
-525.458
2657.41
-542.465
2506.68
-566.337
2345.85
-596.378
2171.66
-631.458
1981.15
-670.687
1772.6
-712.108
1539.87
-753.969
1283.34
-804.348
1008.26
-856.622
577.34
-916.734
-358.172
-1270.7
-1579.99
-2203.79
-2720.14
-3087.67
-3826.76
-3576.11
-4952.91
-3849.9
-6099.8
-4037.88
-7270.92
-4172.43
-8468.12
-4280.5
-9694.07
-4377.79
-10952.4
-4473.71
-12247
-4572.7
-13583.7
-4676.22
-14968.8
-4783.09
-16407.6
-4888.62
-17903.4
-4985.2
-19455.8
-5062.07
-21058.9
-5105.8
-22699.7
-5101.54
-24356.3
-5034.79
-25999.7
-4890.17
-27594.7
-4652.82
-29099.2
-4312.34
-30466.7
-3863.54
-31651
-3306.97
-32608.3
-2650.26
-33297.2
-1908.5
-33685.5
-1101.49
-33754.3
-254.651
-33492.9
593.308
-32921.8
1418.69
-32068.2
2187.01
-30968
2869.85
-29664.4
3446.48
-28207.5
3906.38
-26648.1
4247.12
-25035.1
4470.81
-23409.7
4585.23
-21806.4
4603.55
-20253.4
4541.13
-18770.9
4413.76
-17372.2
4237.36
-16064.7
4026.87
-14850.8
3795.61
-13729.5
3554.94
-12697.2
3314.22
-11748.4
3080.98
-10876.6
2861.01
-10074.7
2658.58
-9335.44
2476.68
-8651.91
2317.61
-8017.82
2183.37
-7426.81
2075.64
-6871.91
1995.83
-6345.27
1945.24
-5837.96
1925.43
-5339.23
1938.12
-4835.61
1983.41
-4311.62
2058.06
-3751.14
2154.61
-3139.72
2263.91
-2472.7
2374.91
-1760.38
2483.2
-1020.98
2590.43
-268.895
2690.1
490.145
2771.79
1254.06
2828.35
2021.7
2862.58
2794.05
2881.98
3571.91
2896.04
4355.31
2910.81
5144.22
2927.39
5938.55
2944.66
6738.04
2961.22
7541.61
2974.72
8346.01
2981.39
9146.02
2975.68
9935.08
2951.89
10706.1
2905.07
11452.2
2830.57
12166.3
2725.31
12840.9
2587.12
13470.8
2413.35
14050.6
2203.35
14573.5
1958.14
15032.6
1681.56
15421
1374.42
15734.1
1034.08
15963.6
673.712
16099.6
302.69
16135.8
-90.5373
16061.3
-502.671
15868.5
-919.719
15557.3
-1321.75
15137.3
-1686.79
14622.8
-1998.09
14030.7
-2244.51
13379.2
-2420.46
12687.2
-2525.76
11972.9
-2564.54
11254.1
-2541.99
10547.4
-2471.15
9868.95
-2364.63
9227.77
-2240.15
8627.43
-2098.37
8068.62
-1958.11
7554.69
-1807.24
7084.52
-1672.5
6662.26
-1520.25
6280.69
-1415.63
-1240.58
307.999
640.334
602.448
650.746
906.736
649.757
1213.46
660.927
1524.15
670.442
1841.94
684.389
2170.31
706.368
2513.75
736.654
2876.87
775.468
3263.75
822.514
3677.71
876.908
4121.43
937.514
4596.96
1003.01
5105.73
1071.95
5648.57
1142.85
6225.67
1214.2
6836.6
1284.48
7480.23
1352.13
8154.79
1415.55
8857.76
1473.08
9585.75
1522.92
10334.5
1563.14
11098.6
1591.83
11871.6
1606.95
12646.2
1606.97
13413.8
1590.34
14164.9
1556.16
14889.5
1503.69
15577.6
1433.23
16220
1345.58
16806.8
1241.63
17332.1
1123.32
17791.7
991.621
18182
850.48
18500.7
700.456
18746.3
544.519
18918
383.277
19016.7
216.373
19038.3
53.6621
18983.1
-116.075
18850.2
-288.215
18637
-456.626
18344.4
-621.317
17977.5
-783.31
17541.5
-934.669
17042.1
-1069.3
16486.9
-1183.46
15885.5
-1274.91
15248.2
-1342.78
14586
-1387.36
13909.1
-1410.06
13226.9
-1412.89
12547.9
-1398.36
11879.8
-1369.44
11229.4
-1329.11
10602
-1280.31
10000.9
-1225.06
9428.46
-1165.7
8886.14
-1103.97
8374.8
-1041.03
7894.59
-978.199
7445.33
-916.275
7026.48
-855.815
6637.3
-797.249
6276.84
-740.984
5943.89
-687.425
5637.02
-636.962
5354.56
-589.944
5094.68
-546.685
4855.37
-507.454
4634.53
-472.457
4429.97
-441.898
4239.42
-415.9
4060.59
-394.572
3891.1
-378.023
3728.57
-366.22
3570.64
-359.242
3414.79
-356.996
3258.55
-359.343
3099.41
-366.32
2934.65
-377.71
2761.42
-393.106
2577.04
-411.992
2379.09
-433.509
2165.46
-457.061
1935.46
-482.099
1687.74
-506.257
1417.02
-533.625
1130.16
-569.758
815.508
-602.087
241.115
-696.306
-831.573
-1131.11
-2061.19
-1858.05
-3254.62
-2382.69
-4479.38
-2625.14
-5747.35
-2769.91
-7051.29
-2868.49
-8388.82
-2942.97
-9759.56
-3007.05
-11164.6
-3068.66
-12605.7
-3131.64
-14084.8
-3197.07
-15603.9
-3264.04
-17162.9
-3329.6
-18759.5
-3388.57
-20388.2
-3433.42
-22039
-3454.98
-23696.4
-3444.15
-25340.1
-3391.08
-26944.4
-3285.81
-28477.5
-3119.77
-29903.1
-2886.71
-31183.1
-2583.59
-32279.2
-2210.84
-33155.9
-1773.55
-33780.3
-1284.06
-34126.1
-755.689
-34180.3
-200.465
-33937.7
350.659
-33413.8
894.864
-32626.4
1399.57
-31606.9
1850.39
-30394.9
2234.46
-29033.5
2544.92
-27565.6
2779.25
-26033.1
2938.27
-24473.7
3025.91
-22919.9
3049.73
-21398.3
3019.49
-19929.6
2945.07
-18528.9
2836.68
-17206.1
2704.05
-15966.5
2556.03
-14811.9
2400.32
-13741
2243.37
-12750.4
2090.38
-11834.9
1945.48
-10988.1
1811.79
-10203
1691.64
-9472.22
1586.78
-8787.52
1498.67
-8140.47
1428.59
-7522.22
1377.59
-6923.37
1346.38
-6333.64
1335.71
-5741.01
1345.49
-5132.52
1374.92
-4497.1
1422.63
-3827.87
1485.38
-3118.78
1554.82
-2366.27
1622.4
-1574.67
1691.6
-755.342
1771.1
82.8349
1851.92
934.405
1920.22
1791.26
1971.5
2651.4
2002.43
3521.4
2011.98
4402.89
2014.55
5294.57
2019.13
6195.15
2026.81
7103.27
2036.54
8017.93
2046.56
8937.99
2054.67
9861.26
2058.13
10783.4
2053.54
11697.9
2037.42
12597.3
2005.68
13473.1
1954.69
14315.7
1882.73
15115.7
1787.14
15863.9
1665.18
16549.5
1517.71
17161.4
1346.28
17689.9
1153
18126.2
938.101
18461.6
698.725
18690.3
444.969
18804.2
188.856
18798.2
-84.61
18666.8
-371.259
18406.1
-658.944
18019.2
-934.92
17514.6
-1182.13
16906.1
-1389.67
16212.2
-1550.59
15453.8
-1662.02
14653.2
-1725.16
13832.2
-1743.58
13014.1
-1723.86
12217.3
-1674.31
11455.3
-1602.72
10734.8
-1519.56
10062.2
-1425.86
9436.93
-1332.81
8862.88
-1233.19
8332.76
-1142.38
7853.71
-1041.2
7405.64
-967.565
-837.561
348.838
291.496
651.872
347.713
959.457
342.172
1272.84
347.547
1596.54
346.743
1930.32
350.602
2276.25
360.439
2637.67
375.24
3018.45
394.685
3422.53
418.436
3853.47
445.964
4314.35
476.631
4807.62
509.748
5335
544.567
5897.53
580.315
6495.51
616.217
7128.5
651.486
7795.32
685.313
8494.02
716.852
9221.88
745.221
9975.3
769.489
10749.8
788.69
11539.8
801.82
12338.7
807.971
13139.7
805.979
13934.3
795.782
14713.4
777.017
15467.8
749.279
16188
713.091
16864.7
668.908
17488.4
617.84
18053
558.765
18552
492.67
18980.8
421.596
19335.4
345.909
19612.2
267.66
19808.9
186.579
19924.5
100.851
19960.2
17.9242
19911.5
-67.3655
19775.3
-152.068
19556.9
-238.214
19259.8
-324.236
18880.8
-404.241
18421.9
-475.766
17892.8
-540.194
17304.2
-594.842
16667.5
-638.298
15994.9
-670.132
15298.1
-690.586
14588.4
-700.298
13875.7
-700.187
13169.2
-691.929
12477
-677.164
11805
-657.16
11158
-633.323
10539.6
-606.595
9951.82
-577.96
9396
-548.152
8872.77
-517.794
8381.97
-487.404
7923.04
-457.341
7495.11
-427.889
7097.15
-399.294
6727.95
-371.777
6386.07
-345.551
6069.93
-320.815
5777.73
-297.748
5507.57
-276.521
5257.38
-257.268
5025.03
-240.107
4808.28
-225.149
4604.83
-212.444
4412.33
-202.077
4228.37
-194.056
4050.52
-188.378
3876.35
-185.067
3703.32
-183.967
3529.06
-185.08
3351.18
-188.44
3167.31
-193.842
2975.21
-201.012
2772.87
-209.652
2558.67
-219.305
2331.31
-229.703
2089.88
-240.671
1834.55
-250.926
1563.39
-262.459
1268.98
-275.353
954.972
-288.077
601.538
-342.872
-77.2013
-452.367
-1195.27
-739.973
-2463.58
-1114.38
-3751.92
-1336.8
-5112.33
-1409.5
-6522.04
-1458.77
-7968.98
-1496.04
-9447.91
-1528.12
-10958.1
-1558.48
-12500.7
-1589
-14077.5
-1620.32
-15689.4
-1652.1
-17336.1
-1682.96
-19014.3
-1710.29
-20717.1
-1730.64
-22431.9
-1740.25
-24141.6
-1734.41
-25824.5
-1708.18
-27453.1
-1657.16
-28996.2
-1576.66
-30420.1
-1462.82
-31689.4
-1314.28
-32767.1
-1133.14
-33618
-922.658
-34217.8
-684.267
-34553.8
-419.673
-34609.9
-144.46
-34389
129.769
-33894.6
400.506
-33142.3
647.288
-32169
877.025
-31009.5
1075.04
-29701.3
1236.71
-28283.1
1361.02
-26793.2
1448.35
-25268
1500.69
-23738.8
1520.55
-22231.1
1511.86
-20766
1479.94
-19359.3
1429.95
-18022.1
1366.81
-16761
1295
-15579.2
1218.53
-14476.8
1140.88
-13451.2
1064.79
-12498
992.325
-11611.3
925.103
-10784.1
864.371
-10008.4
811.132
-9275.99
766.251
-8577.88
730.481
-7904.79
704.499
-7247.17
688.76
-6594.54
683.076
-5936.01
686.962
-5261.82
700.729
-4564.62
725.429
-3840.04
760.808
-3085.79
800.568
-2293.86
830.466
-1453.34
851.088
-564.527
882.287
359.226
928.17
1298.39
981.053
2231.74
1038.15
3161.91
1072.26
4106.87
1067.02
5068.71
1052.71
6043.4
1044.44
7027.92
1042.29
8020.42
1044.04
9019.71
1047.26
10024.5
1049.91
11032.6
1049.99
12040.3
1045.87
13042
1035.73
14029.9
1017.71
14994.1
990.48
15924.6
952.263
16809.2
902.547
17632.7
841.662
18382.7
767.747
19048.5
680.436
19619.8
581.667
20086.5
471.438
20435.4
349.879
20662.7
217.637
20768.2
83.3426
20739.7
-56.0608
20570.4
-202.056
20259
-347.502
19813
-488.866
19238.5
-607.67
18555
-706.223
17786.1
-781.635
16957
-832.946
16093.1
-861.211
15217.1
-867.574
14350.9
-857.67
13510.9
-834.328
12709.8
-801.6
11952.1
-761.84
11244.6
-718.377
10584
-672.21
9975.67
-624.881
9409.6
-576.305
8898.53
-530.124
8416.59
-485.628
-415.765
291.496
639.209
981.381
1328.93
1675.67
2026.27
2386.71
2761.95
3156.64
3575.07
4021.04
4497.67
5007.42
5551.98
6132.3
6748.52
7400
8085.31
8802.17
9547.39
10316.9
11105.6
11907.4
12715.4
13521.3
14317.1
15094.1
15843.4
16556.5
17225.4
17843.3
18402
18894.7
19316.3
19662.2
19929.9
20116.4
20217.3
20235.2
20167.8
20015.8
19777.6
19453.3
19049.1
18573.3
18033.1
17438.3
16800
16129.9
15439.3
14739
14038.8
13346.9
12669.7
12012.5
11379.2
10772.6
10194.6
9646.5
9128.7
8641.3
8183.96
7756.07
7356.78
6985
6639.45
6318.63
6020.88
5744.36
5487.1
5246.99
5021.84
4809.4
4607.32
4413.26
4224.88
4039.82
3855.85
3670.77
3482.33
3288.49
3087.48
2877.82
2658.52
2428.82
2188.14
1937.22
1674.76
1399.41
1111.33
768.458
316.091
-423.882
-1538.27
-2875.06
-4284.57
-5743.34
-7239.38
-8767.5
-10326
-11915
-13535.3
-15187.4
-16870.4
-18580.7
-20311.3
-22051.5
-23786
-25494.1
-27151.3
-28728
-30190.8
-31505.1
-32638.2
-33560.9
-34245.1
-34664.8
-34809.3
-34679.5
-34279
-33631.7
-32754.7
-31679.6
-30442.9
-29081.9
-27633.6
-26132.9
-24612.3
-23100.4
-21620.5
-20190.5
-18823.7
-17528.7
-16310.2
-15169.3
-14104.5
-13112.2
-12187.1
-11322.7
-10511.6
-9745.35
-9014.86
-8310.37
-7621.61
-6938.53
-6251.57
-5550.84
-4825.41
-4064.6
-3264.03
-2433.57
-1582.48
-700.193
227.977
1209.03
2247.18
3319.44
4386.46
5439.17
6483.61
7525.9
8569.94
9617.2
10667.1
11717.1
12763
13798.7
14816.4
15806.9
16759.2
17661.7
18503.4
19271.1
19951.5
20533.2
21004.7
21354.5
21572.2
21655.5
21599.5
21397.4
21049.9
20561
19953.4
19247.1
18465.5
17632.6
16771.3
15903.8
15046.1
14211.8
13410.2
12648.3
11930
11257.7
10632.9
10056.6
9526.43
9040.8
)
;

boundaryField
{
    walls
    {
        type            calculated;
        value           uniform 0;
    }
    inlet
    {
        type            calculated;
        value           nonuniform List<scalar> 
20
(
-5e-005
-5e-005
-5e-005
-5e-005
-5e-005
-5e-005
-5e-005
-5e-005
-5e-005
-5e-005
-5e-005
-5e-005
-5e-005
-5e-005
-5e-005
-5e-005
-5e-005
-5e-005
-5e-005
-5e-005
)
;
    }
    outlet
    {
        type            calculated;
        value           nonuniform List<scalar> 
20
(
-4914.5
-4862.72
-4767.39
-4618.3
-4410.82
-4138.55
-3776.07
-3288.02
-2695.32
-2069.19
-1373.73
-363.444
1020.03
2326.83
3568.89
4789.12
5950.67
7002.63
7994.8
8625.04
)
;
    }
    frontAndBack
    {
        type            empty;
        value           nonuniform 0();
    }
}


// ************************************************************************* //
