/*--------------------------------*- C++ -*----------------------------------*\
| =========                 |                                                 |
| \\      /  F ield         | OpenFOAM: The Open Source CFD Toolbox           |
|  \\    /   O peration     | Version:  5.x                                   |
|   \\  /    A nd           | Web:      www.OpenFOAM.org                      |
|    \\/     M anipulation  |                                                 |
\*---------------------------------------------------------------------------*/
/*   Windows 32 and 64 bit porting by blueCAPE: http://www.bluecape.com.pt   *\
|  Based on Windows porting (2.0.x v4) by Symscape: http://www.symscape.com   |
\*---------------------------------------------------------------------------*/
FoamFile
{
    version     2.0;
    format      ascii;
    class       volScalarField;
    location    "2833";
    object      nut;
}
// * * * * * * * * * * * * * * * * * * * * * * * * * * * * * * * * * * * * * //

dimensions      [0 2 -1 0 0 0 0];

internalField   nonuniform List<scalar> 
4000
(
5.02015e-005
4.65904e-005
4.33177e-005
4.03334e-005
3.76022e-005
3.50961e-005
3.27918e-005
3.06697e-005
2.87126e-005
2.69055e-005
2.52353e-005
2.369e-005
2.2259e-005
2.09329e-005
1.97031e-005
1.85617e-005
1.75017e-005
1.65168e-005
1.5601e-005
1.4749e-005
1.3956e-005
1.32175e-005
1.25294e-005
1.1888e-005
1.12897e-005
1.07315e-005
1.02104e-005
9.72376e-006
9.26908e-006
8.84406e-006
8.44663e-006
8.07482e-006
7.72686e-006
7.40106e-006
7.09592e-006
6.81e-006
6.54199e-006
6.29068e-006
6.05494e-006
5.83372e-006
5.62607e-006
5.43107e-006
5.24791e-006
5.07582e-006
4.91407e-006
4.74283e-006
4.52031e-006
4.31409e-006
4.12281e-006
3.94521e-006
3.78016e-006
3.62664e-006
3.48374e-006
3.35061e-006
3.22649e-006
3.1107e-006
3.00259e-006
2.90161e-006
2.80721e-006
2.71893e-006
2.63632e-006
2.55899e-006
2.48657e-006
2.41873e-006
2.35515e-006
2.29555e-006
2.23968e-006
2.1873e-006
2.13818e-006
2.09214e-006
2.04897e-006
2.00851e-006
1.97061e-006
1.93511e-006
1.90188e-006
1.87079e-006
1.84171e-006
1.81451e-006
1.78874e-006
1.76357e-006
1.73904e-006
1.71516e-006
1.69194e-006
1.6694e-006
1.64754e-006
1.62637e-006
1.6059e-006
1.58611e-006
1.567e-006
1.54857e-006
1.5308e-006
1.51369e-006
1.49722e-006
1.48137e-006
1.46615e-006
1.45152e-006
1.43748e-006
1.42401e-006
1.4111e-006
1.39873e-006
1.38689e-006
1.37556e-006
1.36474e-006
1.35439e-006
1.34452e-006
1.33511e-006
1.32615e-006
1.31761e-006
1.3095e-006
1.30179e-006
1.29448e-006
1.28756e-006
1.28101e-006
1.27482e-006
1.26899e-006
1.26351e-006
1.25836e-006
1.25354e-006
1.24904e-006
1.24485e-006
1.24097e-006
1.23739e-006
1.2341e-006
1.23109e-006
1.22836e-006
1.22591e-006
1.22372e-006
1.2218e-006
1.22013e-006
1.21872e-006
1.21755e-006
1.21663e-006
1.21595e-006
1.2155e-006
1.21528e-006
1.2153e-006
1.21554e-006
1.216e-006
1.21667e-006
1.21757e-006
1.21867e-006
1.21999e-006
1.22151e-006
1.22324e-006
1.22517e-006
1.22731e-006
1.22964e-006
1.23216e-006
1.23488e-006
1.2378e-006
1.2409e-006
1.24419e-006
1.24767e-006
1.25134e-006
1.25519e-006
1.25923e-006
1.26344e-006
1.26784e-006
1.27242e-006
1.27718e-006
1.28211e-006
1.28722e-006
1.29251e-006
1.29797e-006
1.30361e-006
1.30942e-006
1.3154e-006
1.32156e-006
1.32788e-006
1.33438e-006
1.34105e-006
1.34789e-006
1.3549e-006
1.36207e-006
1.36942e-006
1.37694e-006
1.38462e-006
1.39247e-006
1.40049e-006
1.40868e-006
1.41703e-006
1.42556e-006
1.43425e-006
1.4431e-006
1.45212e-006
1.46131e-006
1.47067e-006
1.48019e-006
1.48987e-006
1.49972e-006
1.50974e-006
1.51991e-006
1.53025e-006
1.54075e-006
1.5514e-006
1.56224e-006
1.57315e-006
1.58441e-006
1.59544e-006
1.60685e-006
0.00140534
0.000769882
0.000573236
0.000472477
0.000409257
0.000364986
0.000331799
0.000305713
0.000284515
0.000266839
0.000251797
0.000238783
0.000227374
0.000217262
0.000208219
0.000200068
0.000192673
0.000185925
0.000179734
0.000174029
0.000168752
0.000163853
0.00015929
0.000155028
0.000151038
0.000147294
0.000143772
0.000140454
0.000137323
0.000134363
0.00013156
0.000128903
0.000126382
0.000123986
0.000121708
0.000119538
0.000117471
0.000115499
0.000113618
0.000111821
0.000110104
0.000108463
0.000106893
0.000105391
0.000103953
0.000102576
0.000101258
9.9997e-005
9.87892e-005
9.76323e-005
9.6524e-005
9.5462e-005
9.44443e-005
9.34692e-005
9.25348e-005
9.16395e-005
9.0782e-005
8.99607e-005
8.91742e-005
8.84215e-005
8.77013e-005
8.70124e-005
8.63541e-005
8.57252e-005
8.51247e-005
8.4552e-005
8.40061e-005
8.34863e-005
8.2992e-005
8.25223e-005
8.20768e-005
8.16548e-005
8.12556e-005
8.08786e-005
8.05232e-005
8.01889e-005
7.98748e-005
7.95797e-005
7.90927e-005
7.81645e-005
7.72782e-005
7.6431e-005
7.56198e-005
7.48422e-005
7.40959e-005
7.33792e-005
7.26902e-005
7.20275e-005
7.13898e-005
7.07759e-005
7.01846e-005
6.96148e-005
6.90658e-005
6.85364e-005
6.8026e-005
6.75338e-005
6.7059e-005
6.6601e-005
6.61591e-005
6.57325e-005
6.53216e-005
6.49254e-005
6.45433e-005
6.41749e-005
6.38194e-005
6.34766e-005
6.31458e-005
6.28269e-005
6.25194e-005
6.2223e-005
6.19374e-005
6.16623e-005
6.13974e-005
6.11424e-005
6.08972e-005
6.06614e-005
6.04349e-005
6.02174e-005
6.00087e-005
5.98086e-005
5.96169e-005
5.94335e-005
5.92581e-005
5.90906e-005
5.89308e-005
5.87786e-005
5.86338e-005
5.84963e-005
5.83659e-005
5.82426e-005
5.8126e-005
5.80163e-005
5.79131e-005
5.78164e-005
5.77261e-005
5.76421e-005
5.75642e-005
5.74923e-005
5.74264e-005
5.73662e-005
5.73119e-005
5.72632e-005
5.722e-005
5.71823e-005
5.71501e-005
5.71231e-005
5.71013e-005
5.70846e-005
5.70729e-005
5.70662e-005
5.70644e-005
5.70675e-005
5.70753e-005
5.70877e-005
5.71048e-005
5.71264e-005
5.71525e-005
5.7183e-005
5.72178e-005
5.7257e-005
5.73003e-005
5.73479e-005
5.73995e-005
5.74552e-005
5.75149e-005
5.75786e-005
5.76462e-005
5.77177e-005
5.77929e-005
5.78718e-005
5.79544e-005
5.80407e-005
5.81306e-005
5.82239e-005
5.83208e-005
5.84212e-005
5.8525e-005
5.86321e-005
5.87427e-005
5.88565e-005
5.89735e-005
5.90936e-005
5.9217e-005
5.93435e-005
5.9473e-005
5.96055e-005
5.9741e-005
5.98794e-005
6.00206e-005
6.01645e-005
6.03111e-005
6.04604e-005
6.06117e-005
6.07669e-005
6.09206e-005
6.10861e-005
6.12357e-005
6.13986e-005
6.15611e-005
6.16408e-005
0.0058292
0.00341116
0.00245405
0.00194916
0.00163588
0.00142115
0.00126394
0.00114333
0.00104754
0.000969395
0.000904263
0.000849017
0.000801483
0.000760089
0.000723676
0.000691369
0.000662477
0.00063646
0.000612895
0.000591433
0.000571794
0.000553742
0.000537086
0.000521662
0.000507332
0.000493978
0.000481498
0.000469806
0.000458825
0.000448487
0.000438737
0.000429522
0.000420797
0.000412521
0.000404659
0.000397177
0.000390047
0.000383245
0.000376745
0.000370527
0.000364571
0.000358859
0.000353376
0.000348108
0.000343042
0.000338164
0.000333463
0.00032893
0.000324554
0.000320328
0.000316242
0.000312289
0.000308462
0.000304755
0.000301162
0.000297677
0.000294295
0.000291011
0.000287821
0.00028472
0.000281704
0.000278771
0.000275915
0.000273134
0.000270425
0.000267786
0.000265212
0.000262703
0.000260254
0.000257865
0.000255534
0.000253257
0.000251033
0.000248862
0.00024674
0.000244665
0.000242637
0.000240652
0.000238715
0.000236828
0.000234989
0.000233195
0.000231442
0.000229729
0.000228052
0.00022641
0.000224801
0.000223225
0.000221678
0.000220161
0.000218672
0.000217211
0.000215775
0.000214365
0.00021298
0.000211619
0.000210281
0.000208966
0.000207673
0.000206402
0.000205148
0.000203913
0.000202696
0.000201497
0.000200315
0.00019915
0.000198002
0.000196871
0.000195757
0.000194659
0.000193578
0.000192512
0.000191463
0.000190428
0.00018941
0.000188407
0.000187418
0.000186445
0.000185487
0.000184543
0.000183613
0.000182698
0.000181797
0.000180909
0.000180036
0.000179177
0.00017833
0.000177498
0.000176678
0.000175871
0.000175078
0.000174297
0.00017353
0.000172775
0.000172032
0.000171301
0.000170583
0.000169878
0.000169184
0.000168502
0.000167832
0.000167174
0.000166527
0.000165892
0.000165269
0.000164656
0.000164055
0.000163466
0.000162887
0.000162319
0.000161762
0.000161216
0.000160681
0.000160156
0.000159642
0.000159138
0.000158645
0.000158162
0.000157689
0.000157226
0.000156774
0.000156332
0.000155899
0.000155476
0.000155064
0.00015466
0.000154267
0.000153883
0.000153509
0.000153144
0.000152789
0.000152443
0.000152106
0.000151779
0.00015146
0.000151152
0.000150852
0.000150561
0.000150279
0.000150006
0.000149743
0.000149488
0.000149243
0.000149006
0.000148778
0.000148559
0.000148349
0.000148147
0.000147955
0.000147771
0.000147596
0.000147429
0.000147271
0.000147121
0.00014698
0.000146846
0.000146721
0.000146603
0.000146488
0.000146383
0.00843935
0.00640495
0.00508653
0.00421483
0.00360774
0.00316363
0.00282529
0.00255897
0.00234376
0.00216607
0.00201672
0.00188932
0.00177925
0.00168313
0.00159843
0.00152317
0.00145583
0.00139517
0.00134023
0.00129023
0.00124449
0.00120249
0.00116378
0.00112796
0.00109473
0.00106379
0.00103492
0.0010079
0.000982566
0.000958747
0.00093631
0.000915134
0.000895112
0.000876147
0.000858154
0.000841057
0.000824786
0.000809277
0.000794482
0.000780344
0.000766817
0.000753862
0.000741443
0.000729519
0.000718062
0.000707045
0.000696437
0.000686215
0.000676358
0.000666842
0.000657651
0.000648763
0.000640165
0.000631843
0.000623776
0.000615956
0.000608369
0.000601006
0.000593853
0.000586898
0.000580135
0.000573557
0.000567151
0.000560909
0.000554828
0.000548898
0.000543117
0.000537471
0.00053196
0.000526576
0.000521316
0.000516172
0.000511142
0.000506224
0.000501408
0.000496692
0.000492073
0.000487546
0.000483113
0.000478764
0.000474502
0.00047032
0.000466218
0.000462195
0.000458244
0.000454367
0.00045056
0.00044682
0.000443147
0.000439536
0.000435987
0.000432497
0.000429066
0.000425689
0.000422368
0.0004191
0.000415885
0.00041272
0.000409604
0.000406534
0.000403512
0.000400535
0.000397603
0.000394715
0.000391869
0.000389062
0.000386298
0.000383572
0.000380886
0.000378237
0.000375626
0.00037305
0.00037051
0.000368007
0.000365537
0.000363102
0.000360699
0.000358329
0.000355991
0.000353685
0.00035141
0.000349165
0.000346951
0.000344767
0.000342611
0.000340484
0.000338386
0.000336314
0.000334271
0.000332254
0.000330266
0.000328302
0.000326364
0.000324454
0.000322567
0.000320706
0.000318869
0.000317056
0.000315267
0.000313503
0.000311761
0.000310043
0.000308347
0.000306674
0.000305024
0.000303395
0.000301788
0.000300203
0.000298639
0.000297097
0.000295575
0.000294074
0.000292592
0.000291131
0.00028969
0.000288269
0.000286867
0.000285485
0.000284123
0.000282779
0.000281455
0.000280149
0.000278862
0.000277592
0.000276341
0.000275108
0.000273893
0.000272696
0.000271516
0.000270353
0.000269209
0.000268081
0.00026697
0.000265877
0.0002648
0.000263741
0.000262697
0.000261671
0.00026066
0.000259666
0.000258689
0.000257727
0.000256782
0.000255853
0.000254939
0.000254042
0.000253161
0.000252296
0.000251447
0.000250612
0.000249793
0.00024899
0.000248203
0.000247431
0.000246672
0.00024593
0.0002452
0.000244487
0.000243783
0.00024312
0.00936985
0.00820784
0.00716322
0.00630245
0.005609
0.00504902
0.00459173
0.00421309
0.00389522
0.00362491
0.00339236
0.0031902
0.00301282
0.00285592
0.00271613
0.00259076
0.00247767
0.0023751
0.00228165
0.00219613
0.00211757
0.00204513
0.00197812
0.00191593
0.00185806
0.00180407
0.00175358
0.00170624
0.00166177
0.0016199
0.00158042
0.00154312
0.00150782
0.00147435
0.00144259
0.00141239
0.00138364
0.00135623
0.00133007
0.00130507
0.00128116
0.00125826
0.00123631
0.00121524
0.00119501
0.00117555
0.00115683
0.00113881
0.00112143
0.00110467
0.00108848
0.00107285
0.00105773
0.00104311
0.00102895
0.00101523
0.00100194
0.000989046
0.000976534
0.000964383
0.000952579
0.000941103
0.000929941
0.000919081
0.000908507
0.000898208
0.000888171
0.000878387
0.000868845
0.000859533
0.000850443
0.000841566
0.000832894
0.000824419
0.000816132
0.000808028
0.000800098
0.000792335
0.000784736
0.000777291
0.000769998
0.000762851
0.000755844
0.000748973
0.000742233
0.00073562
0.00072913
0.000722759
0.000716503
0.00071036
0.000704324
0.000698394
0.000692566
0.000686839
0.000681203
0.000675665
0.000670215
0.000664853
0.000659579
0.00065439
0.000649282
0.000644251
0.000639295
0.000634417
0.000629616
0.000624883
0.000620219
0.000615627
0.000611101
0.000606637
0.00060224
0.000597903
0.000593626
0.000589413
0.000585256
0.000581153
0.00057711
0.000573121
0.000569185
0.000565301
0.000561472
0.000557689
0.00055396
0.000550279
0.000546644
0.000543057
0.000539515
0.000536019
0.000532567
0.000529161
0.000525797
0.000522473
0.00051919
0.00051595
0.000512752
0.000509591
0.00050647
0.000503387
0.000500343
0.000497334
0.000494363
0.000491427
0.000488527
0.000485661
0.000482831
0.000480036
0.000477273
0.000474543
0.000471846
0.000469179
0.000466547
0.000463943
0.000461372
0.000458832
0.000456321
0.00045384
0.000451388
0.000448965
0.000446569
0.000444204
0.000441865
0.000439556
0.000437273
0.000435018
0.000432788
0.000430587
0.000428411
0.000426261
0.000424137
0.000422038
0.000419964
0.000417915
0.000415891
0.000413892
0.000411917
0.000409965
0.000408039
0.000406136
0.000404256
0.000402398
0.000400567
0.000398757
0.00039697
0.000395208
0.000393466
0.000391749
0.000390054
0.000388381
0.00038673
0.000385102
0.000383495
0.000381911
0.000380348
0.000378807
0.000377287
0.000375788
0.000374309
0.000372852
0.000371414
0.000370078
0.00971739
0.00910354
0.00842962
0.00777467
0.0071745
0.00663955
0.00616822
0.00575409
0.00538965
0.0050677
0.00478194
0.00452702
0.00429842
0.00409242
0.00390593
0.00373638
0.00358157
0.00343971
0.00330925
0.00318891
0.00307754
0.00297421
0.00287806
0.00278839
0.00270455
0.00262601
0.00255228
0.00248294
0.0024176
0.00235593
0.00229763
0.00224243
0.00219008
0.00214037
0.00209311
0.00204812
0.00200523
0.0019643
0.00192519
0.0018878
0.001852
0.00181769
0.00178478
0.00175319
0.00172284
0.00169364
0.00166555
0.00163849
0.0016124
0.00158723
0.00156294
0.00153947
0.00151678
0.00149484
0.0014736
0.00145303
0.00143311
0.00141379
0.00139505
0.00137686
0.00135919
0.00134203
0.00132535
0.00130912
0.00129334
0.00127797
0.00126301
0.00124844
0.00123423
0.00122038
0.00120687
0.00119369
0.00118082
0.00116826
0.00115598
0.00114399
0.00113226
0.0011208
0.00110958
0.0010986
0.00108786
0.00107735
0.00106704
0.00105695
0.00104706
0.00103737
0.00102786
0.00101854
0.0010094
0.00100043
0.00099162
0.000982976
0.000974488
0.000966152
0.000957963
0.000949917
0.00094201
0.000934239
0.000926598
0.000919085
0.000911696
0.000904428
0.000897278
0.000890242
0.000883318
0.000876501
0.000869792
0.000863185
0.000856679
0.000850271
0.000843959
0.00083774
0.000831613
0.000825575
0.000819623
0.000813758
0.000807975
0.000802274
0.000796652
0.000791108
0.00078564
0.000780247
0.000774927
0.000769678
0.000764499
0.000759389
0.000754346
0.00074937
0.000744458
0.000739609
0.000734822
0.000730097
0.000725431
0.000720823
0.000716274
0.000711781
0.000707344
0.00070296
0.000698632
0.000694355
0.00069013
0.000685956
0.000681832
0.000677758
0.000673732
0.000669753
0.000665821
0.000661936
0.000658095
0.000654299
0.000650547
0.000646838
0.000643172
0.000639549
0.000635966
0.000632424
0.000628922
0.000625459
0.000622036
0.000618651
0.000615305
0.000611995
0.000608723
0.000605487
0.000602287
0.000599123
0.000595993
0.000592899
0.000589838
0.000586812
0.000583819
0.000580859
0.000577932
0.000575037
0.000572174
0.000569343
0.000566544
0.000563776
0.000561038
0.000558331
0.000555654
0.000553008
0.000550391
0.000547804
0.000545247
0.000542719
0.00054022
0.000537749
0.000535308
0.000532894
0.000530509
0.000528152
0.000525823
0.000523522
0.000521248
0.000519001
0.00051678
0.000514586
0.000512429
0.000510454
0.00986196
0.0095358
0.0091301
0.00868591
0.00823444
0.00779546
0.00737963
0.00699176
0.00663318
0.00630313
0.00599988
0.00572132
0.00546526
0.00522958
0.00501227
0.00481152
0.00462571
0.00445336
0.0042932
0.00414407
0.00400493
0.00387487
0.00375308
0.00363882
0.00353146
0.00343042
0.00333517
0.00324524
0.00316023
0.00307974
0.00300344
0.00293101
0.00286218
0.00279669
0.0027343
0.0026748
0.00261801
0.00256373
0.00251182
0.00246211
0.00241447
0.00236879
0.00232493
0.0022828
0.00224228
0.0022033
0.00216576
0.00212959
0.00209471
0.00206105
0.00202855
0.00199715
0.00196679
0.00193742
0.001909
0.00188147
0.0018548
0.00182895
0.00180387
0.00177953
0.0017559
0.00173295
0.00171064
0.00168895
0.00166786
0.00164733
0.00162735
0.00160789
0.00158893
0.00157046
0.00155244
0.00153487
0.00151773
0.001501
0.00148466
0.00146871
0.00145312
0.00143789
0.001423
0.00140844
0.00139419
0.00138025
0.00136661
0.00135325
0.00134017
0.00132736
0.00131481
0.00130251
0.00129045
0.00127862
0.00126702
0.00125565
0.00124449
0.00123353
0.00122277
0.00121222
0.00120185
0.00119166
0.00118166
0.00117183
0.00116217
0.00115267
0.00114333
0.00113415
0.00112512
0.00111624
0.0011075
0.00109891
0.00109044
0.00108212
0.00107392
0.00106585
0.0010579
0.00105007
0.00104236
0.00103477
0.00102729
0.00101991
0.00101265
0.00100549
0.000998427
0.000991467
0.000984606
0.000977841
0.000971168
0.000964588
0.000958096
0.000951693
0.000945375
0.000939141
0.000932991
0.000926921
0.00092093
0.000915016
0.000909179
0.000903415
0.000897726
0.000892108
0.00088656
0.000881081
0.00087567
0.000870326
0.000865047
0.000859832
0.00085468
0.000849589
0.00084456
0.000839591
0.00083468
0.000829826
0.00082503
0.000820289
0.000815603
0.000810971
0.000806391
0.000801866
0.000797391
0.000792965
0.000788591
0.000784265
0.000779987
0.000775757
0.000771574
0.000767437
0.000763346
0.000759299
0.000755297
0.000751338
0.000747422
0.000743549
0.000739718
0.000735928
0.000732178
0.000728469
0.000724801
0.000721171
0.000717581
0.000714029
0.000710515
0.000707038
0.000703599
0.000700198
0.000696833
0.000693504
0.000690211
0.000686954
0.000683733
0.000680545
0.000677393
0.000674276
0.000671192
0.000668143
0.000665128
0.000662146
0.000659196
0.00065628
0.000653396
0.000650547
0.000647752
0.000645233
0.00992704
0.00974612
0.00950199
0.00921047
0.00888876
0.0085521
0.00821203
0.00787688
0.00755195
0.00724058
0.00694458
0.00666467
0.00640092
0.00615291
0.00592007
0.0057016
0.00549661
0.00530426
0.00512365
0.00495396
0.00479439
0.00464418
0.00450268
0.00436921
0.00424317
0.00412405
0.00401132
0.00390453
0.00380326
0.00370711
0.00361573
0.0035288
0.00344601
0.00336708
0.00329177
0.00321984
0.00315107
0.00308528
0.00302227
0.00296188
0.00290395
0.00284834
0.00279492
0.00274356
0.00269415
0.00264657
0.00260073
0.00255653
0.0025139
0.00247275
0.002433
0.00239458
0.00235743
0.00232149
0.0022867
0.002253
0.00222035
0.00218869
0.00215797
0.00212817
0.00209923
0.00207113
0.00204381
0.00201726
0.00199144
0.00196631
0.00194185
0.00191804
0.00189485
0.00187225
0.00185021
0.00182873
0.00180778
0.00178733
0.00176737
0.00174789
0.00172885
0.00171026
0.00169209
0.00167433
0.00165696
0.00163997
0.00162335
0.00160708
0.00159116
0.00157557
0.0015603
0.00154534
0.00153068
0.00151632
0.00150224
0.00148843
0.00147489
0.0014616
0.00144857
0.00143578
0.00142323
0.00141091
0.0013988
0.00138692
0.00137524
0.00136377
0.0013525
0.00134142
0.00133053
0.00131983
0.0013093
0.00129895
0.00128876
0.00127874
0.00126889
0.00125918
0.00124964
0.00124024
0.00123098
0.00122187
0.0012129
0.00120406
0.00119536
0.00118678
0.00117833
0.00117001
0.0011618
0.00115371
0.00114574
0.00113788
0.00113013
0.00112249
0.00111495
0.00110751
0.00110018
0.00109295
0.00108581
0.00107877
0.00107182
0.00106496
0.00105819
0.00105151
0.00104491
0.0010384
0.00103197
0.00102562
0.00101935
0.00101316
0.00100705
0.00100101
0.000995039
0.000989144
0.00098332
0.000977567
0.000971881
0.000966263
0.000960711
0.000955224
0.0009498
0.00094444
0.000939141
0.000933903
0.000928724
0.000923603
0.000918542
0.000913536
0.000908586
0.000903691
0.000898851
0.000894063
0.000889329
0.000884648
0.000880016
0.000875435
0.000870903
0.00086642
0.000861985
0.000857598
0.000853258
0.000848965
0.000844717
0.000840514
0.000836356
0.000832242
0.000828172
0.000824144
0.00082016
0.000816217
0.000812317
0.000808458
0.00080464
0.000800863
0.000797126
0.000793428
0.00078977
0.000786151
0.000782572
0.000779031
0.000775528
0.000772062
0.000768635
0.000765249
0.000761936
0.000758984
0.00995688
0.00984667
0.00968971
0.00949
0.00925521
0.00899465
0.00871731
0.00843106
0.00814236
0.0078562
0.00757616
0.00730475
0.00704364
0.00679375
0.0065556
0.00632924
0.00611451
0.00591109
0.00571855
0.00553634
0.00536393
0.00520078
0.00504632
0.00490004
0.0047614
0.00462992
0.00450512
0.0043866
0.00427394
0.00416674
0.00406466
0.00396739
0.0038746
0.00378603
0.00370141
0.00362048
0.00354305
0.00346888
0.00339778
0.00332959
0.00326414
0.00320126
0.00314081
0.00308266
0.00302669
0.00297277
0.00292081
0.00287069
0.00282233
0.00277562
0.0027305
0.00268688
0.00264469
0.00260386
0.00256433
0.00252604
0.00248893
0.00245295
0.00241804
0.00238416
0.00235127
0.00231932
0.00228827
0.00225808
0.00222872
0.00220016
0.00217236
0.00214529
0.00211893
0.00209324
0.00206821
0.0020438
0.00201999
0.00199676
0.0019741
0.00195196
0.00193035
0.00190924
0.00188862
0.00186845
0.00184874
0.00182947
0.00181062
0.00179217
0.00177412
0.00175644
0.00173914
0.0017222
0.0017056
0.00168933
0.00167339
0.00165776
0.00164244
0.00162741
0.00161267
0.00159821
0.00158403
0.0015701
0.00155643
0.00154301
0.00152983
0.00151688
0.00150417
0.00149167
0.00147939
0.00146733
0.00145546
0.0014438
0.00143233
0.00142105
0.00140995
0.00139904
0.0013883
0.00137773
0.00136732
0.00135708
0.001347
0.00133708
0.0013273
0.00131768
0.00130819
0.00129885
0.00128965
0.00128058
0.00127164
0.00126283
0.00125415
0.00124559
0.00123715
0.00122883
0.00122062
0.00121253
0.00120454
0.00119667
0.0011889
0.00118123
0.00117367
0.0011662
0.00115884
0.00115157
0.00114439
0.0011373
0.0011303
0.0011234
0.00111657
0.00110984
0.00110318
0.00109661
0.00109012
0.00108371
0.00107737
0.00107112
0.00106493
0.00105882
0.00105278
0.00104681
0.00104091
0.00103508
0.00102932
0.00102362
0.00101799
0.00101242
0.00100692
0.00100147
0.00099609
0.000990767
0.000985503
0.000980297
0.000975148
0.000970055
0.000965017
0.000960034
0.000955105
0.00095023
0.000945406
0.000940634
0.000935913
0.000931242
0.00092662
0.000922048
0.000917524
0.000913048
0.000908618
0.000904236
0.000899901
0.00089561
0.000891365
0.000887165
0.000883008
0.000878896
0.000874827
0.000870802
0.000866819
0.000862879
0.00085898
0.000855124
0.00085131
0.000847542
0.000843859
0.000840601
0.00996873
0.0098874
0.0097678
0.00960977
0.00941693
0.00919507
0.00895132
0.00869268
0.00842563
0.00815555
0.00788677
0.00762257
0.00736535
0.00711671
0.00687771
0.00664889
0.00643049
0.0062225
0.00602475
0.0058369
0.00565855
0.00548929
0.00532864
0.00517613
0.00503132
0.00489373
0.00476295
0.00463855
0.00452014
0.00440737
0.00429987
0.00419733
0.00409944
0.00400593
0.00391652
0.00383096
0.00374905
0.00367055
0.00359527
0.00352303
0.00345366
0.00338699
0.00332288
0.00326119
0.00320179
0.00314456
0.00308939
0.00303616
0.00298479
0.00293517
0.00288723
0.00284087
0.00279602
0.00275262
0.0027106
0.00266988
0.00263042
0.00259215
0.00255502
0.00251899
0.002484
0.00245001
0.00241698
0.00238488
0.00235364
0.00232326
0.00229368
0.00226489
0.00223684
0.00220952
0.00218289
0.00215692
0.00213159
0.00210689
0.00208277
0.00205924
0.00203625
0.0020138
0.00199187
0.00197043
0.00194947
0.00192898
0.00190894
0.00188933
0.00187014
0.00185136
0.00183297
0.00181496
0.00179732
0.00178004
0.00176311
0.00174651
0.00173024
0.00171428
0.00169863
0.00168329
0.00166822
0.00165344
0.00163894
0.0016247
0.00161071
0.00159698
0.00158349
0.00157024
0.00155722
0.00154442
0.00153185
0.00151949
0.00150733
0.00149538
0.00148362
0.00147206
0.00146068
0.00144949
0.00143847
0.00142763
0.00141696
0.00140646
0.00139611
0.00138593
0.00137589
0.00136601
0.00135628
0.00134669
0.00133724
0.00132793
0.00131875
0.0013097
0.00130078
0.00129199
0.00128332
0.00127477
0.00126634
0.00125802
0.00124982
0.00124172
0.00123374
0.00122586
0.00121808
0.00121041
0.00120283
0.00119536
0.00118798
0.00118069
0.0011735
0.00116639
0.00115938
0.00115245
0.00114561
0.00113885
0.00113217
0.00112558
0.00111906
0.00111262
0.00110626
0.00109997
0.00109376
0.00108761
0.00108154
0.00107554
0.00106961
0.00106375
0.00105795
0.00105222
0.00104656
0.00104095
0.00103541
0.00102993
0.00102451
0.00101915
0.00101385
0.0010086
0.00100342
0.000998287
0.000993211
0.00098819
0.000983222
0.000978308
0.000973445
0.000968634
0.000963874
0.000959164
0.000954504
0.000949893
0.00094533
0.000940816
0.000936349
0.000931929
0.000927555
0.000923227
0.000918946
0.000914708
0.000910517
0.000906369
0.000902266
0.000898207
0.000894193
0.000890227
0.000886354
0.00088293
0.0099687
0.00988714
0.00976695
0.00960814
0.0094142
0.00919123
0.00894634
0.0086866
0.00841862
0.00814782
0.00787847
0.00761392
0.0073565
0.00710777
0.0068688
0.0066401
0.0064219
0.00621415
0.00601667
0.00582912
0.00565108
0.00548212
0.00532179
0.00516958
0.00502507
0.00488778
0.00475727
0.00463315
0.004515
0.00440248
0.00429522
0.0041929
0.00409522
0.0040019
0.00391267
0.0038273
0.00374555
0.00366721
0.00359208
0.00351998
0.00345074
0.0033842
0.00332021
0.00325863
0.00319933
0.00314219
0.00308711
0.00303397
0.00298267
0.00293313
0.00288525
0.00283896
0.00279418
0.00275084
0.00270887
0.00266821
0.0026288
0.00259058
0.00255349
0.0025175
0.00248255
0.0024486
0.00241561
0.00238353
0.00235233
0.00232198
0.00229243
0.00226366
0.00223564
0.00220834
0.00218173
0.00215578
0.00213048
0.00210579
0.00208169
0.00205817
0.0020352
0.00201277
0.00199085
0.00196942
0.00194848
0.00192799
0.00190796
0.00188836
0.00186918
0.00185041
0.00183203
0.00181403
0.0017964
0.00177913
0.0017622
0.00174561
0.00172934
0.00171339
0.00169775
0.0016824
0.00166735
0.00165257
0.00163807
0.00162383
0.00160985
0.00159612
0.00158264
0.0015694
0.00155638
0.00154359
0.00153101
0.00151865
0.0015065
0.00149455
0.0014828
0.00147124
0.00145987
0.00144868
0.00143766
0.00142683
0.00141616
0.00140566
0.00139532
0.00138513
0.0013751
0.00136523
0.00135549
0.00134591
0.00133646
0.00132715
0.00131798
0.00130893
0.00130002
0.00129123
0.00128256
0.00127402
0.00126559
0.00125728
0.00124908
0.00124099
0.001233
0.00122513
0.00121736
0.00120969
0.00120212
0.00119465
0.00118727
0.00117999
0.0011728
0.0011657
0.00115869
0.00115177
0.00114493
0.00113817
0.0011315
0.00112491
0.0011184
0.00111197
0.00110561
0.00109933
0.00109312
0.00108698
0.00108091
0.00107492
0.00106899
0.00106313
0.00105734
0.00105162
0.00104595
0.00104036
0.00103482
0.00102934
0.00102393
0.00101857
0.00101328
0.00100804
0.00100285
0.000997728
0.000992656
0.00098764
0.000982677
0.000977766
0.000972909
0.000968102
0.000963346
0.00095864
0.000953985
0.000949379
0.000944821
0.000940311
0.000935849
0.000931434
0.000927063
0.00092274
0.000918463
0.00091423
0.000910043
0.000905902
0.000901803
0.000897748
0.000893738
0.000889778
0.000885908
0.00088247
0.00995682
0.0098458
0.00968705
0.00948456
0.00924653
0.00898239
0.0087016
0.0084123
0.0081211
0.00783297
0.00755151
0.00727926
0.0070177
0.00676777
0.00652982
0.0063039
0.00608978
0.00588707
0.00569533
0.00551398
0.00534248
0.00518023
0.00502668
0.00488128
0.00474351
0.00461287
0.0044889
0.00437114
0.00425922
0.00415273
0.00405133
0.00395469
0.0038625
0.0037745
0.00369041
0.00360999
0.00353303
0.00345931
0.00338864
0.00332085
0.00325576
0.00319323
0.00313311
0.00307528
0.00301959
0.00296595
0.00291424
0.00286437
0.00281623
0.00276975
0.00272482
0.0026814
0.00263939
0.00259873
0.00255936
0.00252122
0.00248425
0.0024484
0.00241362
0.00237986
0.00234708
0.00231523
0.00228428
0.00225419
0.00222492
0.00219644
0.00216872
0.00214173
0.00211543
0.00208981
0.00206484
0.00204049
0.00201674
0.00199356
0.00197094
0.00194886
0.00192729
0.00190622
0.00188563
0.00186551
0.00184583
0.00182659
0.00180776
0.00178935
0.00177132
0.00175367
0.00173639
0.00171947
0.00170289
0.00168664
0.00167072
0.00165511
0.00163981
0.0016248
0.00161007
0.00159563
0.00158145
0.00156754
0.00155389
0.00154048
0.00152731
0.00151438
0.00150167
0.00148919
0.00147692
0.00146486
0.00145301
0.00144136
0.0014299
0.00141863
0.00140754
0.00139664
0.00138591
0.00137535
0.00136495
0.00135472
0.00134465
0.00133474
0.00132498
0.00131536
0.00130589
0.00129656
0.00128736
0.00127831
0.00126938
0.00126058
0.00125191
0.00124337
0.00123494
0.00122663
0.00121843
0.00121035
0.00120238
0.00119452
0.00118676
0.00117911
0.00117156
0.00116411
0.00115675
0.0011495
0.00114233
0.00113526
0.00112828
0.00112138
0.00111458
0.00110786
0.00110122
0.00109466
0.00108818
0.00108179
0.00107547
0.00106922
0.00106305
0.00105696
0.00105094
0.00104498
0.0010391
0.00103328
0.00102754
0.00102185
0.00101624
0.00101068
0.00100519
0.000999764
0.000994396
0.000989088
0.000983839
0.000978649
0.000973514
0.000968435
0.000963413
0.000958446
0.000953532
0.000948671
0.000943861
0.000939105
0.000934397
0.000929741
0.000925135
0.000920576
0.000916066
0.000911604
0.000907189
0.000902822
0.0008985
0.000894224
0.000889993
0.000885807
0.000881664
0.000877567
0.000873512
0.0008695
0.000865532
0.000861606
0.000857723
0.000853881
0.000850081
0.000846328
0.000842656
0.000839359
0.00992702
0.00974432
0.00949659
0.00919978
0.00887211
0.00852943
0.00818401
0.00784434
0.00751598
0.00720217
0.00690458
0.00662382
0.00635982
0.00611211
0.00587992
0.00566237
0.00545853
0.00526745
0.00508822
0.00491995
0.00476183
0.00461309
0.004473
0.00434092
0.00421626
0.00409843
0.00398695
0.00388135
0.00378121
0.00368614
0.00359577
0.00350979
0.0034279
0.00334984
0.00327533
0.00320416
0.0031361
0.00307098
0.0030086
0.0029488
0.00289143
0.00283635
0.00278341
0.00273251
0.00268353
0.00263635
0.0025909
0.00254706
0.00250477
0.00246394
0.00242448
0.00238635
0.00234947
0.00231378
0.00227922
0.00224574
0.00221329
0.00218182
0.0021513
0.00212167
0.0020929
0.00206494
0.00203778
0.00201136
0.00198566
0.00196066
0.00193632
0.00191262
0.00188952
0.00186702
0.00184508
0.00182368
0.0018028
0.00178243
0.00176255
0.00174313
0.00172416
0.00170562
0.00168751
0.0016698
0.00165248
0.00163553
0.00161895
0.00160273
0.00158684
0.00157129
0.00155605
0.00154113
0.0015265
0.00151217
0.00149811
0.00148433
0.00147082
0.00145756
0.00144455
0.00143178
0.00141925
0.00140695
0.00139487
0.001383
0.00137135
0.0013599
0.00134864
0.00133758
0.00132671
0.00131603
0.00130552
0.00129518
0.00128502
0.00127502
0.00126518
0.0012555
0.00124597
0.00123659
0.00122735
0.00121826
0.00120931
0.00120049
0.00119181
0.00118325
0.00117482
0.00116652
0.00115833
0.00115027
0.00114232
0.00113448
0.00112675
0.00111913
0.00111162
0.0011042
0.00109689
0.00108968
0.00108257
0.00107556
0.00106863
0.0010618
0.00105505
0.0010484
0.00104183
0.00103534
0.00102894
0.00102262
0.00101637
0.00101021
0.00100412
0.000998106
0.000992166
0.0009863
0.000980504
0.000974776
0.000969119
0.000963529
0.000958004
0.000952543
0.000947147
0.000941815
0.000936543
0.000931332
0.000926181
0.000921088
0.000916053
0.000911075
0.000906152
0.000901284
0.000896471
0.000891711
0.000887004
0.000882347
0.000877742
0.000873187
0.000868683
0.000864226
0.000859818
0.000855457
0.000851142
0.000846874
0.000842652
0.000838474
0.000834341
0.000830252
0.000826207
0.000822204
0.000818244
0.000814327
0.00081045
0.000806616
0.000802822
0.000799069
0.000795355
0.000791682
0.000788048
0.000784454
0.000780898
0.000777382
0.000773903
0.000770462
0.00076706
0.000763698
0.000760403
0.0007574
0.00986228
0.0095328
0.00912023
0.00866714
0.00820667
0.00775971
0.00733749
0.00694491
0.00658308
0.00625105
0.00594685
0.0056682
0.0054127
0.00517803
0.00496209
0.00476297
0.00457896
0.00440851
0.00425028
0.00410309
0.00396587
0.0038377
0.00371773
0.00360523
0.00349956
0.00340012
0.0033064
0.00321793
0.00313428
0.00305509
0.00298
0.00290873
0.00284097
0.00277649
0.00271505
0.00265645
0.00260049
0.002547
0.00249583
0.00244682
0.00239983
0.00235475
0.00231147
0.00226987
0.00222985
0.00219134
0.00215425
0.00211849
0.002084
0.00205071
0.00201855
0.00198747
0.00195742
0.00192834
0.00190019
0.00187291
0.00184648
0.00182084
0.00179597
0.00177183
0.00174839
0.00172561
0.00170347
0.00168194
0.00166099
0.0016406
0.00162075
0.00160141
0.00158257
0.0015642
0.00154629
0.00152882
0.00151177
0.00149512
0.00147886
0.00146298
0.00144747
0.0014323
0.00141747
0.00140296
0.00138877
0.00137488
0.00136129
0.00134798
0.00133494
0.00132217
0.00130966
0.00129739
0.00128537
0.00127358
0.00126201
0.00125067
0.00123954
0.00122861
0.00121788
0.00120736
0.00119702
0.00118686
0.00117688
0.00116708
0.00115745
0.00114798
0.00113867
0.00112951
0.00112051
0.00111166
0.00110295
0.00109438
0.00108595
0.00107765
0.00106948
0.00106144
0.00105352
0.00104573
0.00103805
0.00103049
0.00102304
0.0010157
0.00100846
0.00100133
0.000994309
0.000987384
0.000980558
0.000973828
0.000967191
0.000960647
0.000954192
0.000947826
0.000941546
0.000935351
0.000929238
0.000923207
0.000917254
0.00091138
0.000905582
0.000899858
0.000894208
0.00088863
0.000883123
0.000877685
0.000872315
0.000867012
0.000861773
0.000856599
0.000851488
0.000846439
0.000841451
0.000836523
0.000831653
0.000826841
0.000822086
0.000817387
0.000812742
0.000808151
0.000803614
0.000799128
0.000794694
0.00079031
0.000785976
0.00078169
0.000777453
0.000773262
0.000769119
0.000765022
0.00076097
0.000756962
0.000752998
0.000749079
0.000745202
0.000741368
0.000737574
0.000733822
0.000730111
0.000726439
0.000722807
0.000719215
0.00071566
0.000712145
0.000708667
0.000705227
0.000701824
0.000698457
0.000695127
0.000691833
0.000688574
0.000685352
0.000682164
0.000679011
0.000675892
0.000672807
0.000669757
0.000666742
0.000663759
0.00066081
0.000657894
0.000655012
0.000652161
0.000649344
0.000646576
0.000644007
0.00971917
0.00909883
0.00841251
0.00774419
0.00713272
0.00658939
0.00611236
0.00569476
0.00532862
0.00500629
0.00472109
0.00446741
0.00424054
0.00403657
0.00385232
0.00368509
0.00353267
0.00339318
0.00326506
0.00314698
0.0030378
0.00293656
0.00284241
0.00275463
0.0026726
0.00259576
0.00252363
0.00245579
0.00239186
0.00233152
0.00227446
0.00222041
0.00216916
0.00212047
0.00207416
0.00203006
0.00198801
0.00194786
0.00190949
0.00187278
0.00183762
0.00180391
0.00177156
0.0017405
0.00171063
0.0016819
0.00165423
0.00162757
0.00160186
0.00157705
0.00155309
0.00152994
0.00150754
0.00148588
0.0014649
0.00144457
0.00142487
0.00140577
0.00138723
0.00136922
0.00135174
0.00133474
0.00131822
0.00130214
0.0012865
0.00127126
0.00125643
0.00124197
0.00122787
0.00121412
0.00120071
0.00118762
0.00117483
0.00116235
0.00115015
0.00113822
0.00112656
0.00111516
0.001104
0.00109308
0.00108239
0.00107192
0.00106167
0.00105162
0.00104178
0.00103212
0.00102266
0.00101338
0.00100427
0.00099534
0.000986571
0.000977963
0.000969512
0.000961213
0.000953059
0.00094505
0.00093718
0.000929445
0.000921842
0.000914366
0.000907015
0.000899786
0.000892674
0.000885678
0.000878793
0.000872017
0.000865349
0.000858783
0.000852319
0.000845954
0.000839685
0.000833511
0.000827429
0.000821436
0.000815531
0.000809712
0.000803977
0.000798323
0.000792749
0.000787255
0.000781836
0.000776494
0.000771224
0.000766026
0.000760899
0.000755841
0.00075085
0.000745926
0.000741067
0.000736271
0.000731538
0.000726866
0.000722254
0.000717701
0.000713206
0.000708768
0.000704385
0.000700057
0.000695783
0.000691561
0.000687392
0.000683272
0.000679204
0.000675184
0.000671213
0.000667289
0.000663412
0.000659581
0.000655795
0.000652053
0.000648356
0.000644702
0.000641089
0.000637519
0.00063399
0.000630501
0.000627052
0.000623642
0.000620271
0.000616938
0.000613643
0.000610385
0.000607164
0.000603979
0.000600829
0.000597714
0.000594635
0.000591589
0.000588578
0.000585599
0.000582654
0.000579741
0.000576862
0.000574014
0.000571197
0.000568411
0.000565657
0.000562933
0.00056024
0.000557577
0.000554944
0.000552341
0.000549767
0.000547222
0.000544706
0.00054222
0.000539762
0.000537332
0.00053493
0.000532558
0.00053021
0.000527895
0.000525605
0.000523343
0.000521104
0.000518898
0.000516715
0.000514559
0.000512433
0.000510422
0.00937829
0.00820171
0.00713562
0.0062579
0.00555356
0.00498756
0.0045276
0.00414849
0.00383154
0.00356302
0.00333276
0.0031332
0.00295857
0.00280445
0.00266741
0.00254473
0.00243423
0.00233415
0.00224305
0.00215977
0.00208331
0.00201285
0.0019477
0.00188725
0.00183102
0.00177855
0.00172948
0.00168347
0.00164024
0.00159953
0.00156113
0.00152483
0.00149047
0.00145788
0.00142692
0.00139748
0.00136944
0.0013427
0.00131715
0.00129273
0.00126936
0.00124696
0.00122548
0.00120485
0.00118503
0.00116595
0.00114759
0.0011299
0.00111283
0.00109636
0.00108045
0.00106508
0.0010502
0.00103581
0.00102186
0.00100834
0.000995238
0.00098252
0.000970172
0.000958177
0.000946518
0.00093518
0.000924149
0.000913411
0.000902953
0.000892763
0.00088283
0.000873143
0.000863692
0.000854467
0.000845459
0.000836659
0.00082806
0.000819652
0.00081143
0.000803385
0.000795514
0.000787807
0.000780262
0.00077287
0.000765627
0.000758529
0.00075157
0.000744746
0.000738053
0.000731486
0.000725041
0.000718716
0.000712507
0.00070641
0.000700415
0.00069453
0.000688749
0.000683065
0.000677478
0.000671987
0.000666587
0.000661273
0.000656048
0.000650907
0.000645848
0.000640868
0.000635967
0.000631141
0.00062639
0.000621713
0.000617104
0.000612564
0.000608093
0.000603686
0.000599345
0.000595066
0.00059085
0.000586694
0.000582595
0.000578556
0.000574573
0.000570645
0.00056677
0.000562948
0.000559178
0.000555458
0.000551792
0.000548173
0.000544601
0.000541077
0.000537596
0.000534164
0.000530776
0.000527431
0.00052413
0.000520873
0.000517655
0.000514479
0.000511342
0.000508245
0.000505188
0.000502167
0.000499186
0.00049624
0.000493332
0.000490458
0.000487622
0.000484818
0.000482051
0.000479316
0.000476613
0.000473944
0.000471307
0.000468703
0.00046613
0.000463587
0.000461074
0.000458591
0.000456138
0.000453716
0.000451323
0.000448957
0.000446619
0.000444307
0.000442025
0.000439771
0.000437543
0.000435341
0.000433166
0.000431015
0.000428892
0.000426794
0.000424721
0.000422673
0.000420648
0.000418648
0.000416674
0.000414723
0.000412795
0.000410892
0.00040901
0.000407154
0.00040532
0.000403508
0.000401718
0.000399951
0.000398208
0.000396486
0.000394787
0.000393109
0.000391454
0.000389821
0.000388209
0.000386618
0.000385051
0.000383503
0.000381977
0.000380474
0.00037899
0.000377526
0.000376083
0.00037466
0.000373253
0.000371897
0.00847705
0.00639985
0.00504872
0.00416141
0.00354857
0.00310362
0.00276679
0.00250305
0.00229085
0.0021163
0.00197006
0.00184566
0.00173845
0.00164504
0.00156286
0.00148995
0.00142478
0.00136616
0.00131311
0.00126486
0.00122075
0.00118026
0.00114294
0.00110842
0.00107639
0.00104657
0.00101873
0.00099268
0.000968236
0.000945246
0.000923581
0.000903121
0.000883765
0.000865419
0.000848001
0.00083144
0.000815666
0.000800626
0.000786263
0.000772528
0.00075938
0.000746778
0.000734686
0.000723067
0.000711898
0.00070115
0.000690793
0.000680805
0.00067117
0.000661862
0.000652867
0.000644162
0.000635739
0.000627578
0.000619665
0.000611991
0.000604544
0.000597307
0.000590276
0.000583439
0.000576787
0.000570314
0.000564008
0.000557865
0.000551874
0.000546034
0.000540335
0.000534769
0.000529336
0.000524026
0.000518835
0.000513762
0.000508795
0.000503939
0.000499184
0.000494527
0.00048997
0.000485505
0.000481132
0.000476845
0.000472642
0.00046852
0.000464477
0.000460511
0.000456618
0.000452797
0.000449043
0.000445357
0.000441736
0.000438178
0.000434681
0.000431243
0.000427864
0.000424539
0.000421271
0.000418055
0.00041489
0.000411777
0.000408712
0.000405697
0.000402727
0.000399803
0.000396924
0.000394089
0.000391296
0.000388545
0.000385835
0.000383164
0.000380533
0.00037794
0.000375384
0.000372865
0.000370382
0.000367934
0.000365522
0.000363143
0.000360797
0.000358485
0.000356204
0.000353955
0.000351738
0.00034955
0.000347392
0.000345265
0.000343166
0.000341096
0.000339054
0.00033704
0.000335054
0.000333093
0.000331159
0.000329252
0.000327371
0.000325514
0.000323683
0.000321876
0.000320094
0.000318336
0.000316601
0.000314891
0.000313203
0.000311536
0.000309893
0.000308273
0.000306674
0.000305097
0.00030354
0.000302005
0.000300492
0.000298999
0.000297526
0.000296073
0.00029464
0.000293226
0.000291833
0.000290459
0.000289103
0.000287766
0.000286448
0.000285149
0.000283868
0.000282605
0.000281359
0.000280133
0.000278922
0.00027773
0.000276554
0.000275396
0.000274255
0.00027313
0.000272023
0.000270931
0.000269856
0.000268798
0.000267755
0.000266728
0.000265718
0.000264723
0.000263744
0.000262781
0.000261834
0.000260902
0.000259985
0.000259083
0.000258197
0.000257327
0.000256471
0.000255631
0.000254806
0.000253996
0.0002532
0.00025242
0.000251654
0.000250903
0.000250166
0.000249445
0.000248735
0.00024804
0.000247353
0.000246679
0.00597129
0.00341111
0.0024198
0.00190795
0.00159504
0.00138279
0.00122853
0.00111083
0.00101773
0.000942026
0.000879102
0.000825862
0.000780153
0.000740423
0.000705524
0.000674588
0.00064695
0.000622083
0.000599572
0.000579084
0.00056034
0.000543118
0.000527227
0.000512514
0.000498842
0.000486099
0.000474187
0.000463023
0.000452535
0.000442658
0.000433337
0.000424522
0.00041617
0.000408245
0.000400711
0.000393537
0.000386697
0.000380165
0.00037392
0.000367942
0.000362213
0.000356716
0.000351436
0.000346358
0.000341471
0.000336764
0.000332226
0.000327848
0.000323619
0.000319533
0.000315582
0.000311759
0.000308055
0.000304467
0.000300988
0.000297613
0.000294338
0.000291156
0.000288066
0.000285061
0.00028214
0.000279296
0.000276529
0.000273835
0.000271211
0.000268654
0.000266163
0.000263733
0.000261363
0.000259052
0.000256795
0.000254592
0.00025244
0.000250341
0.000248302
0.000246315
0.000244376
0.000242482
0.00024063
0.000238818
0.000237044
0.000235306
0.000233603
0.000231933
0.000230294
0.000228687
0.000227109
0.00022556
0.000224038
0.000222543
0.000221074
0.00021963
0.000218211
0.000216815
0.000215443
0.000214094
0.000212766
0.000211461
0.000210176
0.000208912
0.000207669
0.000206445
0.000205241
0.000204055
0.000202888
0.00020174
0.000200609
0.000199497
0.000198402
0.000197323
0.000196262
0.000195217
0.000194189
0.000193177
0.00019218
0.0001912
0.000190234
0.000189284
0.000188349
0.000187428
0.000186522
0.000185631
0.000184753
0.00018389
0.000183041
0.000182205
0.000181383
0.000180574
0.000179779
0.000178996
0.000178227
0.00017747
0.000176726
0.000175994
0.000175275
0.000174569
0.000173874
0.000173191
0.000172521
0.000171862
0.000171215
0.000170579
0.000169955
0.000169342
0.00016874
0.000168149
0.00016757
0.000167001
0.000166443
0.000165895
0.000165359
0.000164833
0.000164317
0.000163812
0.000163316
0.000162831
0.000162356
0.00016189
0.000161435
0.000160989
0.000160553
0.000160127
0.00015971
0.000159302
0.000158904
0.000158516
0.000158136
0.000157765
0.000157404
0.000157052
0.000156708
0.000156374
0.000156048
0.000155731
0.000155423
0.000155123
0.000154832
0.00015455
0.000154276
0.000154011
0.000153754
0.000153506
0.000153266
0.000153034
0.000152811
0.000152597
0.00015239
0.000152192
0.000152002
0.00015182
0.000151647
0.000151481
0.000151324
0.000151175
0.000151034
0.0001509
0.000150773
0.000150653
0.000150535
0.000150412
0.00156617
0.000770998
0.000561768
0.000459784
0.000397284
0.000354082
0.000321933
0.000296794
0.000276424
0.000259473
0.000245073
0.000232638
0.000221755
0.000212123
0.00020352
0.000195775
0.000188755
0.000182354
0.000176488
0.000171087
0.000166095
0.000161465
0.000157156
0.000153135
0.000149373
0.000145845
0.000142529
0.000139408
0.000136463
0.000133682
0.00013105
0.000128557
0.000126193
0.000123948
0.000121814
0.000119785
0.000117852
0.000116011
0.000114255
0.00011258
0.000110982
0.000109455
0.000107995
0.000106601
0.00010527
0.000103998
0.000102781
0.000101618
0.000100506
9.94418e-005
9.8424e-005
9.74505e-005
9.6519e-005
9.56281e-005
9.47762e-005
9.39619e-005
9.31835e-005
9.24401e-005
9.17301e-005
9.10526e-005
9.04065e-005
8.97907e-005
8.9204e-005
8.86457e-005
8.8115e-005
8.7611e-005
8.71329e-005
8.66798e-005
8.62514e-005
8.58466e-005
8.54646e-005
8.51046e-005
8.4765e-005
8.41439e-005
8.31681e-005
8.22356e-005
8.13433e-005
8.0488e-005
7.96672e-005
7.88786e-005
7.81202e-005
7.73903e-005
7.66872e-005
7.60098e-005
7.53566e-005
7.47264e-005
7.41183e-005
7.35312e-005
7.29643e-005
7.24167e-005
7.18877e-005
7.13765e-005
7.08824e-005
7.04049e-005
6.99432e-005
6.94968e-005
6.90654e-005
6.86482e-005
6.8245e-005
6.78554e-005
6.74788e-005
6.71149e-005
6.67633e-005
6.64237e-005
6.60958e-005
6.57792e-005
6.54736e-005
6.51788e-005
6.48944e-005
6.46203e-005
6.43561e-005
6.41015e-005
6.38565e-005
6.36206e-005
6.33938e-005
6.31759e-005
6.29666e-005
6.27657e-005
6.25732e-005
6.23887e-005
6.22121e-005
6.20433e-005
6.1882e-005
6.17281e-005
6.15815e-005
6.1442e-005
6.13096e-005
6.1184e-005
6.10651e-005
6.09528e-005
6.0847e-005
6.07475e-005
6.06542e-005
6.05671e-005
6.0486e-005
6.04108e-005
6.03415e-005
6.02779e-005
6.02199e-005
6.01674e-005
6.01203e-005
6.00786e-005
6.00421e-005
6.00108e-005
5.99846e-005
5.99633e-005
5.9947e-005
5.99354e-005
5.99286e-005
5.99264e-005
5.99289e-005
5.99359e-005
5.99474e-005
5.99632e-005
5.99833e-005
6.00077e-005
6.00363e-005
6.00689e-005
6.01057e-005
6.01464e-005
6.0191e-005
6.02396e-005
6.02919e-005
6.0348e-005
6.04078e-005
6.04713e-005
6.05383e-005
6.06089e-005
6.06829e-005
6.07605e-005
6.08414e-005
6.09256e-005
6.10131e-005
6.11039e-005
6.11979e-005
6.12951e-005
6.13954e-005
6.14987e-005
6.1605e-005
6.17143e-005
6.18266e-005
6.19418e-005
6.20598e-005
6.21806e-005
6.23042e-005
6.24305e-005
6.25594e-005
6.2691e-005
6.28251e-005
6.29617e-005
6.31006e-005
6.3242e-005
6.33853e-005
6.35319e-005
6.36774e-005
6.38338e-005
6.39767e-005
6.41271e-005
6.42894e-005
6.43488e-005
4.92792e-005
4.57662e-005
4.25495e-005
3.96014e-005
3.68958e-005
3.44097e-005
3.21225e-005
3.0016e-005
2.80742e-005
2.62825e-005
2.4628e-005
2.30991e-005
2.16852e-005
2.03769e-005
1.91655e-005
1.80432e-005
1.70028e-005
1.60379e-005
1.51425e-005
1.43112e-005
1.3539e-005
1.28213e-005
1.2154e-005
1.15333e-005
1.09557e-005
1.04179e-005
9.9169e-006
9.45005e-006
9.01479e-006
8.60885e-006
8.23006e-006
7.87645e-006
7.54623e-006
7.23772e-006
6.94937e-006
6.67975e-006
6.42755e-006
6.19156e-006
5.97065e-006
5.76378e-006
5.56999e-006
5.38841e-006
5.2182e-006
5.00743e-006
4.77699e-006
4.56369e-006
4.36606e-006
4.18276e-006
4.01261e-006
3.85452e-006
3.70751e-006
3.5707e-006
3.44328e-006
3.3245e-006
3.21373e-006
3.11035e-006
3.01382e-006
2.92363e-006
2.83933e-006
2.76049e-006
2.68674e-006
2.61773e-006
2.55313e-006
2.49265e-006
2.43602e-006
2.38299e-006
2.33335e-006
2.28687e-006
2.24337e-006
2.20266e-006
2.16459e-006
2.12897e-006
2.09566e-006
2.06396e-006
2.03309e-006
2.00309e-006
1.97396e-006
1.9457e-006
1.91831e-006
1.89181e-006
1.86618e-006
1.84141e-006
1.8175e-006
1.79443e-006
1.77218e-006
1.75075e-006
1.73011e-006
1.71023e-006
1.69111e-006
1.67272e-006
1.65504e-006
1.63805e-006
1.62173e-006
1.60607e-006
1.59103e-006
1.57661e-006
1.56278e-006
1.54953e-006
1.53683e-006
1.52468e-006
1.51306e-006
1.50195e-006
1.49133e-006
1.48119e-006
1.47152e-006
1.4623e-006
1.45353e-006
1.44518e-006
1.43725e-006
1.42973e-006
1.4226e-006
1.41585e-006
1.40948e-006
1.40347e-006
1.39782e-006
1.39252e-006
1.38755e-006
1.38291e-006
1.3786e-006
1.37461e-006
1.37092e-006
1.36753e-006
1.36444e-006
1.36163e-006
1.35911e-006
1.35687e-006
1.3549e-006
1.3532e-006
1.35175e-006
1.35057e-006
1.34964e-006
1.34895e-006
1.34851e-006
1.34831e-006
1.34835e-006
1.34862e-006
1.34912e-006
1.34984e-006
1.35079e-006
1.35195e-006
1.35334e-006
1.35493e-006
1.35674e-006
1.35876e-006
1.36098e-006
1.3634e-006
1.36603e-006
1.36885e-006
1.37188e-006
1.37509e-006
1.3785e-006
1.3821e-006
1.38589e-006
1.38987e-006
1.39404e-006
1.39838e-006
1.40292e-006
1.40763e-006
1.41252e-006
1.41759e-006
1.42284e-006
1.42827e-006
1.43387e-006
1.43964e-006
1.44558e-006
1.4517e-006
1.45799e-006
1.46445e-006
1.47108e-006
1.47787e-006
1.48484e-006
1.49197e-006
1.49926e-006
1.50672e-006
1.51435e-006
1.52214e-006
1.53009e-006
1.5382e-006
1.54648e-006
1.55492e-006
1.56352e-006
1.57228e-006
1.58119e-006
1.59027e-006
1.59951e-006
1.6089e-006
1.61845e-006
1.62816e-006
1.63802e-006
1.64804e-006
1.65821e-006
1.66852e-006
1.67898e-006
1.68958e-006
1.7003e-006
1.71121e-006
1.72215e-006
1.73352e-006
1.74446e-006
1.75551e-006
)
;

boundaryField
{
    walls
    {
        type            nutkWallFunction;
        Cmu             0.09;
        kappa           0.41;
        E               9.8;
        value           uniform 0;
    }
    inlet
    {
        type            calculated;
        value           nonuniform List<scalar> 
20
(
0.00344819
0.00548708
0.01
0.01
0.01
0.01
0.01
0.01
0.01
0.01
0.01
0.01
0.01
0.01
0.01
0.01
0.01
0.01
0.00970785
0.001125
)
;
    }
    outlet
    {
        type            calculated;
        value           nonuniform List<scalar> 
20
(
1.60691e-006
6.16505e-005
0.000146383
0.00024312
0.000370078
0.000510454
0.000645233
0.000758984
0.000840601
0.00088293
0.00088247
0.000839359
0.0007574
0.000644007
0.000510422
0.000371897
0.000246679
0.000150412
6.43517e-005
1.75561e-006
)
;
    }
    frontAndBack
    {
        type            empty;
    }
}


// ************************************************************************* //
