/*--------------------------------*- C++ -*----------------------------------*\
| =========                 |                                                 |
| \\      /  F ield         | OpenFOAM: The Open Source CFD Toolbox           |
|  \\    /   O peration     | Version:  5.x                                   |
|   \\  /    A nd           | Web:      www.OpenFOAM.org                      |
|    \\/     M anipulation  |                                                 |
\*---------------------------------------------------------------------------*/
/*   Windows 32 and 64 bit porting by blueCAPE: http://www.bluecape.com.pt   *\
|  Based on Windows porting (2.0.x v4) by Symscape: http://www.symscape.com   |
\*---------------------------------------------------------------------------*/
FoamFile
{
    version     2.0;
    format      ascii;
    class       volScalarField;
    location    "2000";
    object      nut;
}
// * * * * * * * * * * * * * * * * * * * * * * * * * * * * * * * * * * * * * //

dimensions      [0 2 -1 0 0 0 0];

internalField   nonuniform List<scalar> 
4000
(
5.02025e-005
4.65911e-005
4.33182e-005
4.03339e-005
3.76026e-005
3.50964e-005
3.27921e-005
3.06699e-005
2.87127e-005
2.69056e-005
2.52353e-005
2.369e-005
2.2259e-005
2.09329e-005
1.9703e-005
1.85616e-005
1.75016e-005
1.65167e-005
1.56009e-005
1.47489e-005
1.39559e-005
1.32174e-005
1.25293e-005
1.18879e-005
1.12896e-005
1.07314e-005
1.02103e-005
9.7237e-006
9.26903e-006
8.84404e-006
8.44664e-006
8.07488e-006
7.72696e-006
7.40123e-006
7.09615e-006
6.8103e-006
6.54237e-006
6.29115e-006
6.05551e-006
5.8344e-006
5.62687e-006
5.43201e-006
5.24901e-006
5.07708e-006
4.91552e-006
4.74488e-006
4.52263e-006
4.3167e-006
4.12574e-006
3.94848e-006
3.78381e-006
3.63071e-006
3.48827e-006
3.35564e-006
3.23207e-006
3.11687e-006
3.00942e-006
2.90914e-006
2.81553e-006
2.7281e-006
2.64642e-006
2.5701e-006
2.49878e-006
2.43214e-006
2.36986e-006
2.31168e-006
2.25734e-006
2.20661e-006
2.15929e-006
2.11517e-006
2.07409e-006
2.03588e-006
2.00039e-006
1.96748e-006
1.93704e-006
1.90894e-006
1.88307e-006
1.85933e-006
1.8376e-006
1.81737e-006
1.79804e-006
1.77967e-006
1.76227e-006
1.74585e-006
1.73043e-006
1.71604e-006
1.7027e-006
1.69042e-006
1.67921e-006
1.6691e-006
1.66008e-006
1.65216e-006
1.64535e-006
1.63966e-006
1.63509e-006
1.63164e-006
1.62932e-006
1.62814e-006
1.62809e-006
1.62917e-006
1.63139e-006
1.63474e-006
1.63923e-006
1.64484e-006
1.65158e-006
1.65944e-006
1.66839e-006
1.67844e-006
1.68955e-006
1.70172e-006
1.7149e-006
1.72908e-006
1.74422e-006
1.76028e-006
1.77721e-006
1.79501e-006
1.81381e-006
1.83437e-006
1.85659e-006
1.8801e-006
1.90454e-006
1.92968e-006
1.95531e-006
1.98117e-006
2.0071e-006
2.03297e-006
2.05872e-006
2.08428e-006
2.10961e-006
2.13467e-006
2.15943e-006
2.18389e-006
2.20803e-006
2.23185e-006
2.25533e-006
2.27848e-006
2.30131e-006
2.32381e-006
2.34598e-006
2.36783e-006
2.38937e-006
2.4106e-006
2.43153e-006
2.45216e-006
2.4725e-006
2.49255e-006
2.51233e-006
2.53184e-006
2.55108e-006
2.57007e-006
2.58882e-006
2.60732e-006
2.62559e-006
2.64364e-006
2.66147e-006
2.6791e-006
2.69653e-006
2.71377e-006
2.73083e-006
2.74772e-006
2.76445e-006
2.78102e-006
2.79744e-006
2.81372e-006
2.82988e-006
2.84591e-006
2.86183e-006
2.87764e-006
2.89335e-006
2.90897e-006
2.92451e-006
2.93997e-006
2.95536e-006
2.97069e-006
2.98596e-006
3.00118e-006
3.01635e-006
3.03149e-006
3.04658e-006
3.06165e-006
3.07669e-006
3.09171e-006
3.1067e-006
3.12166e-006
3.13661e-006
3.15152e-006
3.1664e-006
3.18123e-006
3.196e-006
3.21069e-006
3.22528e-006
3.23974e-006
3.25402e-006
3.2681e-006
3.28189e-006
3.29541e-006
3.30844e-006
3.32136e-006
3.3331e-006
3.34544e-006
0.00140573
0.000769929
0.000573246
0.000472479
0.000409256
0.000364986
0.000331798
0.000305712
0.000284513
0.000266838
0.000251795
0.000238781
0.000227371
0.000217259
0.000208215
0.000200065
0.00019267
0.000185921
0.00017973
0.000174026
0.000168749
0.000163849
0.000159287
0.000155026
0.000151037
0.000147293
0.000143772
0.000140456
0.000137325
0.000134366
0.000131565
0.00012891
0.000126391
0.000123997
0.000121721
0.000119554
0.000117489
0.000115521
0.000113643
0.000111851
0.000110138
0.000108502
0.000106938
0.000105442
0.000104011
0.000102642
0.000101333
0.000100082
9.88851e-005
9.77408e-005
9.66464e-005
9.56001e-005
9.45999e-005
9.36441e-005
9.27312e-005
9.18598e-005
9.10286e-005
9.02365e-005
8.94822e-005
8.8765e-005
8.80838e-005
8.74379e-005
8.68265e-005
8.62491e-005
8.57049e-005
8.51935e-005
8.47144e-005
8.42673e-005
8.38516e-005
8.34672e-005
8.31137e-005
8.2791e-005
8.24987e-005
8.22368e-005
8.20051e-005
8.18034e-005
8.16315e-005
8.14891e-005
8.13754e-005
8.09884e-005
8.03098e-005
7.96845e-005
7.91093e-005
7.8582e-005
7.81015e-005
7.76664e-005
7.72753e-005
7.69272e-005
7.66216e-005
7.63575e-005
7.61343e-005
7.59512e-005
7.58079e-005
7.57038e-005
7.56387e-005
7.56122e-005
7.56239e-005
7.56734e-005
7.57602e-005
7.58837e-005
7.60434e-005
7.62383e-005
7.64676e-005
7.67303e-005
7.70255e-005
7.73517e-005
7.77078e-005
7.80922e-005
7.85032e-005
7.89392e-005
7.93982e-005
7.98784e-005
8.03777e-005
8.08939e-005
8.14243e-005
8.19665e-005
8.25172e-005
8.30659e-005
8.36103e-005
8.41516e-005
8.46894e-005
8.52221e-005
8.5748e-005
8.6267e-005
8.67796e-005
8.72852e-005
8.77831e-005
8.82725e-005
8.87532e-005
8.92249e-005
8.96877e-005
9.01414e-005
9.05862e-005
9.1022e-005
9.14491e-005
9.18675e-005
9.22775e-005
9.26793e-005
9.30731e-005
9.34592e-005
9.38377e-005
9.42088e-005
9.45729e-005
9.493e-005
9.52806e-005
9.56247e-005
9.59626e-005
9.62945e-005
9.66206e-005
9.69412e-005
9.72564e-005
9.75664e-005
9.78715e-005
9.81719e-005
9.84677e-005
9.87591e-005
9.90464e-005
9.93297e-005
9.96092e-005
9.98851e-005
0.000100158
0.000100427
0.000100693
0.000100957
0.000101217
0.000101475
0.000101731
0.000101984
0.000102236
0.000102485
0.000102733
0.000102979
0.000103223
0.000103466
0.000103708
0.000103948
0.000104188
0.000104426
0.000104664
0.000104901
0.000105137
0.000105373
0.000105608
0.000105843
0.000106077
0.00010631
0.000106543
0.000106776
0.000107007
0.000107237
0.000107466
0.000107693
0.000107918
0.000108144
0.000108358
0.000108597
0.00010877
0.000109066
0.000109135
0.000109428
0.00582945
0.00341123
0.00245406
0.00194916
0.00163588
0.00142115
0.00126394
0.00114332
0.00104753
0.000969387
0.000904255
0.00084901
0.000801474
0.000760079
0.000723666
0.000691356
0.000662463
0.000636448
0.000612883
0.000591423
0.000571784
0.000553735
0.000537081
0.00052166
0.000507333
0.000493982
0.000481506
0.000469819
0.000458843
0.000448512
0.000438769
0.000429562
0.000420846
0.000412581
0.000404731
0.000397263
0.000390149
0.000383362
0.000376881
0.000370683
0.000364751
0.000359066
0.000353613
0.000348379
0.000343349
0.000338513
0.00033386
0.000329379
0.000325063
0.000320902
0.000316889
0.000313017
0.00030928
0.000305673
0.00030219
0.000298826
0.000295577
0.00029244
0.00028941
0.000286484
0.00028366
0.000280935
0.000278307
0.000275773
0.000273332
0.000270982
0.000268721
0.000266549
0.000264465
0.000262467
0.000260554
0.000258727
0.000256984
0.000255325
0.00025375
0.000252258
0.000250848
0.000249522
0.000248277
0.000247119
0.000246052
0.000245075
0.000244185
0.000243381
0.000242663
0.000242028
0.000241478
0.000241009
0.000240624
0.000240321
0.0002401
0.000239961
0.000239904
0.000239929
0.000240035
0.000240222
0.00024049
0.000240837
0.000241263
0.000241766
0.000242344
0.000242997
0.000243722
0.000244516
0.000245377
0.000246301
0.000247285
0.000248325
0.000249417
0.000250556
0.000251738
0.000252957
0.000254209
0.000255487
0.000256787
0.000258103
0.000259428
0.000260755
0.000262073
0.000263367
0.000264634
0.000265874
0.000267084
0.000268263
0.000269412
0.000270529
0.000271613
0.000272664
0.000273682
0.000274666
0.000275618
0.000276538
0.000277426
0.000278285
0.000279114
0.000279914
0.000280689
0.000281437
0.000282161
0.000282862
0.000283541
0.000284199
0.000284838
0.000285459
0.000286062
0.000286649
0.000287221
0.000287778
0.000288321
0.000288852
0.000289371
0.000289879
0.000290377
0.000290864
0.000291343
0.000291812
0.000292274
0.000292729
0.000293177
0.000293618
0.000294054
0.000294484
0.00029491
0.000295331
0.000295748
0.000296162
0.000296572
0.00029698
0.000297386
0.00029779
0.000298193
0.000298594
0.000298995
0.000299395
0.000299794
0.000300194
0.000300593
0.000300993
0.000301394
0.000301795
0.000302198
0.000302603
0.000303009
0.000303417
0.000303827
0.00030424
0.000304655
0.000305072
0.000305492
0.000305914
0.000306338
0.000306763
0.00030719
0.000307618
0.000308046
0.000308473
0.000308899
0.000309318
0.000309738
0.000310075
0.00843938
0.00640497
0.00508653
0.00421483
0.00360774
0.00316362
0.00282528
0.00255897
0.00234375
0.00216606
0.00201671
0.0018893
0.00177923
0.00168311
0.00159841
0.00152316
0.00145581
0.00139516
0.00134023
0.00129022
0.0012445
0.0012025
0.0011638
0.001128
0.00109477
0.00106385
0.001035
0.001008
0.000982684
0.000958889
0.00093648
0.000915336
0.000895348
0.000876423
0.000858474
0.000841427
0.000825211
0.000809767
0.00079504
0.000780979
0.000767541
0.000754684
0.000742372
0.000730572
0.000719251
0.000708384
0.000697944
0.000687908
0.000678255
0.000668966
0.000660023
0.000651411
0.000643114
0.00063512
0.000627416
0.000619991
0.000612834
0.000605938
0.000599292
0.00059289
0.000586725
0.000580791
0.000575081
0.00056959
0.000564315
0.00055925
0.000554392
0.000549738
0.000545284
0.000541028
0.000536967
0.000533099
0.000529421
0.000525933
0.000522631
0.000519514
0.00051658
0.000513828
0.000511257
0.000508864
0.00050665
0.000504614
0.000502754
0.00050107
0.000499559
0.000498219
0.000497049
0.000496047
0.000495211
0.000494539
0.00049403
0.000493681
0.00049349
0.000493454
0.00049357
0.000493834
0.000494244
0.000494795
0.000495482
0.0004963
0.000497245
0.000498311
0.00049949
0.000500777
0.000502164
0.000503644
0.000505208
0.000506848
0.000508555
0.000510322
0.000512138
0.000513995
0.000515884
0.000517797
0.000519725
0.000521658
0.00052359
0.000525511
0.000527412
0.000529286
0.000531126
0.000532924
0.000534677
0.000536381
0.000538029
0.000539621
0.000541157
0.000542638
0.000544063
0.000545435
0.000546753
0.000548021
0.00054924
0.000550412
0.000551539
0.000552624
0.000553667
0.000554673
0.000555642
0.000556578
0.000557481
0.000558356
0.000559202
0.000560022
0.000560818
0.000561591
0.000562343
0.000563075
0.000563789
0.000564486
0.000565167
0.000565835
0.000566489
0.000567131
0.000567762
0.000568384
0.000568997
0.000569603
0.000570202
0.000570795
0.000571383
0.000571967
0.000572548
0.000573127
0.000573704
0.00057428
0.000574857
0.000575434
0.000576012
0.000576592
0.000577175
0.000577761
0.000578351
0.000578945
0.000579545
0.00058015
0.00058076
0.000581378
0.000582002
0.000582633
0.000583272
0.000583918
0.000584573
0.000585236
0.000585908
0.000586587
0.000587276
0.000587972
0.000588676
0.000589387
0.000590105
0.000590829
0.000591556
0.000592287
0.000593019
0.00059375
0.000594477
0.000595202
0.000595886
0.000596264
0.00936983
0.00820782
0.00716323
0.00630245
0.00560899
0.00504902
0.00459172
0.00421309
0.00389522
0.00362491
0.00339235
0.00319019
0.00301282
0.00285593
0.00271614
0.00259078
0.00247769
0.00237514
0.0022817
0.00219621
0.00211766
0.00204525
0.00197827
0.00191612
0.0018583
0.00180435
0.0017539
0.00170663
0.00166222
0.00162043
0.00158103
0.00154383
0.00150863
0.00147528
0.00144365
0.0014136
0.00138501
0.00135778
0.00133183
0.00130705
0.00128339
0.00126077
0.00123912
0.00121839
0.00119853
0.00117949
0.00116122
0.00114369
0.00112685
0.00111068
0.00109515
0.00108022
0.00106587
0.00105209
0.00103884
0.00102611
0.00101388
0.00100213
0.00099085
0.000980027
0.000969647
0.000959699
0.000950172
0.000941056
0.000932342
0.000924023
0.000916091
0.000908538
0.000901359
0.000894545
0.000888093
0.000881996
0.000876248
0.000870844
0.000865779
0.000861047
0.000856644
0.000852564
0.000848801
0.000845352
0.00084221
0.000839371
0.000836829
0.000834578
0.000832613
0.000830926
0.000829513
0.000828366
0.000827481
0.000826849
0.000826466
0.000826323
0.000826413
0.000826729
0.000827263
0.000828006
0.000828949
0.000830083
0.000831398
0.000832883
0.000834528
0.000836323
0.000838254
0.000840311
0.000842481
0.000844752
0.000847111
0.000849545
0.000852043
0.000854592
0.00085718
0.000859794
0.000862425
0.00086506
0.00086769
0.000870305
0.000872896
0.000875454
0.000877971
0.000880441
0.000882856
0.000885212
0.000887505
0.000889731
0.000891887
0.000893972
0.000895986
0.000897928
0.0008998
0.000901602
0.000903337
0.000905008
0.000906615
0.000908162
0.000909652
0.000911086
0.000912469
0.000913802
0.000915087
0.000916328
0.000917527
0.000918685
0.000919807
0.000920895
0.00092195
0.000922975
0.000923973
0.000924945
0.000925893
0.00092682
0.000927727
0.000928618
0.000929493
0.000930353
0.000931202
0.00093204
0.000932868
0.000933689
0.000934503
0.000935313
0.000936119
0.000936922
0.000937725
0.000938528
0.000939332
0.000940138
0.000940949
0.000941764
0.000942584
0.000943411
0.000944246
0.000945089
0.000945942
0.000946805
0.000947678
0.000948564
0.000949461
0.000950372
0.000951296
0.000952234
0.000953186
0.000954153
0.000955134
0.00095613
0.000957141
0.000958165
0.000959204
0.000960255
0.000961318
0.000962392
0.000963476
0.000964566
0.000965661
0.000966758
0.000967853
0.000968943
0.000970025
0.000971067
0.000971977
0.000972179
0.00971737
0.00910353
0.00842964
0.00777468
0.00717451
0.00663955
0.00616822
0.00575409
0.00538965
0.00506772
0.00478197
0.00452705
0.00429846
0.00409249
0.00390602
0.00373649
0.00358172
0.00343989
0.00330949
0.00318919
0.00307789
0.00297461
0.00287854
0.00278896
0.00270522
0.0026268
0.0025532
0.002484
0.00241882
0.00235733
0.00229922
0.00224424
0.00219214
0.00214271
0.00209576
0.0020511
0.00200859
0.00196808
0.00192944
0.00189255
0.00185731
0.00182361
0.00179139
0.00176054
0.001731
0.00170269
0.00167557
0.00164957
0.00162463
0.00160072
0.00157778
0.00155578
0.00153469
0.00151446
0.00149507
0.0014765
0.0014587
0.00144167
0.00142537
0.0014098
0.00139492
0.00138072
0.00136719
0.00135431
0.00134207
0.00133045
0.00131944
0.00130902
0.0012992
0.00128994
0.00128125
0.00127312
0.00126552
0.00125846
0.00125191
0.00124588
0.00124034
0.00123529
0.00123071
0.00122659
0.00122293
0.00121971
0.00121691
0.00121453
0.00121255
0.00121096
0.00120974
0.00120889
0.00120838
0.00120821
0.00120837
0.00120883
0.00120958
0.00121061
0.0012119
0.00121345
0.00121523
0.00121722
0.00121942
0.0012218
0.00122436
0.00122706
0.00122991
0.00123287
0.00123594
0.0012391
0.00124233
0.00124562
0.00124895
0.00125231
0.00125568
0.00125906
0.00126243
0.00126578
0.0012691
0.00127237
0.0012756
0.00127878
0.00128189
0.00128493
0.0012879
0.00129079
0.00129361
0.00129634
0.00129899
0.00130156
0.00130404
0.00130645
0.00130877
0.00131101
0.00131318
0.00131528
0.0013173
0.00131925
0.00132114
0.00132297
0.00132474
0.00132644
0.0013281
0.0013297
0.00133126
0.00133277
0.00133424
0.00133566
0.00133705
0.00133841
0.00133973
0.00134102
0.00134229
0.00134353
0.00134474
0.00134594
0.00134712
0.00134828
0.00134942
0.00135056
0.00135168
0.0013528
0.00135391
0.00135502
0.00135613
0.00135723
0.00135834
0.00135945
0.00136057
0.00136169
0.00136282
0.00136395
0.0013651
0.00136626
0.00136743
0.00136862
0.00136982
0.00137103
0.00137226
0.00137351
0.00137478
0.00137607
0.00137737
0.0013787
0.00138004
0.0013814
0.00138279
0.00138419
0.00138561
0.00138705
0.00138851
0.00138998
0.00139146
0.00139296
0.00139446
0.00139597
0.00139748
0.00139898
0.00140048
0.00140196
0.0014034
0.00140475
0.00140582
0.00140554
0.00986196
0.00953579
0.00913013
0.00868591
0.00823443
0.00779547
0.00737965
0.00699181
0.00663324
0.0063032
0.00599997
0.00572145
0.00546542
0.00522977
0.00501251
0.00481182
0.00462607
0.00445381
0.00429374
0.00414471
0.00400569
0.00387576
0.00375412
0.00364004
0.00353288
0.00343205
0.00333705
0.0032474
0.00316269
0.00308255
0.00300663
0.00293463
0.00286627
0.00280129
0.00273948
0.00268063
0.00262453
0.00257103
0.00251997
0.0024712
0.00242459
0.00238003
0.0023374
0.0022966
0.00225755
0.00222016
0.00218435
0.00215005
0.0021172
0.00208573
0.0020556
0.00202675
0.00199913
0.00197271
0.00194744
0.00192329
0.00190022
0.00187821
0.00185722
0.00183723
0.00181822
0.00180015
0.00178301
0.00176677
0.00175142
0.00173694
0.0017233
0.00171049
0.0016985
0.00168729
0.00167686
0.00166719
0.00165825
0.00165003
0.00164252
0.00163569
0.00162952
0.001624
0.0016191
0.00161481
0.0016111
0.00160796
0.00160536
0.00160328
0.00160171
0.00160061
0.00159997
0.00159976
0.00159997
0.00160057
0.00160154
0.00160286
0.00160451
0.00160646
0.0016087
0.00161119
0.00161393
0.00161689
0.00162004
0.00162337
0.00162686
0.00163049
0.00163423
0.00163807
0.001642
0.00164598
0.00165001
0.00165408
0.00165815
0.00166223
0.00166629
0.00167033
0.00167434
0.0016783
0.0016822
0.00168605
0.00168982
0.00169352
0.00169714
0.00170068
0.00170413
0.00170749
0.00171077
0.00171395
0.00171705
0.00172005
0.00172297
0.0017258
0.00172854
0.0017312
0.00173378
0.00173628
0.00173871
0.00174107
0.00174335
0.00174557
0.00174773
0.00174982
0.00175186
0.00175384
0.00175577
0.00175766
0.00175949
0.00176128
0.00176303
0.00176475
0.00176643
0.00176807
0.00176969
0.00177128
0.00177285
0.0017744
0.00177593
0.00177744
0.00177894
0.00178042
0.0017819
0.00178337
0.00178484
0.0017863
0.00178777
0.00178923
0.0017907
0.00179218
0.00179366
0.00179515
0.00179666
0.00179817
0.0017997
0.00180125
0.00180281
0.00180439
0.00180599
0.00180761
0.00180925
0.00181092
0.0018126
0.00181431
0.00181604
0.0018178
0.00181957
0.00182137
0.0018232
0.00182504
0.0018269
0.00182878
0.00183068
0.00183259
0.00183451
0.00183644
0.00183838
0.00184031
0.00184223
0.00184415
0.00184604
0.0018479
0.00184968
0.00185131
0.00185242
0.00185136
0.00992702
0.0097461
0.00950203
0.00921049
0.0088888
0.00855212
0.0082121
0.00787697
0.00755208
0.00724074
0.00694475
0.00666489
0.00640119
0.00615328
0.00592052
0.00570214
0.00549727
0.00530503
0.00512457
0.00495504
0.00479566
0.00464569
0.00450443
0.00437124
0.00424553
0.00412675
0.00401442
0.00390807
0.00380729
0.00371168
0.00362091
0.00353464
0.00345259
0.00337448
0.00330008
0.00322915
0.00316148
0.00309689
0.0030352
0.00297626
0.00291991
0.00286603
0.00281449
0.00276517
0.00271797
0.0026728
0.00262957
0.00258819
0.0025486
0.00251072
0.00247448
0.00243985
0.00240675
0.00237513
0.00234497
0.0023162
0.00228879
0.0022627
0.00223791
0.00221437
0.00219205
0.00217093
0.00215098
0.00213217
0.00211447
0.00209786
0.00208232
0.00206781
0.00205432
0.00204181
0.00203027
0.00201967
0.00200998
0.00200117
0.00199323
0.00198611
0.0019798
0.00197427
0.00196949
0.00196542
0.00196205
0.00195933
0.00195725
0.00195576
0.00195485
0.00195447
0.0019546
0.00195522
0.00195628
0.00195776
0.00195964
0.00196187
0.00196444
0.00196732
0.00197048
0.00197389
0.00197752
0.00198136
0.00198537
0.00198953
0.00199383
0.00199823
0.00200273
0.00200729
0.0020119
0.00201654
0.0020212
0.00202586
0.0020305
0.00203512
0.0020397
0.00204423
0.00204871
0.00205312
0.00205746
0.00206172
0.0020659
0.00206999
0.00207399
0.0020779
0.00208172
0.00208545
0.00208908
0.00209262
0.00209607
0.00209942
0.00210269
0.00210587
0.00210896
0.00211197
0.0021149
0.00211775
0.00212052
0.00212322
0.00212586
0.00212842
0.00213092
0.00213336
0.00213574
0.00213806
0.00214033
0.00214255
0.00214473
0.00214686
0.00214894
0.002151
0.00215301
0.00215499
0.00215695
0.00215888
0.00216078
0.00216267
0.00216454
0.00216639
0.00216823
0.00217006
0.00217189
0.00217371
0.00217553
0.00217735
0.00217917
0.002181
0.00218284
0.00218468
0.00218653
0.0021884
0.00219028
0.00219218
0.00219409
0.00219602
0.00219797
0.00219994
0.00220194
0.00220396
0.002206
0.00220806
0.00221015
0.00221227
0.00221441
0.00221657
0.00221876
0.00222098
0.00222321
0.00222547
0.00222774
0.00223003
0.00223234
0.00223465
0.00223698
0.0022393
0.00224162
0.00224394
0.00224623
0.00224851
0.00225075
0.00225294
0.00225503
0.00225687
0.00225791
0.00225587
0.00995688
0.00984671
0.00968974
0.00949001
0.00925526
0.00899472
0.00871738
0.00843117
0.00814252
0.0078564
0.00757642
0.00730508
0.00704404
0.00679427
0.00655622
0.00633
0.00611543
0.00591219
0.00571983
0.00553786
0.00536572
0.00520286
0.00504875
0.00490284
0.00476462
0.00463361
0.00450936
0.00439143
0.00427941
0.00417295
0.00407169
0.00397532
0.00388353
0.00379605
0.00371263
0.00363304
0.00355705
0.00348449
0.00341515
0.00334887
0.0032855
0.00322489
0.00316691
0.00311144
0.00305838
0.00300761
0.00295903
0.00291258
0.00286815
0.00282569
0.00278511
0.00274636
0.00270938
0.00267411
0.0026405
0.00260851
0.00257809
0.0025492
0.0025218
0.00249586
0.00247133
0.00244819
0.0024264
0.00240593
0.00238675
0.00236883
0.00235214
0.00233664
0.00232231
0.00230912
0.00229703
0.00228601
0.00227603
0.00226707
0.00225907
0.00225201
0.00224586
0.00224057
0.00223612
0.00223246
0.00222956
0.00222739
0.00222589
0.00222504
0.0022248
0.00222514
0.002226
0.00222737
0.0022292
0.00223145
0.00223409
0.0022371
0.00224043
0.00224405
0.00224793
0.00225204
0.00225636
0.00226085
0.0022655
0.00227026
0.00227513
0.00228008
0.00228509
0.00229013
0.0022952
0.00230027
0.00230533
0.00231036
0.00231536
0.00232031
0.00232521
0.00233004
0.00233479
0.00233947
0.00234407
0.00234858
0.002353
0.00235733
0.00236156
0.0023657
0.00236975
0.0023737
0.00237755
0.00238132
0.00238499
0.00238857
0.00239207
0.00239548
0.0023988
0.00240205
0.00240522
0.0024083
0.00241132
0.00241427
0.00241714
0.00241995
0.0024227
0.00242538
0.00242801
0.00243059
0.00243311
0.00243558
0.00243801
0.00244039
0.00244273
0.00244504
0.00244731
0.00244956
0.00245177
0.00245396
0.00245613
0.00245828
0.00246042
0.00246254
0.00246466
0.00246676
0.00246887
0.00247097
0.00247307
0.00247518
0.00247729
0.00247941
0.00248154
0.00248369
0.00248584
0.00248801
0.0024902
0.00249241
0.00249463
0.00249688
0.00249915
0.00250144
0.00250376
0.0025061
0.00250846
0.00251085
0.00251327
0.00251571
0.00251817
0.00252066
0.00252318
0.00252572
0.00252828
0.00253086
0.00253345
0.00253606
0.00253868
0.00254131
0.00254394
0.00254657
0.00254919
0.00255179
0.00255438
0.00255693
0.00255944
0.00256189
0.00256419
0.00256617
0.00256709
0.00256411
0.00996873
0.0098874
0.0097678
0.00960982
0.00941696
0.00919515
0.00895142
0.00869283
0.00842581
0.00815578
0.00788707
0.00762295
0.00736582
0.00711731
0.00687843
0.00664977
0.00643156
0.00622379
0.00602627
0.00583868
0.00566064
0.00549172
0.00533145
0.00517939
0.00503505
0.00489802
0.00476784
0.00464413
0.00452649
0.00441456
0.004308
0.00420649
0.00410975
0.00401749
0.00392947
0.00384545
0.00376521
0.00368854
0.00361528
0.00354523
0.00347825
0.00341418
0.0033529
0.00329427
0.00323819
0.00318454
0.00313324
0.00308418
0.00303728
0.00299248
0.00294969
0.00290885
0.00286991
0.00283279
0.00279746
0.00276386
0.00273194
0.00270166
0.00267299
0.00264588
0.00262029
0.00259618
0.00257353
0.0025523
0.00253245
0.00251396
0.00249677
0.00248088
0.00246623
0.0024528
0.00244054
0.00242943
0.00241943
0.0024105
0.0024026
0.0023957
0.00238975
0.00238472
0.00238056
0.00237724
0.0023747
0.00237292
0.00237184
0.00237143
0.00237164
0.00237244
0.00237378
0.00237562
0.00237792
0.00238064
0.00238375
0.00238721
0.00239098
0.00239502
0.00239932
0.00240382
0.00240851
0.00241336
0.00241833
0.00242341
0.00242856
0.00243378
0.00243903
0.0024443
0.00244957
0.00245483
0.00246005
0.00246524
0.00247038
0.00247546
0.00248047
0.0024854
0.00249026
0.00249502
0.0024997
0.00250429
0.00250879
0.00251318
0.00251749
0.0025217
0.00252581
0.00252984
0.00253376
0.0025376
0.00254135
0.00254502
0.00254859
0.00255209
0.0025555
0.00255884
0.00256209
0.00256528
0.00256839
0.00257144
0.00257442
0.00257733
0.00258019
0.00258298
0.00258572
0.00258841
0.00259105
0.00259364
0.00259619
0.0025987
0.00260116
0.0026036
0.002606
0.00260837
0.00261072
0.00261305
0.00261535
0.00261765
0.00261992
0.00262219
0.00262445
0.00262671
0.00262897
0.00263122
0.00263348
0.00263575
0.00263802
0.00264031
0.00264261
0.00264492
0.00264724
0.00264959
0.00265195
0.00265434
0.00265674
0.00265917
0.00266162
0.00266409
0.00266659
0.00266912
0.00267167
0.00267425
0.00267685
0.00267947
0.00268213
0.00268481
0.00268751
0.00269023
0.00269297
0.00269573
0.00269851
0.0027013
0.0027041
0.00270691
0.00270971
0.00271251
0.0027153
0.00271807
0.00272082
0.00272354
0.0027262
0.00272879
0.00273123
0.00273328
0.0027341
0.00273045
0.00996872
0.00988713
0.009767
0.00960818
0.00941427
0.00919131
0.00894642
0.00868677
0.00841883
0.00814806
0.0078788
0.00761432
0.00735698
0.00710838
0.00686954
0.006641
0.00642298
0.00621544
0.00601819
0.00583089
0.00565315
0.00548453
0.00532457
0.00517281
0.00502877
0.00489202
0.00476213
0.00463868
0.00452129
0.0044096
0.00430327
0.00420199
0.00410545
0.00401339
0.00392555
0.00384171
0.00376163
0.00368512
0.003612
0.0035421
0.00347525
0.00341131
0.00335014
0.00329163
0.00323565
0.00318211
0.00313089
0.00308193
0.00303512
0.0029904
0.00294769
0.00290693
0.00286806
0.00283102
0.00279576
0.00276222
0.00273037
0.00270016
0.00267156
0.00264451
0.00261898
0.00259495
0.00257236
0.00255119
0.00253141
0.00251298
0.00249587
0.00248004
0.00246546
0.0024521
0.00243992
0.00242888
0.00241896
0.0024101
0.00240229
0.00239546
0.00238959
0.00238464
0.00238057
0.00237732
0.00237487
0.00237317
0.00237217
0.00237184
0.00237213
0.00237301
0.00237442
0.00237633
0.00237871
0.0023815
0.00238466
0.00238818
0.00239199
0.00239608
0.00240041
0.00240495
0.00240966
0.00241452
0.0024195
0.00242458
0.00242973
0.00243493
0.00244016
0.0024454
0.00245063
0.00245584
0.00246103
0.00246616
0.00247124
0.00247625
0.00248119
0.00248606
0.00249084
0.00249553
0.00250012
0.00250463
0.00250904
0.00251336
0.00251758
0.0025217
0.00252574
0.00252967
0.00253352
0.00253728
0.00254095
0.00254454
0.00254804
0.00255146
0.0025548
0.00255807
0.00256126
0.00256439
0.00256744
0.00257043
0.00257335
0.00257621
0.00257902
0.00258177
0.00258446
0.00258711
0.00258971
0.00259226
0.00259477
0.00259725
0.00259968
0.00260209
0.00260447
0.00260681
0.00260914
0.00261145
0.00261374
0.00261601
0.00261827
0.00262053
0.00262278
0.00262503
0.00262728
0.00262953
0.00263178
0.00263405
0.00263632
0.00263861
0.0026409
0.00264322
0.00264555
0.0026479
0.00265027
0.00265266
0.00265507
0.00265751
0.00265997
0.00266246
0.00266497
0.0026675
0.00267006
0.00267265
0.00267526
0.0026779
0.00268057
0.00268326
0.00268597
0.00268871
0.00269146
0.00269424
0.00269703
0.00269983
0.00270265
0.00270547
0.00270829
0.00271111
0.00271391
0.0027167
0.00271947
0.0027222
0.00272489
0.0027275
0.00272996
0.00273203
0.00273283
0.00272902
0.00995685
0.00984583
0.00968705
0.00948461
0.00924656
0.00898247
0.00870171
0.00841245
0.00812127
0.00783318
0.00755181
0.00727961
0.00701815
0.0067683
0.00653047
0.00630467
0.0060907
0.00588817
0.00569661
0.00551548
0.00534423
0.00518226
0.00502904
0.004884
0.00474664
0.00461646
0.004493
0.00437583
0.00426455
0.00415878
0.00405818
0.00396243
0.00387122
0.0037843
0.00370141
0.00362232
0.00354681
0.00347468
0.00340576
0.00333988
0.00327688
0.00321663
0.00315899
0.00310384
0.00305107
0.00300059
0.00295229
0.00290609
0.00286191
0.00281968
0.00277933
0.0027408
0.00270402
0.00266896
0.00263555
0.00260375
0.00257351
0.00254481
0.00251759
0.00249182
0.00246748
0.00244451
0.0024229
0.00240261
0.00238361
0.00236587
0.00234937
0.00233406
0.00231992
0.00230692
0.00229502
0.00228421
0.00227443
0.00226567
0.00225789
0.00225105
0.00224511
0.00224005
0.00223582
0.00223239
0.00222972
0.00222777
0.00222651
0.0022259
0.00222589
0.00222645
0.00222753
0.00222911
0.00223114
0.00223359
0.00223642
0.00223959
0.00224306
0.00224682
0.00225081
0.00225502
0.00225942
0.00226396
0.00226864
0.00227342
0.00227828
0.0022832
0.00228815
0.00229312
0.0022981
0.00230306
0.00230799
0.00231288
0.00231772
0.0023225
0.00232721
0.00233184
0.00233639
0.00234086
0.00234523
0.00234952
0.0023537
0.0023578
0.0023618
0.0023657
0.00236951
0.00237323
0.00237685
0.00238039
0.00238384
0.0023872
0.00239049
0.00239369
0.00239682
0.00239987
0.00240285
0.00240576
0.0024086
0.00241139
0.00241411
0.00241677
0.00241937
0.00242192
0.00242443
0.00242688
0.00242929
0.00243166
0.00243399
0.00243628
0.00243854
0.00244076
0.00244296
0.00244514
0.00244729
0.00244943
0.00245155
0.00245365
0.00245575
0.00245784
0.00245992
0.00246201
0.00246409
0.00246617
0.00246827
0.00247037
0.00247248
0.0024746
0.00247673
0.00247888
0.00248105
0.00248324
0.00248544
0.00248767
0.00248992
0.00249219
0.00249449
0.0024968
0.00249915
0.00250152
0.00250391
0.00250634
0.00250878
0.00251126
0.00251376
0.00251628
0.00251883
0.0025214
0.002524
0.00252661
0.00252925
0.00253189
0.00253455
0.00253722
0.0025399
0.00254257
0.00254523
0.00254789
0.00255052
0.00255313
0.0025557
0.0025582
0.00256057
0.00256258
0.00256346
0.00256002
0.00992703
0.00974436
0.00949659
0.0091998
0.00887212
0.00852946
0.00818406
0.00784444
0.00751611
0.00720233
0.00690479
0.00662409
0.00636016
0.00611251
0.0058804
0.00566294
0.00545919
0.00526823
0.00508914
0.00492103
0.00476308
0.00461454
0.00447469
0.00434287
0.00421849
0.004101
0.00398989
0.00388471
0.00378504
0.00369048
0.0036007
0.00351538
0.00343422
0.00335695
0.00328333
0.00321314
0.00314618
0.00308225
0.00302119
0.00296284
0.00290705
0.00285369
0.00280264
0.00275379
0.00270703
0.00266228
0.00261944
0.00257844
0.00253921
0.00250167
0.00246577
0.00243144
0.00239864
0.00236732
0.00233743
0.00230894
0.0022818
0.00225597
0.00223143
0.00220814
0.00218608
0.0021652
0.0021455
0.00212694
0.00210949
0.00209313
0.00207784
0.0020636
0.00205037
0.00203813
0.00202686
0.00201653
0.00200712
0.0019986
0.00199095
0.00198413
0.00197812
0.0019729
0.00196843
0.00196468
0.00196162
0.00195923
0.00195747
0.0019563
0.00195571
0.00195565
0.0019561
0.00195702
0.00195838
0.00196015
0.0019623
0.0019648
0.00196762
0.00197073
0.0019741
0.00197769
0.00198147
0.00198542
0.00198952
0.00199374
0.00199806
0.00200246
0.00200691
0.0020114
0.0020159
0.00202041
0.00202491
0.00202939
0.00203382
0.00203821
0.00204253
0.00204679
0.00205098
0.00205509
0.00205911
0.00206305
0.0020669
0.00207065
0.00207431
0.00207788
0.00208135
0.00208473
0.00208802
0.00209122
0.00209434
0.00209737
0.00210032
0.00210319
0.00210599
0.00210871
0.00211136
0.00211395
0.00211647
0.00211893
0.00212133
0.00212368
0.00212597
0.00212821
0.0021304
0.00213255
0.00213466
0.00213673
0.00213876
0.00214076
0.00214272
0.00214466
0.00214657
0.00214846
0.00215032
0.00215217
0.00215401
0.00215583
0.00215764
0.00215944
0.00216124
0.00216304
0.00216484
0.00216664
0.00216844
0.00217025
0.00217207
0.0021739
0.00217575
0.0021776
0.00217947
0.00218136
0.00218327
0.00218519
0.00218714
0.00218911
0.0021911
0.00219311
0.00219514
0.0021972
0.00219929
0.0022014
0.00220354
0.0022057
0.00220788
0.00221009
0.00221233
0.00221459
0.00221687
0.00221918
0.0022215
0.00222385
0.00222621
0.00222858
0.00223095
0.00223334
0.00223572
0.0022381
0.00224047
0.00224282
0.00224513
0.0022474
0.00224957
0.00225146
0.00225245
0.00224981
0.00986229
0.00953278
0.00912023
0.00866718
0.0082067
0.00775973
0.00733753
0.00694498
0.00658317
0.00625115
0.00594699
0.00566837
0.00541289
0.00517827
0.00496239
0.00476332
0.00457936
0.00440898
0.00425084
0.00410373
0.00396662
0.00383855
0.00371872
0.00360638
0.00350088
0.00340163
0.00330813
0.00321991
0.00313655
0.00305767
0.00298295
0.00291207
0.00284476
0.00278079
0.00271991
0.00266193
0.00260666
0.00255393
0.0025036
0.00245552
0.00240955
0.0023656
0.00232354
0.00228328
0.00224474
0.00220783
0.00217247
0.0021386
0.00210615
0.00207507
0.00204531
0.00201681
0.00198953
0.00196343
0.00193847
0.00191462
0.00189184
0.00187011
0.0018494
0.00182968
0.00181093
0.00179313
0.00177626
0.00176028
0.0017452
0.00173098
0.00171761
0.00170508
0.00169335
0.00168243
0.00167228
0.0016629
0.00165426
0.00164634
0.00163914
0.00163262
0.00162677
0.00162158
0.00161701
0.00161306
0.0016097
0.0016069
0.00160466
0.00160293
0.00160171
0.00160097
0.00160068
0.00160082
0.00160137
0.00160231
0.00160361
0.00160524
0.00160718
0.00160941
0.00161191
0.00161464
0.0016176
0.00162075
0.00162407
0.00162754
0.00163113
0.00163481
0.00163857
0.00164239
0.00164625
0.00165014
0.00165404
0.00165793
0.00166181
0.00166566
0.00166946
0.00167322
0.00167692
0.00168055
0.00168411
0.0016876
0.001691
0.00169432
0.00169755
0.00170069
0.00170374
0.0017067
0.00170958
0.00171237
0.00171508
0.0017177
0.00172024
0.00172271
0.00172511
0.00172743
0.00172968
0.00173187
0.001734
0.00173608
0.00173809
0.00174005
0.00174197
0.00174384
0.00174566
0.00174744
0.00174918
0.00175089
0.00175256
0.00175421
0.00175582
0.0017574
0.00175897
0.00176051
0.00176203
0.00176354
0.00176503
0.0017665
0.00176797
0.00176943
0.00177089
0.00177234
0.00177379
0.00177524
0.00177669
0.00177815
0.00177961
0.00178108
0.00178256
0.00178406
0.00178556
0.00178708
0.00178861
0.00179016
0.00179173
0.00179331
0.00179491
0.00179654
0.00179818
0.00179985
0.00180153
0.00180324
0.00180498
0.00180673
0.00180851
0.00181032
0.00181214
0.00181399
0.00181587
0.00181776
0.00181968
0.00182161
0.00182356
0.00182553
0.00182751
0.0018295
0.00183149
0.00183349
0.00183548
0.00183747
0.00183944
0.00184137
0.00184324
0.00184493
0.001846
0.00184432
0.0097192
0.00909884
0.00841252
0.0077442
0.00713274
0.00658941
0.00611239
0.00569481
0.00532867
0.00500635
0.00472117
0.0044675
0.00424064
0.0040367
0.00385247
0.00368526
0.00353287
0.00339341
0.00326533
0.00314729
0.00303815
0.00293696
0.00284287
0.00275516
0.00267321
0.00259646
0.00252443
0.00245671
0.00239292
0.00233273
0.00227585
0.002222
0.00217097
0.00212254
0.00207652
0.00203274
0.00199105
0.0019513
0.00191338
0.00187716
0.00184256
0.00180946
0.00177778
0.00174746
0.00171841
0.00169056
0.00166387
0.00163828
0.00161373
0.00159018
0.00156759
0.00154592
0.00152514
0.00150522
0.00148612
0.00146781
0.00145028
0.00143351
0.00141746
0.00140213
0.00138749
0.00137353
0.00136023
0.00134759
0.00133558
0.00132419
0.00131341
0.00130324
0.00129365
0.00128465
0.00127621
0.00126832
0.00126099
0.00125419
0.00124791
0.00124215
0.0012369
0.00123214
0.00122786
0.00122405
0.0012207
0.00121779
0.00121532
0.00121327
0.00121162
0.00121037
0.00120949
0.00120898
0.00120881
0.00120898
0.00120946
0.00121024
0.00121131
0.00121264
0.00121422
0.00121603
0.00121806
0.00122029
0.00122269
0.00122526
0.00122797
0.00123082
0.00123377
0.0012368
0.0012399
0.00124304
0.00124621
0.0012494
0.0012526
0.00125579
0.00125896
0.00126211
0.00126521
0.00126827
0.00127127
0.00127421
0.00127708
0.00127989
0.00128262
0.00128527
0.00128784
0.00129033
0.00129274
0.00129508
0.00129733
0.00129951
0.00130162
0.00130365
0.00130562
0.00130751
0.00130935
0.00131113
0.00131285
0.00131451
0.00131613
0.00131769
0.00131922
0.0013207
0.00132214
0.00132355
0.00132492
0.00132625
0.00132756
0.00132885
0.0013301
0.00133134
0.00133255
0.00133374
0.00133492
0.00133608
0.00133723
0.00133836
0.00133949
0.00134061
0.00134172
0.00134283
0.00134393
0.00134503
0.00134614
0.00134724
0.00134835
0.00134946
0.00135058
0.0013517
0.00135284
0.00135398
0.00135513
0.0013563
0.00135748
0.00135867
0.00135987
0.0013611
0.00136233
0.00136359
0.00136486
0.00136615
0.00136746
0.00136879
0.00137013
0.0013715
0.00137289
0.0013743
0.00137572
0.00137717
0.00137863
0.00138012
0.00138162
0.00138313
0.00138467
0.00138621
0.00138776
0.00138932
0.00139088
0.00139244
0.001394
0.00139554
0.00139705
0.00139845
0.0013995
0.0013987
0.0093783
0.00820169
0.00713561
0.0062579
0.00555356
0.00498757
0.00452761
0.00414851
0.00383157
0.00356305
0.0033328
0.00313324
0.00295862
0.00280451
0.00266748
0.0025448
0.00243431
0.00233423
0.00224315
0.00215988
0.00208344
0.00201299
0.00194786
0.00188743
0.00183122
0.00177879
0.00172975
0.00168378
0.0016406
0.00159995
0.00156161
0.00152539
0.00149111
0.00145862
0.00142778
0.00139847
0.00137058
0.001344
0.00131864
0.00129444
0.0012713
0.00124917
0.00122799
0.00120769
0.00118823
0.00116956
0.00115165
0.00113445
0.00111793
0.00110205
0.0010868
0.00107213
0.00105804
0.00104449
0.00103147
0.00101895
0.00100693
0.000995383
0.000984299
0.000973665
0.00096347
0.000953703
0.000944355
0.000935417
0.000926881
0.00091874
0.000910987
0.000903615
0.000896618
0.000889991
0.000883728
0.000877824
0.000872273
0.000867072
0.000862215
0.000857698
0.000853516
0.000849665
0.000846139
0.000842934
0.000840044
0.000837464
0.000835188
0.000833211
0.000831526
0.000830127
0.000829006
0.000828157
0.000827572
0.000827242
0.000827159
0.000827315
0.000827701
0.000828305
0.000829119
0.000830132
0.000831333
0.00083271
0.000834251
0.000835945
0.00083778
0.000839742
0.000841821
0.000844005
0.000846284
0.000848638
0.000851039
0.000853473
0.000855929
0.000858397
0.000860865
0.000863324
0.000865764
0.000868177
0.000870555
0.000872893
0.000875183
0.000877421
0.000879601
0.000881722
0.000883779
0.000885772
0.000887698
0.000889559
0.000891353
0.000893082
0.000894748
0.000896352
0.000897896
0.000899383
0.000900816
0.000902196
0.000903528
0.000904812
0.000906054
0.000907255
0.000908417
0.000909544
0.000910638
0.000911701
0.000912736
0.000913744
0.000914728
0.00091569
0.000916631
0.000917553
0.000918457
0.000919346
0.00092022
0.000921082
0.000921932
0.000922771
0.000923602
0.000924425
0.000925242
0.000926053
0.000926861
0.000927665
0.000928468
0.00092927
0.000930073
0.000930877
0.000931683
0.000932493
0.000933307
0.000934126
0.000934951
0.000935783
0.000936623
0.000937471
0.000938328
0.000939195
0.000940072
0.000940961
0.000941861
0.000942773
0.000943698
0.000944636
0.000945587
0.000946553
0.000947533
0.000948527
0.000949536
0.00095056
0.000951598
0.000952651
0.000953718
0.000954798
0.00095589
0.000956994
0.000958107
0.000959229
0.000960357
0.000961487
0.000962618
0.000963744
0.000964865
0.000965941
0.000966848
0.000966685
0.00847703
0.00639984
0.00504872
0.00416142
0.00354857
0.00310363
0.0027668
0.00250306
0.00229087
0.00211631
0.00197008
0.00184568
0.00173848
0.00164506
0.00156288
0.00148998
0.00142481
0.00136619
0.00131315
0.00126489
0.00122078
0.00118029
0.00114298
0.00110846
0.00107643
0.00104662
0.00101879
0.000992745
0.00096831
0.000945333
0.000923683
0.000903242
0.000883908
0.000865589
0.000848203
0.000831679
0.000815951
0.000800961
0.000786656
0.00077299
0.000759919
0.000747405
0.000735413
0.000723911
0.00071287
0.000702265
0.000692071
0.000682267
0.000672832
0.000663748
0.000655
0.000646572
0.00063845
0.000630622
0.000623077
0.000615804
0.000608794
0.000602039
0.000595531
0.000589263
0.000583229
0.000577423
0.000571842
0.000566479
0.000561331
0.000556394
0.000551666
0.000547143
0.000542823
0.000538702
0.00053478
0.000531053
0.000527521
0.000524181
0.000521034
0.000518078
0.000515314
0.000512738
0.000510351
0.000508151
0.000506137
0.000504307
0.00050266
0.000501194
0.000499907
0.000498797
0.000497862
0.0004971
0.000496508
0.000496083
0.000495822
0.000495722
0.000495779
0.000495989
0.000496348
0.00049685
0.000497491
0.000498264
0.000499164
0.000500184
0.000501318
0.000502557
0.000503895
0.000505323
0.000506833
0.000508419
0.000510076
0.000511792
0.000513541
0.000515308
0.000517084
0.000518863
0.000520636
0.000522397
0.000524141
0.000525861
0.000527552
0.000529211
0.000530832
0.000532412
0.000533948
0.000535438
0.000536881
0.000538276
0.000539622
0.000540919
0.000542168
0.00054337
0.000544526
0.000545638
0.000546708
0.000547737
0.000548728
0.000549682
0.000550603
0.000551491
0.00055235
0.00055318
0.000553985
0.000554766
0.000555526
0.000556264
0.000556984
0.000557687
0.000558374
0.000559047
0.000559706
0.000560353
0.00056099
0.000561616
0.000562233
0.000562841
0.000563443
0.000564038
0.000564627
0.000565211
0.00056579
0.000566367
0.00056694
0.000567511
0.00056808
0.000568648
0.000569216
0.000569785
0.000570354
0.000570924
0.000571496
0.000572071
0.000572649
0.00057323
0.000573815
0.000574404
0.000574999
0.000575598
0.000576203
0.000576814
0.000577432
0.000578057
0.000578688
0.000579327
0.000579974
0.000580629
0.000581292
0.000581963
0.000582643
0.000583331
0.000584027
0.000584732
0.000585445
0.000586165
0.000586892
0.000587624
0.000588362
0.000589103
0.000589845
0.000590588
0.000591326
0.000592064
0.000592744
0.000592912
0.0059713
0.00341111
0.0024198
0.00190795
0.00159504
0.00138279
0.00122854
0.00111084
0.00101774
0.000942033
0.000879108
0.00082587
0.000780163
0.000740433
0.000705534
0.000674599
0.000646961
0.000622094
0.000599584
0.000579094
0.00056035
0.000543126
0.000527236
0.000512521
0.000498849
0.000486105
0.000474193
0.000463029
0.00045254
0.000442663
0.000433342
0.000424529
0.000416181
0.000408259
0.00040073
0.000393563
0.000386731
0.000380209
0.000373977
0.000368014
0.000362303
0.000356826
0.00035157
0.000346522
0.000341669
0.000337
0.000332506
0.000328177
0.000324006
0.000319984
0.000316105
0.000312361
0.000308749
0.000305262
0.000301895
0.000298645
0.000295507
0.000292479
0.000289557
0.000286738
0.000284019
0.000281399
0.000278876
0.000276448
0.000274113
0.00027187
0.000269719
0.000267657
0.000265685
0.000263801
0.000262005
0.000260296
0.000258673
0.00025714
0.000255704
0.000254361
0.00025311
0.00025195
0.000250878
0.000249893
0.000248995
0.000248184
0.000247458
0.000246817
0.000246262
0.000245791
0.000245403
0.0002451
0.00024488
0.000244743
0.000244689
0.000244716
0.000244826
0.000245015
0.000245284
0.000245631
0.000246055
0.000246554
0.000247126
0.000247769
0.000248481
0.000249257
0.000250096
0.000250993
0.000251946
0.000252949
0.000254
0.000255094
0.000256231
0.000257402
0.000258584
0.000259766
0.000260945
0.000262116
0.000263278
0.000264425
0.000265557
0.000266669
0.000267759
0.000268824
0.000269864
0.000270876
0.00027186
0.000272813
0.000273737
0.000274631
0.000275495
0.000276329
0.000277133
0.00027791
0.000278658
0.00027938
0.000280077
0.00028075
0.000281399
0.000282026
0.000282634
0.000283222
0.000283792
0.000284345
0.000284883
0.000285407
0.000285917
0.000286415
0.000286902
0.000287379
0.000287845
0.000288304
0.000288753
0.000289196
0.000289632
0.000290061
0.000290484
0.000290903
0.000291316
0.000291725
0.00029213
0.000292531
0.000292929
0.000293324
0.000293716
0.000294105
0.000294492
0.000294876
0.000295259
0.00029564
0.000296019
0.000296398
0.000296776
0.000297154
0.000297532
0.00029791
0.000298288
0.000298667
0.000299047
0.000299428
0.00029981
0.000300194
0.000300579
0.000300967
0.000301356
0.000301748
0.000302142
0.000302539
0.000302938
0.00030334
0.000303745
0.000304152
0.000304562
0.000304974
0.000305389
0.000305806
0.000306224
0.000306644
0.000307063
0.000307482
0.0003079
0.000308312
0.000308721
0.000308956
0.00156617
0.000770996
0.000561767
0.000459785
0.000397284
0.000354082
0.000321934
0.000296795
0.000276425
0.000259475
0.000245075
0.00023264
0.000221757
0.000212126
0.000203523
0.000195778
0.000188758
0.000182357
0.00017649
0.00017109
0.000166098
0.000161467
0.000157158
0.000153137
0.000149374
0.000145845
0.000142529
0.000139407
0.000136462
0.00013368
0.000131048
0.000128555
0.00012619
0.000123945
0.000121812
0.000119783
0.000117851
0.00011601
0.000114256
0.000112583
0.000110987
0.000109463
0.000108008
0.000106619
0.000105293
0.000104028
0.000102819
0.000101666
0.000100564
9.95127e-005
9.8509e-005
9.75515e-005
9.66387e-005
9.5769e-005
9.49411e-005
9.41537e-005
9.34055e-005
9.2696e-005
9.20241e-005
9.13888e-005
9.07895e-005
9.02254e-005
8.9696e-005
8.92008e-005
8.87393e-005
8.83112e-005
8.79161e-005
8.75538e-005
8.72239e-005
8.69262e-005
8.66604e-005
8.6426e-005
8.62222e-005
8.58174e-005
8.50015e-005
8.42417e-005
8.35344e-005
8.28774e-005
8.22687e-005
8.17069e-005
8.11905e-005
8.07185e-005
8.02898e-005
7.99038e-005
7.95596e-005
7.92566e-005
7.89955e-005
7.87746e-005
7.85926e-005
7.84491e-005
7.83439e-005
7.82767e-005
7.8247e-005
7.82545e-005
7.82986e-005
7.83791e-005
7.84952e-005
7.86464e-005
7.88319e-005
7.9051e-005
7.93025e-005
7.95855e-005
7.98988e-005
8.02408e-005
8.06101e-005
8.1005e-005
8.14235e-005
8.18634e-005
8.2323e-005
8.2802e-005
8.33018e-005
8.38158e-005
8.4331e-005
8.48442e-005
8.53554e-005
8.58614e-005
8.63604e-005
8.68522e-005
8.73372e-005
8.78152e-005
8.82858e-005
8.87484e-005
8.92028e-005
8.96486e-005
9.00851e-005
9.0512e-005
9.09291e-005
9.13365e-005
9.17342e-005
9.21224e-005
9.25015e-005
9.28715e-005
9.32329e-005
9.35858e-005
9.39306e-005
9.42674e-005
9.45967e-005
9.49187e-005
9.52338e-005
9.55424e-005
9.58448e-005
9.61413e-005
9.64322e-005
9.67178e-005
9.69985e-005
9.72745e-005
9.7546e-005
9.78134e-005
9.80769e-005
9.83367e-005
9.85931e-005
9.88462e-005
9.90963e-005
9.93436e-005
9.95883e-005
9.98305e-005
0.00010007
0.000100308
0.000100544
0.000100778
0.00010101
0.000101241
0.00010147
0.000101698
0.000101925
0.000102151
0.000102376
0.0001026
0.000102824
0.000103047
0.000103269
0.000103491
0.000103712
0.000103933
0.000104155
0.000104375
0.000104596
0.000104817
0.000105038
0.000105259
0.00010548
0.000105702
0.000105924
0.000106145
0.000106367
0.000106589
0.000106811
0.000107033
0.000107254
0.000107475
0.000107694
0.000107913
0.00010813
0.000108347
0.000108554
0.000108785
0.000108956
0.000109241
0.000109334
0.00010959
4.92792e-005
4.57662e-005
4.25495e-005
3.96014e-005
3.68958e-005
3.44097e-005
3.21225e-005
3.0016e-005
2.80742e-005
2.62825e-005
2.4628e-005
2.30991e-005
2.16853e-005
2.0377e-005
1.91656e-005
1.80433e-005
1.70029e-005
1.6038e-005
1.51426e-005
1.43113e-005
1.3539e-005
1.28214e-005
1.21541e-005
1.15334e-005
1.09557e-005
1.04179e-005
9.91693e-006
9.45006e-006
9.0148e-006
8.60883e-006
8.23002e-006
7.87639e-006
7.54615e-006
7.23762e-006
6.94924e-006
6.67961e-006
6.42741e-006
6.19142e-006
5.97052e-006
5.76368e-006
5.56993e-006
5.38841e-006
5.21828e-006
5.0078e-006
4.7775e-006
4.56437e-006
4.36694e-006
4.18389e-006
4.01402e-006
3.85625e-006
3.70961e-006
3.57321e-006
3.44626e-006
3.32804e-006
3.2179e-006
3.11522e-006
3.01947e-006
2.93016e-006
2.84683e-006
2.76909e-006
2.69655e-006
2.62886e-006
2.56573e-006
2.50686e-006
2.452e-006
2.40091e-006
2.35338e-006
2.3092e-006
2.2682e-006
2.23021e-006
2.19508e-006
2.16265e-006
2.13277e-006
2.10491e-006
2.07817e-006
2.05259e-006
2.02818e-006
2.00497e-006
1.98296e-006
1.96219e-006
1.94266e-006
1.92437e-006
1.90734e-006
1.89156e-006
1.87704e-006
1.86377e-006
1.85176e-006
1.84099e-006
1.83146e-006
1.82317e-006
1.81611e-006
1.81027e-006
1.80565e-006
1.80225e-006
1.80005e-006
1.79905e-006
1.79923e-006
1.80061e-006
1.80315e-006
1.80686e-006
1.81171e-006
1.8177e-006
1.82481e-006
1.83302e-006
1.8423e-006
1.85264e-006
1.86399e-006
1.87635e-006
1.88967e-006
1.90394e-006
1.91918e-006
1.93567e-006
1.95435e-006
1.97497e-006
1.99704e-006
2.02025e-006
2.04427e-006
2.06861e-006
2.09308e-006
2.1175e-006
2.14177e-006
2.16579e-006
2.18949e-006
2.21284e-006
2.23581e-006
2.25839e-006
2.28053e-006
2.30223e-006
2.32349e-006
2.3443e-006
2.36468e-006
2.38463e-006
2.40417e-006
2.42332e-006
2.44209e-006
2.4605e-006
2.47858e-006
2.49634e-006
2.51379e-006
2.53094e-006
2.54782e-006
2.56444e-006
2.58082e-006
2.59696e-006
2.61289e-006
2.62861e-006
2.64415e-006
2.65951e-006
2.67471e-006
2.68975e-006
2.70466e-006
2.71944e-006
2.73409e-006
2.74864e-006
2.76309e-006
2.77745e-006
2.79173e-006
2.80594e-006
2.82007e-006
2.83416e-006
2.84819e-006
2.86217e-006
2.87613e-006
2.89005e-006
2.90394e-006
2.91782e-006
2.93169e-006
2.94554e-006
2.95939e-006
2.97324e-006
2.98709e-006
3.00095e-006
3.01482e-006
3.02871e-006
3.04261e-006
3.05653e-006
3.07047e-006
3.08443e-006
3.09841e-006
3.11242e-006
3.12644e-006
3.14049e-006
3.15455e-006
3.16862e-006
3.18269e-006
3.19676e-006
3.21082e-006
3.22485e-006
3.23882e-006
3.25273e-006
3.26653e-006
3.28021e-006
3.2937e-006
3.30698e-006
3.31995e-006
3.33268e-006
3.34489e-006
3.35705e-006
3.36784e-006
3.37922e-006
)
;

boundaryField
{
    walls
    {
        type            nutkWallFunction;
        Cmu             0.09;
        kappa           0.41;
        E               9.8;
        value           uniform 0;
    }
    inlet
    {
        type            calculated;
        value           nonuniform List<scalar> 
20
(
0.00344829
0.0054871
0.01
0.01
0.01
0.01
0.01
0.01
0.01
0.01
0.01
0.01
0.01
0.01
0.01
0.01
0.01
0.01
0.0097078
0.001125
)
;
    }
    outlet
    {
        type            calculated;
        value           nonuniform List<scalar> 
20
(
3.34553e-006
0.000109493
0.000310075
0.000596264
0.000972179
0.00140554
0.00185136
0.00225587
0.00256411
0.00273045
0.00272902
0.00256002
0.00224981
0.00184432
0.0013987
0.000966685
0.000592912
0.000308956
0.000109606
3.37941e-006
)
;
    }
    frontAndBack
    {
        type            empty;
    }
}


// ************************************************************************* //
