/*--------------------------------*- C++ -*----------------------------------*\
| =========                 |                                                 |
| \\      /  F ield         | OpenFOAM: The Open Source CFD Toolbox           |
|  \\    /   O peration     | Version:  5.x                                   |
|   \\  /    A nd           | Web:      www.OpenFOAM.org                      |
|    \\/     M anipulation  |                                                 |
\*---------------------------------------------------------------------------*/
/*   Windows 32 and 64 bit porting by blueCAPE: http://www.bluecape.com.pt   *\
|  Based on Windows porting (2.0.x v4) by Symscape: http://www.symscape.com   |
\*---------------------------------------------------------------------------*/
FoamFile
{
    version     2.0;
    format      ascii;
    class       volScalarField;
    location    "2701";
    object      k;
}
// * * * * * * * * * * * * * * * * * * * * * * * * * * * * * * * * * * * * * //

dimensions      [0 2 -2 0 0 0 0];

internalField   nonuniform List<scalar> 
4000
(
0.00963406
0.00893208
0.00829634
0.00771707
0.00718732
0.0067016
0.00625535
0.0058447
0.00546628
0.00511715
0.00479471
0.00449662
0.00422081
0.00396541
0.00372873
0.00350924
0.00330556
0.00311644
0.00294073
0.00277739
0.00262546
0.00248407
0.00235242
0.00222978
0.00211548
0.0020089
0.00190947
0.00181666
0.00173001
0.00164906
0.0015734
0.00150266
0.00143649
0.00137457
0.0013166
0.00126231
0.00121144
0.00116376
0.00111905
0.00107711
0.00103775
0.0010008
0.000966106
0.00093351
0.000902878
0.000874076
0.000846965
0.000821442
0.00079741
0.00077478
0.000753466
0.00073339
0.000714478
0.000696664
0.000679881
0.000664071
0.000649178
0.000635151
0.000621941
0.000609502
0.000597794
0.000586776
0.000576412
0.000566668
0.000557512
0.000548914
0.000540848
0.000533287
0.000526207
0.000519585
0.000513402
0.000507637
0.000502273
0.000497293
0.00049268
0.00048842
0.0004845
0.000480905
0.00047754
0.000474215
0.000470946
0.000467742
0.000464615
0.000461571
0.000458615
0.000455753
0.000452988
0.000450322
0.000447757
0.000445294
0.000442933
0.000440675
0.00043852
0.000436466
0.000434514
0.000432661
0.000430908
0.000429252
0.000427692
0.000426227
0.000424856
0.000423576
0.000422386
0.000421285
0.00042027
0.00041934
0.000418493
0.000417727
0.00041704
0.000416431
0.000415898
0.000415439
0.000415054
0.00041474
0.000414496
0.00041432
0.000414212
0.00041417
0.000414193
0.00041428
0.000414429
0.00041464
0.000414911
0.000415243
0.000415632
0.00041608
0.000416584
0.000417145
0.000417761
0.000418431
0.000419156
0.000419933
0.000420763
0.000421645
0.000422578
0.000423562
0.000424596
0.00042568
0.000426812
0.000427993
0.000429222
0.000430498
0.000431821
0.000433191
0.000434607
0.000436069
0.000437577
0.000439129
0.000440725
0.000442366
0.000444051
0.000445779
0.00044755
0.000449364
0.00045122
0.000453118
0.000455059
0.00045704
0.000459063
0.000461126
0.000463231
0.000465375
0.000467559
0.000469784
0.000472047
0.00047435
0.000476692
0.000479072
0.000481491
0.000483949
0.000486444
0.000488976
0.000491547
0.000494154
0.000496799
0.000499481
0.000502199
0.000504953
0.000507744
0.000510571
0.000513433
0.000516331
0.000519265
0.000522233
0.000525237
0.000528275
0.000531347
0.000534454
0.000537595
0.000540769
0.000543977
0.000547217
0.00055049
0.000553796
0.000557132
0.000560504
0.000563898
0.000567323
0.000570775
0.000574169
0.0099726
0.0098802
0.00976441
0.00963399
0.00949362
0.00934649
0.00919495
0.00904074
0.00888529
0.00872968
0.00857477
0.00842121
0.00826955
0.00812023
0.00797359
0.0078299
0.00768938
0.00755217
0.00741837
0.00728807
0.00716132
0.00703814
0.00691854
0.00680252
0.00669006
0.00658112
0.00647567
0.00637365
0.00627502
0.00617971
0.00608767
0.00599883
0.00591312
0.00583048
0.00575084
0.00567414
0.0056003
0.00552926
0.00546094
0.00539529
0.00533223
0.00527172
0.00521368
0.00515805
0.00510478
0.00505382
0.00500512
0.00495864
0.0049143
0.00487207
0.00483189
0.00479371
0.00475748
0.00472316
0.0046907
0.00466008
0.00463124
0.00460416
0.00457879
0.00455511
0.00453308
0.00451267
0.00449386
0.0044766
0.00446089
0.00444669
0.00443398
0.00442274
0.00441295
0.00440458
0.00439762
0.00439205
0.00438785
0.00438501
0.00438351
0.00438333
0.00438447
0.00438688
0.00439027
0.00439397
0.00439799
0.0044023
0.00440692
0.00441185
0.00441707
0.0044226
0.00442843
0.00443457
0.00444102
0.00444777
0.00445483
0.00446221
0.00446989
0.00447789
0.0044862
0.00449482
0.00450376
0.00451301
0.00452258
0.00453247
0.00454268
0.00455319
0.004564
0.00457512
0.00458654
0.00459825
0.00461026
0.00462255
0.00463514
0.00464802
0.00466118
0.00467463
0.00468836
0.00470237
0.00471667
0.00473124
0.00474609
0.00476122
0.00477662
0.0047923
0.00480825
0.00482447
0.00484096
0.00485772
0.00487474
0.00489203
0.00490958
0.00492739
0.00494547
0.0049638
0.00498238
0.00500122
0.00502032
0.00503966
0.00505925
0.00507909
0.00509918
0.00511951
0.00514007
0.00516088
0.00518192
0.0052032
0.00522471
0.00524645
0.00526841
0.0052906
0.00531301
0.00533564
0.00535849
0.00538155
0.00540483
0.00542831
0.005452
0.00547589
0.00549998
0.00552427
0.00554875
0.00557343
0.00559829
0.00562334
0.00564857
0.00567399
0.00569957
0.00572534
0.00575127
0.00577736
0.00580362
0.00583004
0.00585662
0.00588335
0.00591023
0.00593726
0.00596443
0.00599174
0.00601919
0.00604677
0.00607449
0.00610233
0.00613029
0.00615837
0.00618657
0.00621488
0.0062433
0.00627183
0.00630047
0.0063292
0.00635803
0.00638695
0.00641596
0.00644506
0.00647424
0.0065035
0.00653284
0.00656224
0.00659173
0.00662121
0.00665086
0.00668046
0.00671016
0.00673951
0.009992
0.00996555
0.00992912
0.00988516
0.00983514
0.00978009
0.0097208
0.00965791
0.00959198
0.0095235
0.0094529
0.00938053
0.00930673
0.0092318
0.00915602
0.00907962
0.0090028
0.00892577
0.00884867
0.00877166
0.00869488
0.00861845
0.00854246
0.00846701
0.00839219
0.00831806
0.00824469
0.00817214
0.00810047
0.0080297
0.00795989
0.00789106
0.00782324
0.00775647
0.00769075
0.00762611
0.00756255
0.0075001
0.00743875
0.00737852
0.00731941
0.00726142
0.00720455
0.00714881
0.00709418
0.00704067
0.00698827
0.00693697
0.00688676
0.00683765
0.00678961
0.00674265
0.00669675
0.0066519
0.0066081
0.00656535
0.00652362
0.00648291
0.00644321
0.00640452
0.00636682
0.00633011
0.00629437
0.0062596
0.00622578
0.00619292
0.006161
0.00613001
0.00609994
0.0060708
0.00604256
0.00601522
0.00598878
0.00596323
0.00593856
0.00591476
0.00589183
0.00586975
0.00584854
0.00582818
0.00580865
0.0057899
0.00577189
0.00575458
0.00573794
0.00572195
0.00570657
0.00569179
0.00567758
0.00566393
0.00565082
0.00563823
0.00562615
0.00561457
0.00560347
0.00559284
0.00558267
0.00557296
0.00556369
0.00555485
0.00554625
0.00553788
0.00552976
0.00552189
0.00551426
0.00550688
0.00549975
0.00549287
0.00548624
0.00547986
0.00547372
0.00546784
0.0054622
0.0054568
0.00545165
0.00544674
0.00544207
0.00543763
0.00543344
0.00542948
0.00542575
0.00542225
0.00541898
0.00541594
0.00541312
0.00541052
0.00540815
0.00540599
0.00540405
0.00540232
0.00540081
0.0053995
0.0053984
0.00539751
0.00539682
0.00539633
0.00539605
0.00539595
0.00539606
0.00539636
0.00539684
0.00539752
0.00539839
0.00539944
0.00540067
0.00540209
0.00540368
0.00540545
0.0054074
0.00540952
0.00541182
0.00541428
0.00541692
0.00541972
0.00542268
0.00542581
0.0054291
0.00543255
0.00543616
0.00543993
0.00544385
0.00544793
0.00545215
0.00545653
0.00546106
0.00546573
0.00547055
0.00547552
0.00548063
0.00548588
0.00549127
0.0054968
0.00550247
0.00550828
0.00551422
0.0055203
0.00552651
0.00553285
0.00553933
0.00554593
0.00555267
0.00555954
0.00556653
0.00557365
0.0055809
0.00558828
0.00559578
0.00560341
0.00561117
0.00561905
0.00562707
0.00563521
0.00564349
0.0056519
0.00566045
0.00566915
0.005678
0.00568707
0.0056962
0.0057055
0.0099949
0.00998162
0.00996381
0.00994207
0.0099169
0.00988872
0.00985785
0.00982457
0.00978912
0.00975172
0.00971257
0.00967182
0.00962965
0.0095862
0.00954159
0.00949595
0.0094494
0.00940203
0.00935395
0.00930525
0.00925601
0.00920633
0.00915628
0.00910593
0.00905535
0.00900459
0.00895371
0.00890276
0.0088518
0.00880087
0.00875001
0.00869927
0.00864867
0.00859827
0.00854807
0.00849813
0.00844845
0.00839907
0.00835001
0.00830129
0.00825294
0.00820495
0.00815736
0.00811014
0.00806331
0.0080169
0.00797091
0.00792536
0.00788025
0.00783559
0.00779139
0.00774765
0.00770439
0.0076616
0.0076193
0.00757748
0.00753616
0.00749533
0.007455
0.00741516
0.00737583
0.007337
0.00729867
0.00726085
0.00722353
0.00718672
0.00715042
0.00711462
0.00707932
0.00704453
0.00701025
0.00697647
0.0069432
0.00691043
0.00687816
0.00684639
0.00681512
0.00678435
0.00675407
0.00672428
0.00669498
0.00666617
0.00663783
0.00660995
0.00658253
0.00655556
0.00652903
0.00650293
0.00647726
0.006452
0.00642714
0.00640269
0.00637862
0.00635494
0.00633164
0.00630871
0.00628615
0.00626394
0.00624208
0.00622057
0.00619939
0.00617854
0.00615799
0.00613774
0.00611778
0.00609811
0.00607872
0.00605959
0.00604074
0.00602214
0.00600381
0.00598572
0.00596789
0.0059503
0.00593295
0.00591584
0.00589897
0.00588233
0.00586592
0.00584973
0.00583377
0.00581804
0.00580252
0.00578722
0.00577214
0.00575727
0.00574261
0.00572816
0.00571392
0.00569988
0.00568605
0.00567242
0.00565899
0.00564576
0.00563272
0.00561988
0.00560724
0.00559478
0.00558252
0.00557044
0.00555856
0.00554685
0.00553534
0.005524
0.00551285
0.00550188
0.00549109
0.00548047
0.00547003
0.00545977
0.00544969
0.00543977
0.00543003
0.00542046
0.00541106
0.00540183
0.00539276
0.00538387
0.00537513
0.00536657
0.00535817
0.00534993
0.00534185
0.00533394
0.00532619
0.00531859
0.00531116
0.00530388
0.00529676
0.0052898
0.005283
0.00527635
0.00526986
0.00526352
0.00525733
0.0052513
0.00524542
0.0052397
0.00523413
0.00522871
0.00522344
0.00521832
0.00521336
0.00520855
0.00520389
0.00519938
0.00519502
0.00519082
0.00518677
0.00518288
0.00517914
0.00517555
0.00517213
0.00516887
0.00516577
0.00516286
0.0051601
0.00515759
0.00515515
0.00515314
0.00999595
0.00998698
0.00997557
0.00996184
0.00994599
0.00992818
0.00990858
0.00988732
0.00986453
0.00984031
0.00981476
0.00978797
0.00976003
0.00973102
0.00970099
0.00967003
0.00963819
0.00960553
0.00957211
0.00953799
0.00950321
0.00946784
0.00943191
0.00939547
0.00935857
0.00932124
0.00928353
0.00924547
0.0092071
0.00916846
0.00912958
0.0090905
0.00905124
0.00901184
0.00897231
0.00893269
0.00889301
0.00885328
0.00881352
0.00877377
0.00873402
0.00869429
0.00865462
0.008615
0.00857546
0.00853601
0.00849666
0.00845742
0.00841831
0.00837933
0.0083405
0.00830183
0.00826333
0.00822501
0.00818687
0.00814892
0.00811118
0.00807365
0.00803634
0.00799925
0.00796239
0.00792576
0.00788937
0.00785323
0.00781733
0.0077817
0.00774631
0.00771119
0.00767634
0.00764176
0.00760744
0.0075734
0.00753964
0.00750616
0.00747297
0.00744005
0.00740743
0.00737509
0.00734304
0.00731128
0.00727981
0.00724864
0.00721775
0.00718716
0.00715685
0.00712683
0.0070971
0.00706766
0.00703849
0.00700961
0.006981
0.00695267
0.00692462
0.00689683
0.00686931
0.00684206
0.00681507
0.00678834
0.00676187
0.00673565
0.00670969
0.00668397
0.0066585
0.00663327
0.00660828
0.00658352
0.00655899
0.00653469
0.00651062
0.00648676
0.00646312
0.0064397
0.00641649
0.00639349
0.00637069
0.0063481
0.00632571
0.00630352
0.00628153
0.00625973
0.00623813
0.00621672
0.0061955
0.00617446
0.00615361
0.00613295
0.00611247
0.00609217
0.00607206
0.00605212
0.00603236
0.00601277
0.00599336
0.00597412
0.00595506
0.00593616
0.00591743
0.00589888
0.00588049
0.00586226
0.0058442
0.00582631
0.00580858
0.00579101
0.0057736
0.00575635
0.00573926
0.00572233
0.00570555
0.00568893
0.00567247
0.00565616
0.00564001
0.00562401
0.00560816
0.00559246
0.00557692
0.00556152
0.00554627
0.00553118
0.00551623
0.00550143
0.00548677
0.00547226
0.0054579
0.00544369
0.00542962
0.00541569
0.00540191
0.00538827
0.00537477
0.00536142
0.00534821
0.00533515
0.00532222
0.00530944
0.0052968
0.0052843
0.00527194
0.00525973
0.00524765
0.00523572
0.00522393
0.00521228
0.00520077
0.00518941
0.00517818
0.0051671
0.00515617
0.00514538
0.00513474
0.00512424
0.00511389
0.0051037
0.00509365
0.00508377
0.00507404
0.00506449
0.0050551
0.00504647
0.00999648
0.0099894
0.00998084
0.00997078
0.00995927
0.00994638
0.00993219
0.00991678
0.0099002
0.00988252
0.0098638
0.00984409
0.00982344
0.00980188
0.00977947
0.00975624
0.00973223
0.00970748
0.00968201
0.00965588
0.00962911
0.00960173
0.00957378
0.00954529
0.00951628
0.00948679
0.00945684
0.00942647
0.0093957
0.00936455
0.00933306
0.00930125
0.00926913
0.00923673
0.00920408
0.00917119
0.00913809
0.00910479
0.00907132
0.0090377
0.00900393
0.00897004
0.00893604
0.00890194
0.00886777
0.00883352
0.00879922
0.00876487
0.00873049
0.00869609
0.00866168
0.00862726
0.00859286
0.00855848
0.00852413
0.00848982
0.00845556
0.00842135
0.00838721
0.00835313
0.00831914
0.00828523
0.00825142
0.0082177
0.00818408
0.00815058
0.00811719
0.00808393
0.00805079
0.00801778
0.00798491
0.00795217
0.00791959
0.00788715
0.00785486
0.00782273
0.00779076
0.00775895
0.00772731
0.00769584
0.00766454
0.00763341
0.00760246
0.00757168
0.00754108
0.00751067
0.00748044
0.00745039
0.00742053
0.00739085
0.00736135
0.00733204
0.00730292
0.00727398
0.00724523
0.00721667
0.00718829
0.0071601
0.00713209
0.00710427
0.00707663
0.00704917
0.0070219
0.00699481
0.0069679
0.00694117
0.00691462
0.00688825
0.00686205
0.00683603
0.00681018
0.0067845
0.006759
0.00673367
0.0067085
0.0066835
0.00665867
0.006634
0.0066095
0.00658516
0.00656098
0.00653697
0.00651311
0.00648941
0.00646587
0.00644248
0.00641926
0.00639618
0.00637326
0.00635049
0.00632788
0.00630541
0.0062831
0.00626094
0.00623892
0.00621705
0.00619533
0.00617376
0.00615233
0.00613104
0.0061099
0.0060889
0.00606805
0.00604733
0.00602676
0.00600633
0.00598604
0.00596589
0.00594587
0.005926
0.00590626
0.00588666
0.00586719
0.00584787
0.00582867
0.00580961
0.00579069
0.00577189
0.00575324
0.00573471
0.00571632
0.00569806
0.00567993
0.00566193
0.00564406
0.00562632
0.00560872
0.00559124
0.00557389
0.00555667
0.00553958
0.00552262
0.00550579
0.00548909
0.00547251
0.00545607
0.00543975
0.00542356
0.0054075
0.00539157
0.00537576
0.00536009
0.00534454
0.00532913
0.00531384
0.00529868
0.00528365
0.00526876
0.00525399
0.00523936
0.00522486
0.0052105
0.00519627
0.00518218
0.00516823
0.00515442
0.00514074
0.00512723
0.00511393
0.00510179
0.00999677
0.00999067
0.00998357
0.00997543
0.00996623
0.00995598
0.00994473
0.00993249
0.00991932
0.00990525
0.00989032
0.00987454
0.00985796
0.00984061
0.0098225
0.00980366
0.00978412
0.0097639
0.00974303
0.00972153
0.00969943
0.00967675
0.00965351
0.00962973
0.00960545
0.00958067
0.00955542
0.00952973
0.00950362
0.0094771
0.00945019
0.00942292
0.00939531
0.00936736
0.0093391
0.00931055
0.00928173
0.00925265
0.00922332
0.00919376
0.00916399
0.00913403
0.00910387
0.00907355
0.00904306
0.00901243
0.00898166
0.00895076
0.00891976
0.00888865
0.00885745
0.00882617
0.00879481
0.00876339
0.00873192
0.0087004
0.00866884
0.00863726
0.00860565
0.00857403
0.0085424
0.00851078
0.00847916
0.00844756
0.00841597
0.00838442
0.0083529
0.00832142
0.00828998
0.00825859
0.00822726
0.00819599
0.00816478
0.00813365
0.00810259
0.0080716
0.0080407
0.00800989
0.00797916
0.00794853
0.007918
0.00788757
0.00785724
0.00782702
0.00779691
0.00776691
0.00773702
0.00770726
0.00767761
0.00764808
0.00761868
0.0075894
0.00756025
0.00753122
0.00750233
0.00747357
0.00744493
0.00741643
0.00738807
0.00735984
0.00733174
0.00730379
0.00727596
0.00724828
0.00722073
0.00719332
0.00716605
0.00713892
0.00711192
0.00708506
0.00705834
0.00703176
0.00700532
0.00697901
0.00695284
0.00692681
0.00690091
0.00687516
0.00684953
0.00682405
0.00679869
0.00677348
0.0067484
0.00672345
0.00669864
0.00667396
0.00664941
0.006625
0.00660071
0.00657656
0.00655255
0.00652866
0.0065049
0.00648128
0.00645778
0.00643441
0.00641118
0.00638807
0.00636508
0.00634223
0.0063195
0.0062969
0.00627443
0.00625208
0.00622986
0.00620777
0.00618579
0.00616395
0.00614223
0.00612063
0.00609915
0.0060778
0.00605657
0.00603546
0.00601448
0.00599361
0.00597287
0.00595225
0.00593175
0.00591137
0.00589111
0.00587097
0.00585095
0.00583105
0.00581127
0.0057916
0.00577206
0.00575264
0.00573333
0.00571414
0.00569508
0.00567613
0.0056573
0.00563858
0.00561999
0.00560152
0.00558316
0.00556492
0.0055468
0.00552881
0.00551093
0.00549317
0.00547553
0.00545801
0.00544061
0.00542333
0.00540618
0.00538914
0.00537223
0.00535545
0.00533879
0.00532225
0.00530585
0.00528957
0.00527342
0.0052574
0.00524151
0.00522578
0.00521031
0.00519638
0.00999693
0.00999135
0.00998506
0.00997798
0.00997007
0.00996132
0.00995174
0.00994134
0.00993013
0.00991815
0.0099054
0.00989191
0.00987771
0.0098628
0.0098472
0.00983094
0.00981403
0.00979649
0.00977834
0.00975959
0.00974028
0.0097204
0.00969999
0.00967906
0.00965762
0.00963571
0.00961333
0.00959051
0.00956725
0.00954359
0.00951953
0.00949509
0.00947028
0.00944513
0.00941965
0.00939385
0.00936774
0.00934135
0.00931469
0.00928776
0.00926059
0.00923318
0.00920555
0.00917771
0.00914967
0.00912145
0.00909304
0.00906447
0.00903575
0.00900687
0.00897786
0.00894873
0.00891947
0.00889011
0.00886065
0.00883109
0.00880145
0.00877173
0.00874195
0.0087121
0.0086822
0.00865226
0.00862227
0.00859225
0.00856221
0.00853214
0.00850206
0.00847197
0.00844188
0.00841179
0.00838171
0.00835165
0.0083216
0.00829157
0.00826157
0.0082316
0.00820167
0.00817178
0.00814193
0.00811213
0.00808238
0.00805269
0.00802306
0.00799349
0.00796399
0.00793456
0.0079052
0.00787591
0.0078467
0.00781758
0.00778854
0.00775958
0.00773071
0.00770193
0.00767325
0.00764466
0.00761616
0.00758776
0.00755946
0.00753127
0.00750317
0.00747518
0.00744729
0.00741951
0.00739184
0.00736428
0.00733682
0.00730947
0.00728224
0.00725512
0.0072281
0.00720121
0.00717442
0.00714775
0.00712119
0.00709475
0.00706842
0.00704221
0.00701611
0.00699013
0.00696426
0.00693851
0.00691288
0.00688736
0.00686196
0.00683667
0.0068115
0.00678645
0.00676151
0.00673669
0.00671198
0.00668739
0.00666292
0.00663856
0.00661432
0.00659019
0.00656618
0.00654229
0.00651851
0.00649484
0.00647129
0.00644786
0.00642454
0.00640133
0.00637824
0.00635526
0.00633239
0.00630964
0.006287
0.00626448
0.00624207
0.00621977
0.00619759
0.00617551
0.00615355
0.0061317
0.00610997
0.00608834
0.00606683
0.00604543
0.00602414
0.00600297
0.0059819
0.00596095
0.00594011
0.00591938
0.00589876
0.00587825
0.00585785
0.00583757
0.00581739
0.00579733
0.00577738
0.00575754
0.00573781
0.0057182
0.00569869
0.0056793
0.00566003
0.00564086
0.00562181
0.00560288
0.00558405
0.00556535
0.00554676
0.00552828
0.00550992
0.00549168
0.00547356
0.00545556
0.00543767
0.00541991
0.00540227
0.00538476
0.00536736
0.0053501
0.00533296
0.00531598
0.00529932
0.00528449
0.00999701
0.0099917
0.00998583
0.00997932
0.00997211
0.00996418
0.00995552
0.00994614
0.00993603
0.00992521
0.0099137
0.0099015
0.00988864
0.00987511
0.00986094
0.00984614
0.00983073
0.00981471
0.00979811
0.00978094
0.00976322
0.00974496
0.00972617
0.00970689
0.00968711
0.00966685
0.00964614
0.00962499
0.00960341
0.00958142
0.00955903
0.00953626
0.00951312
0.00948963
0.0094658
0.00944164
0.00941717
0.0093924
0.00936734
0.00934201
0.00931641
0.00929056
0.00926447
0.00923816
0.00921162
0.00918488
0.00915794
0.00913081
0.0091035
0.00907603
0.00904839
0.00902061
0.00899268
0.00896463
0.00893644
0.00890814
0.00887974
0.00885123
0.00882262
0.00879394
0.00876517
0.00873632
0.00870742
0.00867845
0.00864943
0.00862036
0.00859125
0.00856211
0.00853294
0.00850374
0.00847452
0.00844529
0.00841605
0.00838681
0.00835757
0.00832833
0.0082991
0.00826989
0.00824069
0.00821152
0.00818238
0.00815326
0.00812418
0.00809513
0.00806613
0.00803717
0.00800826
0.0079794
0.0079506
0.00792185
0.00789316
0.00786453
0.00783597
0.00780748
0.00777905
0.0077507
0.00772242
0.00769422
0.00766609
0.00763805
0.00761009
0.00758221
0.00755441
0.00752671
0.00749909
0.00747156
0.00744412
0.00741678
0.00738952
0.00736236
0.0073353
0.00730833
0.00728147
0.00725469
0.00722802
0.00720145
0.00717498
0.0071486
0.00712233
0.00709616
0.0070701
0.00704414
0.00701828
0.00699252
0.00696687
0.00694132
0.00691588
0.00689054
0.00686531
0.00684018
0.00681516
0.00679025
0.00676544
0.00674073
0.00671614
0.00669165
0.00666726
0.00664298
0.00661881
0.00659475
0.00657079
0.00654694
0.00652319
0.00649955
0.00647602
0.00645259
0.00642927
0.00640606
0.00638295
0.00635995
0.00633706
0.00631427
0.00629158
0.00626901
0.00624654
0.00622417
0.00620191
0.00617976
0.00615772
0.00613578
0.00611394
0.00609222
0.00607059
0.00604908
0.00602767
0.00600637
0.00598517
0.00596408
0.0059431
0.00592222
0.00590145
0.00588079
0.00586024
0.00583979
0.00581945
0.00579922
0.00577909
0.00575908
0.00573918
0.00571938
0.0056997
0.00568012
0.00566066
0.00564131
0.00562207
0.00560294
0.00558393
0.00556503
0.00554625
0.00552758
0.00550904
0.00549061
0.0054723
0.00545411
0.00543604
0.0054181
0.00540029
0.00538263
0.00536534
0.00535006
0.00999704
0.00999182
0.00998612
0.00997983
0.00997292
0.00996534
0.00995709
0.00994815
0.00993854
0.00992825
0.0099173
0.00990569
0.00989344
0.00988055
0.00986704
0.00985292
0.0098382
0.00982289
0.00980702
0.00979059
0.00977361
0.00975611
0.00973809
0.00971958
0.00970059
0.00968112
0.00966121
0.00964085
0.00962008
0.00959889
0.0095773
0.00955534
0.00953301
0.00951032
0.00948729
0.00946393
0.00944025
0.00941627
0.009392
0.00936745
0.00934263
0.00931755
0.00929223
0.00926667
0.00924088
0.00921488
0.00918867
0.00916227
0.00913568
0.00910891
0.00908197
0.00905488
0.00902763
0.00900024
0.00897271
0.00894506
0.00891728
0.0088894
0.00886141
0.00883332
0.00880514
0.00877688
0.00874854
0.00872013
0.00869166
0.00866312
0.00863453
0.0086059
0.00857722
0.00854851
0.00851976
0.00849099
0.0084622
0.0084334
0.00840458
0.00837575
0.00834693
0.0083181
0.00828928
0.00826048
0.00823169
0.00820291
0.00817416
0.00814543
0.00811674
0.00808808
0.00805945
0.00803086
0.00800232
0.00797382
0.00794537
0.00791696
0.00788862
0.00786033
0.0078321
0.00780393
0.00777582
0.00774778
0.0077198
0.0076919
0.00766407
0.00763631
0.00760862
0.00758102
0.00755349
0.00752604
0.00749867
0.00747138
0.00744418
0.00741707
0.00739004
0.0073631
0.00733624
0.00730948
0.00728281
0.00725623
0.00722974
0.00720334
0.00717704
0.00715083
0.00712472
0.00709871
0.00707279
0.00704696
0.00702124
0.00699561
0.00697008
0.00694465
0.00691932
0.00689409
0.00686896
0.00684393
0.006819
0.00679417
0.00676944
0.00674481
0.00672029
0.00669586
0.00667154
0.00664732
0.0066232
0.00659918
0.00657527
0.00655145
0.00652774
0.00650414
0.00648063
0.00645723
0.00643393
0.00641073
0.00638763
0.00636464
0.00634175
0.00631896
0.00629628
0.0062737
0.00625122
0.00622884
0.00620657
0.0061844
0.00616234
0.00614037
0.00611851
0.00609676
0.0060751
0.00605356
0.00603211
0.00601077
0.00598953
0.0059684
0.00594737
0.00592645
0.00590563
0.00588492
0.00586431
0.00584381
0.00582342
0.00580313
0.00578295
0.00576288
0.00574291
0.00572306
0.00570331
0.00568368
0.00566415
0.00564474
0.00562544
0.00560625
0.00558718
0.00556822
0.00554938
0.00553066
0.00551205
0.00549357
0.00547521
0.00545697
0.00543885
0.0054209
0.00540334
0.00538787
0.00999701
0.00999176
0.00998601
0.00997969
0.00997274
0.00996513
0.00995685
0.00994789
0.00993826
0.00992797
0.00991702
0.00990541
0.00989317
0.0098803
0.00986682
0.00985272
0.00983803
0.00982276
0.00980693
0.00979054
0.00977361
0.00975615
0.00973819
0.00971973
0.00970079
0.00968138
0.00966152
0.00964123
0.00962052
0.0095994
0.00957788
0.00955598
0.00953372
0.00951111
0.00948815
0.00946487
0.00944127
0.00941737
0.00939318
0.00936871
0.00934397
0.00931897
0.00929373
0.00926825
0.00924255
0.00921663
0.00919051
0.00916419
0.00913769
0.00911101
0.00908416
0.00905715
0.00902999
0.00900269
0.00897525
0.00894768
0.00892
0.0088922
0.0088643
0.00883631
0.00880822
0.00878005
0.0087518
0.00872348
0.00869509
0.00866665
0.00863815
0.0086096
0.00858102
0.0085524
0.00852374
0.00849506
0.00846636
0.00843765
0.00840892
0.00838018
0.00835145
0.00832271
0.00829398
0.00826526
0.00823656
0.00820787
0.00817921
0.00815057
0.00812196
0.00809338
0.00806484
0.00803634
0.00800788
0.00797946
0.00795109
0.00792278
0.00789451
0.0078663
0.00783815
0.00781005
0.00778202
0.00775406
0.00772616
0.00769833
0.00767057
0.00764288
0.00761526
0.00758773
0.00756026
0.00753288
0.00750558
0.00747835
0.00745121
0.00742416
0.00739719
0.0073703
0.0073435
0.0073168
0.00729018
0.00726365
0.00723721
0.00721086
0.0071846
0.00715844
0.00713238
0.0071064
0.00708052
0.00705474
0.00702906
0.00700347
0.00697797
0.00695258
0.00692728
0.00690208
0.00687698
0.00685198
0.00682708
0.00680227
0.00677757
0.00675297
0.00672847
0.00670407
0.00667977
0.00665557
0.00663147
0.00660747
0.00658358
0.00655978
0.00653609
0.0065125
0.00648901
0.00646562
0.00644234
0.00641916
0.00639607
0.0063731
0.00635022
0.00632745
0.00630477
0.0062822
0.00625974
0.00623737
0.00621511
0.00619295
0.0061709
0.00614894
0.00612709
0.00610535
0.0060837
0.00606216
0.00604072
0.00601939
0.00599816
0.00597703
0.00595601
0.0059351
0.00591428
0.00589358
0.00587298
0.00585248
0.00583209
0.00581181
0.00579163
0.00577156
0.0057516
0.00573175
0.00571201
0.00569238
0.00567286
0.00565345
0.00563415
0.00561496
0.00559589
0.00557694
0.0055581
0.00553938
0.00552077
0.00550229
0.00548393
0.00546569
0.00544758
0.00542963
0.00541206
0.00539659
0.00999694
0.00999151
0.00998552
0.00997888
0.00997156
0.00996353
0.00995479
0.00994535
0.0099352
0.00992437
0.00991286
0.00990068
0.00988785
0.00987438
0.00986028
0.00984557
0.00983024
0.00981433
0.00979785
0.00978081
0.00976322
0.0097451
0.00972647
0.00970734
0.00968773
0.00966766
0.00964713
0.00962617
0.00960479
0.009583
0.00956082
0.00953827
0.00951535
0.00949208
0.00946848
0.00944456
0.00942032
0.00939579
0.00937098
0.0093459
0.00932055
0.00929496
0.00926912
0.00924306
0.00921679
0.00919031
0.00916363
0.00913677
0.00910973
0.00908252
0.00905516
0.00902764
0.00899999
0.0089722
0.00894429
0.00891627
0.00888814
0.0088599
0.00883158
0.00880316
0.00877467
0.00874611
0.00871748
0.00868879
0.00866004
0.00863125
0.00860242
0.00857356
0.00854466
0.00851574
0.0084868
0.00845785
0.00842888
0.00839991
0.00837095
0.00834198
0.00831303
0.00828409
0.00825517
0.00822627
0.00819739
0.00816855
0.00813973
0.00811096
0.00808222
0.00805353
0.00802488
0.00799628
0.00796773
0.00793923
0.0079108
0.00788242
0.00785411
0.00782586
0.00779767
0.00776956
0.00774151
0.00771354
0.00768564
0.00765782
0.00763008
0.00760241
0.00757483
0.00754733
0.00751991
0.00749258
0.00746533
0.00743818
0.00741111
0.00738413
0.00735724
0.00733044
0.00730373
0.00727712
0.00725061
0.00722418
0.00719786
0.00717163
0.0071455
0.00711946
0.00709353
0.00706769
0.00704195
0.00701631
0.00699078
0.00696534
0.00694
0.00691477
0.00688964
0.0068646
0.00683968
0.00681485
0.00679013
0.00676551
0.00674099
0.00671658
0.00669227
0.00666806
0.00664396
0.00661996
0.00659607
0.00657228
0.0065486
0.00652502
0.00650154
0.00647817
0.0064549
0.00643174
0.00640869
0.00638573
0.00636288
0.00634014
0.0063175
0.00629497
0.00627254
0.00625022
0.006228
0.00620588
0.00618387
0.00616197
0.00614017
0.00611847
0.00609689
0.0060754
0.00605402
0.00603275
0.00601158
0.00599052
0.00596956
0.00594871
0.00592796
0.00590733
0.00588679
0.00586637
0.00584605
0.00582584
0.00580574
0.00578574
0.00576585
0.00574608
0.00572641
0.00570685
0.0056874
0.00566807
0.00564884
0.00562973
0.00561073
0.00559185
0.00557308
0.00555443
0.00553589
0.00551747
0.00549917
0.005481
0.00546294
0.00544501
0.00542721
0.00540956
0.00539227
0.00537696
0.00999681
0.00999103
0.00998454
0.00997726
0.00996916
0.00996025
0.00995053
0.00994003
0.00992876
0.00991675
0.00990401
0.00989056
0.00987641
0.00986159
0.00984611
0.00982999
0.00981324
0.00979588
0.00977793
0.00975941
0.00974032
0.0097207
0.00970056
0.00967991
0.00965878
0.00963718
0.00961513
0.00959264
0.00956974
0.00954644
0.00952275
0.00949869
0.00947428
0.00944953
0.00942446
0.00939907
0.0093734
0.00934744
0.00932121
0.00929472
0.009268
0.00924104
0.00921387
0.00918648
0.0091589
0.00913114
0.0091032
0.0090751
0.00904685
0.00901845
0.00898991
0.00896126
0.00893248
0.0089036
0.00887462
0.00884555
0.00881639
0.00878716
0.00875787
0.00872851
0.0086991
0.00866964
0.00864015
0.00861062
0.00858106
0.00855148
0.00852189
0.00849229
0.00846268
0.00843308
0.00840348
0.0083739
0.00834433
0.00831479
0.00828527
0.00825578
0.00822632
0.00819691
0.00816753
0.00813821
0.00810893
0.00807971
0.00805054
0.00802144
0.00799239
0.00796342
0.00793451
0.00790567
0.00787691
0.00784822
0.00781961
0.00779108
0.00776264
0.00773427
0.007706
0.00767781
0.00764971
0.0076217
0.00759378
0.00756596
0.00753823
0.00751059
0.00748306
0.00745562
0.00742828
0.00740104
0.0073739
0.00734687
0.00731993
0.0072931
0.00726637
0.00723975
0.00721323
0.00718682
0.00716052
0.00713432
0.00710823
0.00708225
0.00705637
0.00703061
0.00700495
0.0069794
0.00695396
0.00692863
0.00690341
0.00687831
0.00685331
0.00682842
0.00680364
0.00677898
0.00675442
0.00672998
0.00670564
0.00668142
0.00665731
0.00663331
0.00660942
0.00658564
0.00656198
0.00653842
0.00651498
0.00649165
0.00646843
0.00644532
0.00642232
0.00639943
0.00637665
0.00635399
0.00633143
0.00630898
0.00628665
0.00626443
0.00624231
0.00622031
0.00619842
0.00617664
0.00615497
0.0061334
0.00611195
0.00609061
0.00606938
0.00604826
0.00602724
0.00600634
0.00598555
0.00596487
0.00594429
0.00592383
0.00590348
0.00588324
0.00586311
0.00584308
0.00582317
0.00580337
0.00578368
0.0057641
0.00574463
0.00572528
0.00570603
0.0056869
0.00566788
0.00564898
0.00563019
0.00561151
0.00559294
0.0055745
0.00555616
0.00553795
0.00551985
0.00550187
0.00548401
0.00546627
0.00544865
0.00543116
0.00541379
0.00539655
0.00537943
0.00536247
0.00534582
0.00533094
0.0099966
0.0099902
0.00998282
0.0099744
0.00996494
0.00995447
0.00994303
0.00993066
0.0099174
0.00990329
0.00988836
0.00987264
0.00985615
0.00983892
0.00982098
0.00980235
0.00978304
0.0097631
0.00974253
0.00972136
0.00969962
0.00967733
0.0096545
0.00963116
0.00960734
0.00958305
0.00955831
0.00953315
0.00950759
0.00948163
0.00945531
0.00942864
0.00940163
0.00937431
0.0093467
0.0093188
0.00929064
0.00926222
0.00923357
0.0092047
0.00917563
0.00914636
0.00911691
0.00908729
0.00905751
0.0090276
0.00899755
0.00896738
0.0089371
0.00890672
0.00887625
0.0088457
0.00881508
0.0087844
0.00875366
0.00872289
0.00869207
0.00866123
0.00863037
0.0085995
0.00856862
0.00853774
0.00850687
0.00847601
0.00844517
0.00841437
0.00838359
0.00835285
0.00832215
0.00829151
0.00826091
0.00823038
0.00819991
0.00816951
0.00813917
0.00810892
0.00807874
0.00804864
0.00801864
0.00798872
0.0079589
0.00792917
0.00789954
0.00787001
0.00784058
0.00781126
0.00778205
0.00775295
0.00772395
0.00769507
0.0076663
0.00763764
0.0076091
0.00758068
0.00755238
0.00752419
0.00749613
0.00746818
0.00744035
0.00741265
0.00738507
0.00735761
0.00733028
0.00730306
0.00727598
0.00724901
0.00722217
0.00719546
0.00716887
0.00714241
0.00711607
0.00708986
0.00706377
0.00703781
0.00701197
0.00698626
0.00696068
0.00693522
0.00690989
0.00688469
0.00685961
0.00683466
0.00680983
0.00678513
0.00676055
0.0067361
0.00671178
0.00668758
0.00666351
0.00663956
0.00661573
0.00659203
0.00656846
0.00654501
0.00652168
0.00649848
0.0064754
0.00645244
0.00642961
0.0064069
0.00638431
0.00636184
0.0063395
0.00631728
0.00629518
0.0062732
0.00625135
0.00622961
0.006208
0.0061865
0.00616513
0.00614388
0.00612274
0.00610173
0.00608083
0.00606006
0.0060394
0.00601886
0.00599844
0.00597814
0.00595795
0.00593789
0.00591794
0.00589811
0.0058784
0.0058588
0.00583933
0.00581997
0.00580072
0.0057816
0.00576259
0.00574369
0.00572492
0.00570626
0.00568772
0.0056693
0.00565099
0.0056328
0.00561473
0.00559678
0.00557895
0.00556123
0.00554363
0.00552616
0.0055088
0.00549156
0.00547445
0.00545745
0.00544058
0.00542383
0.00540721
0.00539071
0.00537434
0.00535809
0.00534198
0.00532599
0.00531014
0.00529444
0.005279
0.00526504
0.00999625
0.00998878
0.00997984
0.00996941
0.00995756
0.00994438
0.00992995
0.00991435
0.00989766
0.00987993
0.00986121
0.00984157
0.00982104
0.00979967
0.00977749
0.00975455
0.00973088
0.00970652
0.0096815
0.00965586
0.00962962
0.00960282
0.00957548
0.00954765
0.00951934
0.00949058
0.0094614
0.00943183
0.00940189
0.0093716
0.00934099
0.00931008
0.00927889
0.00924744
0.00921575
0.00918385
0.00915174
0.00911945
0.00908699
0.00905439
0.00902165
0.00898879
0.00895583
0.00892278
0.00888965
0.00885646
0.00882322
0.00878994
0.00875663
0.0087233
0.00868997
0.00865665
0.00862333
0.00859004
0.00855678
0.00852356
0.00849039
0.00845728
0.00842423
0.00839125
0.00835835
0.00832553
0.00829281
0.00826018
0.00822765
0.00819523
0.00816293
0.00813074
0.00809868
0.00806674
0.00803494
0.00800327
0.00797175
0.00794037
0.00790914
0.00787806
0.00784713
0.00781636
0.00778574
0.00775529
0.007725
0.00769488
0.00766492
0.00763512
0.00760549
0.00757602
0.00754672
0.00751759
0.00748862
0.00745982
0.00743119
0.00740272
0.00737441
0.00734628
0.0073183
0.0072905
0.00726285
0.00723537
0.00720806
0.0071809
0.00715391
0.00712708
0.00710041
0.0070739
0.00704755
0.00702136
0.00699533
0.00696946
0.00694375
0.00691819
0.00689279
0.00686754
0.00684245
0.00681752
0.00679273
0.00676811
0.00674363
0.00671931
0.00669514
0.00667111
0.00664724
0.00662352
0.00659995
0.00657653
0.00655325
0.00653013
0.00650715
0.00648431
0.00646162
0.00643908
0.00641668
0.00639443
0.00637232
0.00635035
0.00632852
0.00630684
0.00628529
0.00626389
0.00624263
0.00622151
0.00620052
0.00617968
0.00615897
0.0061384
0.00611797
0.00609767
0.00607751
0.00605749
0.0060376
0.00601785
0.00599822
0.00597874
0.00595938
0.00594016
0.00592107
0.00590212
0.00588329
0.0058646
0.00584604
0.0058276
0.0058093
0.00579113
0.00577309
0.00575517
0.00573739
0.00571973
0.0057022
0.0056848
0.00566753
0.00565038
0.00563336
0.00561647
0.00559971
0.00558307
0.00556656
0.00555018
0.00553393
0.0055178
0.0055018
0.00548592
0.00547018
0.00545456
0.00543906
0.0054237
0.00540846
0.00539336
0.00537838
0.00536353
0.00534881
0.00533422
0.00531977
0.00530545
0.00529126
0.00527721
0.0052633
0.00524953
0.0052359
0.00522243
0.00520916
0.00519703
0.00999565
0.00998617
0.00997424
0.00996001
0.0099437
0.0099255
0.00990558
0.00988407
0.00986112
0.00983682
0.00981129
0.00978459
0.00975683
0.00972808
0.0096984
0.00966787
0.00963654
0.00960447
0.00957173
0.00953835
0.0095044
0.00946992
0.00943495
0.00939953
0.00936371
0.00932752
0.009291
0.00925419
0.00921711
0.0091798
0.00914229
0.0091046
0.00906677
0.00902881
0.00899075
0.00895262
0.00891443
0.00887621
0.00883797
0.00879974
0.00876153
0.00872335
0.00868523
0.00864718
0.00860921
0.00857133
0.00853356
0.00849591
0.0084584
0.00842102
0.0083838
0.00834674
0.00830985
0.00827314
0.00823662
0.00820028
0.00816415
0.00812823
0.00809252
0.00805703
0.00802176
0.00798673
0.00795193
0.00791737
0.00788306
0.00784899
0.00781518
0.00778163
0.00774833
0.0077153
0.00768253
0.00765004
0.00761781
0.00758586
0.00755418
0.00752277
0.00749164
0.00746079
0.0074302
0.00739989
0.00736985
0.00734007
0.00731056
0.0072813
0.00725231
0.00722356
0.00719507
0.00716683
0.00713883
0.00711108
0.00708356
0.00705629
0.00702924
0.00700243
0.00697585
0.0069495
0.00692337
0.00689747
0.00687178
0.00684631
0.00682106
0.00679602
0.00677119
0.00674658
0.00672217
0.00669796
0.00667396
0.00665017
0.00662657
0.00660317
0.00657997
0.00655696
0.00653415
0.00651153
0.0064891
0.00646686
0.00644481
0.00642295
0.00640127
0.00637977
0.00635846
0.00633732
0.00631637
0.00629559
0.006275
0.00625457
0.00623433
0.00621425
0.00619435
0.00617462
0.00615507
0.00613568
0.00611646
0.0060974
0.00607851
0.00605979
0.00604123
0.00602284
0.00600461
0.00598654
0.00596863
0.00595088
0.00593328
0.00591585
0.00589857
0.00588145
0.00586449
0.00584768
0.00583102
0.00581452
0.00579817
0.00578197
0.00576592
0.00575002
0.00573427
0.00571867
0.00570322
0.00568791
0.00567276
0.00565775
0.00564288
0.00562816
0.00561359
0.00559916
0.00558487
0.00557073
0.00555673
0.00554287
0.00552915
0.00551557
0.00550214
0.00548885
0.00547569
0.00546268
0.00544981
0.00543708
0.00542448
0.00541203
0.00539972
0.00538754
0.0053755
0.00536361
0.00535185
0.00534023
0.00532875
0.00531741
0.00530622
0.00529516
0.00528425
0.00527347
0.00526284
0.00525236
0.00524202
0.00523184
0.0052218
0.00521193
0.0052022
0.00519266
0.00518326
0.00517467
0.00999454
0.0099805
0.00996187
0.00993932
0.00991344
0.00988465
0.0098533
0.00981966
0.00978398
0.00974648
0.00970735
0.00966677
0.00962491
0.0095819
0.00953788
0.00949298
0.0094473
0.00940096
0.00935403
0.00930662
0.00925881
0.00921065
0.00916224
0.00911362
0.00906485
0.009016
0.0089671
0.00891821
0.00886937
0.00882061
0.00877198
0.0087235
0.00867521
0.00862714
0.00857931
0.00853174
0.00848446
0.00843749
0.00839084
0.00834453
0.00829859
0.00825302
0.00820784
0.00816306
0.00811869
0.00807474
0.00803123
0.00798815
0.00794552
0.00790335
0.00786163
0.00782038
0.0077796
0.00773929
0.00769946
0.00766011
0.00762124
0.00758286
0.00754497
0.00750757
0.00747065
0.00743423
0.00739831
0.00736288
0.00732794
0.0072935
0.00725956
0.00722611
0.00719316
0.0071607
0.00712874
0.00709727
0.00706629
0.00703581
0.00700581
0.00697629
0.00694724
0.00691864
0.00689048
0.00686275
0.00683544
0.00680853
0.00678202
0.00675589
0.00673014
0.00670475
0.00667973
0.00665505
0.00663072
0.00660673
0.00658306
0.00655972
0.0065367
0.00651399
0.00649159
0.00646948
0.00644768
0.00642616
0.00640493
0.00638398
0.00636331
0.00634292
0.00632279
0.00630294
0.00628334
0.006264
0.00624492
0.00622609
0.00620751
0.00618918
0.00617109
0.00615324
0.00613563
0.00611825
0.00610111
0.0060842
0.00606751
0.00605105
0.00603481
0.00601879
0.00600299
0.00598741
0.00597204
0.00595688
0.00594194
0.0059272
0.00591266
0.00589833
0.00588421
0.00587028
0.00585655
0.00584302
0.00582969
0.00581655
0.0058036
0.00579084
0.00577827
0.00576589
0.00575369
0.00574168
0.00572986
0.00571821
0.00570675
0.00569546
0.00568436
0.00567343
0.00566267
0.00565209
0.00564168
0.00563145
0.00562138
0.00561148
0.00560176
0.0055922
0.0055828
0.00557357
0.00556451
0.0055556
0.00554686
0.00553828
0.00552986
0.0055216
0.0055135
0.00550556
0.00549777
0.00549013
0.00548266
0.00547533
0.00546816
0.00546114
0.00545428
0.00544756
0.005441
0.00543458
0.00542832
0.0054222
0.00541623
0.00541041
0.00540474
0.00539921
0.00539383
0.0053886
0.00538351
0.00537857
0.00537377
0.00536913
0.00536462
0.00536027
0.00535606
0.005352
0.00534809
0.00534434
0.00534073
0.00533728
0.00533399
0.00533089
0.00532792
0.0053252
0.00532256
0.00532047
0.00999164
0.00996341
0.00992511
0.00987944
0.009828
0.00977179
0.00971159
0.00964805
0.00958173
0.00951314
0.00944271
0.00937081
0.00929778
0.0092239
0.00914944
0.00907463
0.00899966
0.0089247
0.00884992
0.00877545
0.0087014
0.00862788
0.00855498
0.00848279
0.00841136
0.00834077
0.00827106
0.00820227
0.00813445
0.00806763
0.00800183
0.00793708
0.0078734
0.0078108
0.0077493
0.0076889
0.00762961
0.00757143
0.00751437
0.00745844
0.00740362
0.00734992
0.00729734
0.00724588
0.00719552
0.00714626
0.0070981
0.00705102
0.00700503
0.0069601
0.00691624
0.00687344
0.00683168
0.00679096
0.00675126
0.00671258
0.00667491
0.00663823
0.00660255
0.00656785
0.00653413
0.00650137
0.00646956
0.00643871
0.0064088
0.00637982
0.00635177
0.00632463
0.00629841
0.00627309
0.00624867
0.00622514
0.00620248
0.0061807
0.00615981
0.00613971
0.00612026
0.00610141
0.00608314
0.00606543
0.00604824
0.00603157
0.00601539
0.00599968
0.00598443
0.00596963
0.00595525
0.0059413
0.00592775
0.0059146
0.00590183
0.00588944
0.00587742
0.00586577
0.00585446
0.0058435
0.00583288
0.00582259
0.00581263
0.00580299
0.00579366
0.00578465
0.00577594
0.00576752
0.00575941
0.00575158
0.00574404
0.00573678
0.00572979
0.00572308
0.00571664
0.00571047
0.00570456
0.0056989
0.00569351
0.00568836
0.00568346
0.00567881
0.00567439
0.00567022
0.00566628
0.00566258
0.00565911
0.00565586
0.00565283
0.00565003
0.00564745
0.00564508
0.00564293
0.00564098
0.00563925
0.00563772
0.00563639
0.00563527
0.00563434
0.00563362
0.00563308
0.00563274
0.00563259
0.00563263
0.00563285
0.00563325
0.00563384
0.0056346
0.00563554
0.00563665
0.00563794
0.0056394
0.00564102
0.00564281
0.00564477
0.00564689
0.00564916
0.0056516
0.00565419
0.00565694
0.00565984
0.00566289
0.0056661
0.00566944
0.00567294
0.00567658
0.00568036
0.00568428
0.00568834
0.00569254
0.00569688
0.00570135
0.00570595
0.00571068
0.00571554
0.00572053
0.00572565
0.00573089
0.00573626
0.00574175
0.00574736
0.0057531
0.00575895
0.00576493
0.00577102
0.00577723
0.00578356
0.00579
0.00579656
0.00580323
0.00581002
0.00581693
0.00582394
0.00583108
0.00583832
0.00584569
0.00585317
0.00586077
0.00586849
0.00587633
0.0058843
0.00589247
0.00590069
0.00590931
0.00997384
0.00987094
0.00974774
0.00961188
0.00946744
0.00931731
0.00916364
0.00900814
0.00885211
0.00869658
0.00854239
0.00839018
0.00824044
0.00809358
0.0079499
0.00780962
0.00767292
0.00753991
0.00741067
0.00728525
0.00716366
0.00704591
0.00693196
0.00682179
0.00671534
0.00661256
0.00651339
0.00641776
0.00632559
0.0062368
0.00615133
0.0060691
0.00599002
0.00591402
0.00584102
0.00577095
0.00570372
0.00563926
0.00557751
0.0055184
0.00546185
0.0054078
0.00535618
0.00530695
0.00526004
0.0052154
0.00517297
0.0051327
0.00509452
0.00505838
0.00502424
0.00499205
0.00496175
0.00493332
0.00490671
0.00488189
0.00485882
0.00483746
0.00481779
0.00479977
0.00478338
0.00476857
0.00475533
0.00474363
0.00473343
0.00472473
0.00471749
0.00471169
0.00470732
0.00470435
0.00470277
0.00470255
0.00470366
0.00470567
0.00470802
0.00471072
0.00471374
0.00471709
0.00472075
0.00472473
0.00472903
0.00473363
0.00473854
0.00474377
0.00474929
0.00475513
0.00476127
0.00476771
0.00477446
0.00478151
0.00478887
0.00479652
0.00480447
0.00481273
0.00482128
0.00483013
0.00483928
0.00484872
0.00485846
0.0048685
0.00487882
0.00488944
0.00490035
0.00491155
0.00492304
0.00493481
0.00494687
0.00495921
0.00497184
0.00498475
0.00499793
0.0050114
0.00502514
0.00503916
0.00505345
0.00506801
0.00508284
0.00509794
0.0051133
0.00512893
0.00514482
0.00516097
0.00517738
0.00519405
0.00521097
0.00522814
0.00524556
0.00526322
0.00528114
0.00529929
0.00531769
0.00533632
0.00535519
0.00537429
0.00539363
0.00541319
0.00543298
0.00545299
0.00547322
0.00549367
0.00551433
0.00553521
0.00555629
0.00557758
0.00559908
0.00562077
0.00564266
0.00566475
0.00568703
0.00570949
0.00573214
0.00575498
0.00577799
0.00580118
0.00582454
0.00584806
0.00587176
0.00589562
0.00591963
0.0059438
0.00596812
0.0059926
0.00601721
0.00604197
0.00606687
0.0060919
0.00611706
0.00614235
0.00616777
0.0061933
0.00621895
0.00624472
0.0062706
0.00629658
0.00632267
0.00634885
0.00637514
0.00640152
0.00642798
0.00645454
0.00648117
0.00650789
0.00653468
0.00656155
0.00658849
0.00661549
0.00664255
0.00666968
0.00669686
0.0067241
0.00675138
0.00677871
0.00680609
0.00683348
0.00686093
0.00688833
0.00691586
0.00694328
0.00697067
0.00699738
0.00945781
0.00877483
0.00814994
0.00757768
0.00705293
0.00657113
0.00612823
0.00572066
0.00534525
0.00499913
0.00467978
0.0043849
0.00411242
0.00386047
0.00362736
0.00341156
0.00321167
0.0030264
0.0028546
0.00269521
0.00254726
0.00240985
0.00228217
0.00216348
0.00205309
0.00195038
0.00185476
0.0017657
0.00168271
0.00160536
0.00153321
0.00146589
0.00140305
0.00134437
0.00128954
0.00123829
0.00119037
0.00114554
0.00110358
0.0010643
0.00102751
0.000993039
0.00096073
0.000930416
0.000901955
0.000875228
0.000850125
0.000826543
0.000804388
0.00078357
0.000764008
0.000745624
0.000728347
0.000712111
0.000696854
0.00068252
0.000669053
0.000656406
0.000644533
0.00063339
0.000622938
0.00061314
0.000603961
0.00059537
0.000587336
0.000579833
0.000572834
0.000566316
0.000560255
0.000554632
0.000549427
0.000544622
0.000540199
0.000536013
0.0005319
0.000527873
0.000523941
0.000520113
0.000516395
0.000512791
0.000509304
0.000505937
0.00050269
0.000499565
0.00049656
0.000493676
0.000490911
0.000488265
0.000485735
0.000483319
0.000481017
0.000478826
0.000476743
0.000474768
0.000472897
0.000471128
0.00046946
0.00046789
0.000466415
0.000465035
0.000463747
0.000462549
0.000461439
0.000460415
0.000459475
0.000458618
0.000457841
0.000457144
0.000456524
0.000455981
0.000455512
0.000455115
0.000454791
0.000454536
0.000454351
0.000454234
0.000454183
0.000454197
0.000454275
0.000454417
0.000454621
0.000454886
0.000455211
0.000455596
0.000456038
0.000456538
0.000457095
0.000457708
0.000458375
0.000459097
0.000459872
0.0004607
0.00046158
0.000462512
0.000463494
0.000464527
0.000465609
0.00046674
0.000467919
0.000469146
0.000470421
0.000471742
0.00047311
0.000474523
0.000475981
0.000477484
0.000479032
0.000480623
0.000482257
0.000483935
0.000485655
0.000487416
0.00048922
0.000491064
0.00049295
0.000494875
0.000496841
0.000498846
0.00050089
0.000502973
0.000505095
0.000507254
0.000509452
0.000511686
0.000513958
0.000516266
0.000518611
0.000520991
0.000523408
0.000525859
0.000528345
0.000530867
0.000533422
0.000536011
0.000538635
0.000541291
0.000543981
0.000546704
0.000549459
0.000552246
0.000555066
0.000557917
0.000560799
0.000563713
0.000566658
0.000569633
0.000572638
0.000575674
0.000578739
0.000581833
0.000584956
0.000588105
0.000591277
0.000594475
0.000597696
0.000600944
0.000604209
0.000607495
0.000610805
0.000613882
)
;

boundaryField
{
    walls
    {
        type            kqRWallFunction;
        value           nonuniform List<scalar> 
400
(
0.00963406
0.00893208
0.00829634
0.00771707
0.00718732
0.0067016
0.00625535
0.0058447
0.00546628
0.00511715
0.00479471
0.00449662
0.00422081
0.00396541
0.00372873
0.00350924
0.00330556
0.00311644
0.00294073
0.00277739
0.00262546
0.00248407
0.00235242
0.00222978
0.00211548
0.0020089
0.00190947
0.00181666
0.00173001
0.00164906
0.0015734
0.00150266
0.00143649
0.00137457
0.0013166
0.00126231
0.00121144
0.00116376
0.00111905
0.00107711
0.00103775
0.0010008
0.000966106
0.00093351
0.000902878
0.000874076
0.000846965
0.000821442
0.00079741
0.00077478
0.000753466
0.00073339
0.000714478
0.000696664
0.000679881
0.000664071
0.000649178
0.000635151
0.000621941
0.000609502
0.000597794
0.000586776
0.000576412
0.000566668
0.000557512
0.000548914
0.000540848
0.000533287
0.000526207
0.000519585
0.000513402
0.000507637
0.000502273
0.000497293
0.00049268
0.00048842
0.0004845
0.000480905
0.00047754
0.000474215
0.000470946
0.000467742
0.000464615
0.000461571
0.000458615
0.000455753
0.000452988
0.000450322
0.000447757
0.000445294
0.000442933
0.000440675
0.00043852
0.000436466
0.000434514
0.000432661
0.000430908
0.000429252
0.000427692
0.000426227
0.000424856
0.000423576
0.000422386
0.000421285
0.00042027
0.00041934
0.000418493
0.000417727
0.00041704
0.000416431
0.000415898
0.000415439
0.000415054
0.00041474
0.000414496
0.00041432
0.000414212
0.00041417
0.000414193
0.00041428
0.000414429
0.00041464
0.000414911
0.000415243
0.000415632
0.00041608
0.000416584
0.000417145
0.000417761
0.000418431
0.000419156
0.000419933
0.000420763
0.000421645
0.000422578
0.000423562
0.000424596
0.00042568
0.000426812
0.000427993
0.000429222
0.000430498
0.000431821
0.000433191
0.000434607
0.000436069
0.000437577
0.000439129
0.000440725
0.000442366
0.000444051
0.000445779
0.00044755
0.000449364
0.00045122
0.000453118
0.000455059
0.00045704
0.000459063
0.000461126
0.000463231
0.000465375
0.000467559
0.000469784
0.000472047
0.00047435
0.000476692
0.000479072
0.000481491
0.000483949
0.000486444
0.000488976
0.000491547
0.000494154
0.000496799
0.000499481
0.000502199
0.000504953
0.000507744
0.000510571
0.000513433
0.000516331
0.000519265
0.000522233
0.000525237
0.000528275
0.000531347
0.000534454
0.000537595
0.000540769
0.000543977
0.000547217
0.00055049
0.000553796
0.000557132
0.000560504
0.000563898
0.000567323
0.000570775
0.000574169
0.00945781
0.00877483
0.00814994
0.00757768
0.00705293
0.00657113
0.00612823
0.00572066
0.00534525
0.00499913
0.00467978
0.0043849
0.00411242
0.00386047
0.00362736
0.00341156
0.00321167
0.0030264
0.0028546
0.00269521
0.00254726
0.00240985
0.00228217
0.00216348
0.00205309
0.00195038
0.00185476
0.0017657
0.00168271
0.00160536
0.00153321
0.00146589
0.00140305
0.00134437
0.00128954
0.00123829
0.00119037
0.00114554
0.00110358
0.0010643
0.00102751
0.000993039
0.00096073
0.000930416
0.000901955
0.000875228
0.000850125
0.000826543
0.000804388
0.00078357
0.000764008
0.000745624
0.000728347
0.000712111
0.000696854
0.00068252
0.000669053
0.000656406
0.000644533
0.00063339
0.000622938
0.00061314
0.000603961
0.00059537
0.000587336
0.000579833
0.000572834
0.000566316
0.000560255
0.000554632
0.000549427
0.000544622
0.000540199
0.000536013
0.0005319
0.000527873
0.000523941
0.000520113
0.000516395
0.000512791
0.000509304
0.000505937
0.00050269
0.000499565
0.00049656
0.000493676
0.000490911
0.000488265
0.000485735
0.000483319
0.000481017
0.000478826
0.000476743
0.000474768
0.000472897
0.000471128
0.00046946
0.00046789
0.000466415
0.000465035
0.000463747
0.000462549
0.000461439
0.000460415
0.000459475
0.000458618
0.000457841
0.000457144
0.000456524
0.000455981
0.000455512
0.000455115
0.000454791
0.000454536
0.000454351
0.000454234
0.000454183
0.000454197
0.000454275
0.000454417
0.000454621
0.000454886
0.000455211
0.000455596
0.000456038
0.000456538
0.000457095
0.000457708
0.000458375
0.000459097
0.000459872
0.0004607
0.00046158
0.000462512
0.000463494
0.000464527
0.000465609
0.00046674
0.000467919
0.000469146
0.000470421
0.000471742
0.00047311
0.000474523
0.000475981
0.000477484
0.000479032
0.000480623
0.000482257
0.000483935
0.000485655
0.000487416
0.00048922
0.000491064
0.00049295
0.000494875
0.000496841
0.000498846
0.00050089
0.000502973
0.000505095
0.000507254
0.000509452
0.000511686
0.000513958
0.000516266
0.000518611
0.000520991
0.000523408
0.000525859
0.000528345
0.000530867
0.000533422
0.000536011
0.000538635
0.000541291
0.000543981
0.000546704
0.000549459
0.000552246
0.000555066
0.000557917
0.000560799
0.000563713
0.000566658
0.000569633
0.000572638
0.000575674
0.000578739
0.000581833
0.000584956
0.000588105
0.000591277
0.000594475
0.000597696
0.000600944
0.000604209
0.000607495
0.000610805
0.000613882
)
;
    }
    inlet
    {
        type            fixedValue;
        value           uniform 0.01;
    }
    outlet
    {
        type            freestream;
        freestreamValue uniform 0.01;
        value           nonuniform List<scalar> 
20
(
0.000574169
0.00673951
0.0057055
0.00515314
0.00504647
0.00510179
0.00519638
0.00528449
0.00535006
0.00538787
0.00539659
0.00537696
0.00533094
0.00526504
0.00519703
0.00517467
0.00532047
0.00590931
0.00699738
0.000613882
)
;
    }
    frontAndBack
    {
        type            empty;
    }
}


// ************************************************************************* //
