/*--------------------------------*- C++ -*----------------------------------*\
| =========                 |                                                 |
| \\      /  F ield         | OpenFOAM: The Open Source CFD Toolbox           |
|  \\    /   O peration     | Version:  5.x                                   |
|   \\  /    A nd           | Web:      www.OpenFOAM.org                      |
|    \\/     M anipulation  |                                                 |
\*---------------------------------------------------------------------------*/
/*   Windows 32 and 64 bit porting by blueCAPE: http://www.bluecape.com.pt   *\
|  Based on Windows porting (2.0.x v4) by Symscape: http://www.symscape.com   |
\*---------------------------------------------------------------------------*/
FoamFile
{
    version     2.0;
    format      ascii;
    class       volScalarField;
    location    "2833";
    object      k;
}
// * * * * * * * * * * * * * * * * * * * * * * * * * * * * * * * * * * * * * //

dimensions      [0 2 -2 0 0 0 0];

internalField   nonuniform List<scalar> 
4000
(
0.00963388
0.00893195
0.00829624
0.00771698
0.00718725
0.00670154
0.00625531
0.00584467
0.00546626
0.00511714
0.0047947
0.00449661
0.00422081
0.00396541
0.00372873
0.00350924
0.00330556
0.00311644
0.00294073
0.00277739
0.00262546
0.00248407
0.00235242
0.00222978
0.00211548
0.0020089
0.00190946
0.00181666
0.00173001
0.00164905
0.0015734
0.00150266
0.00143649
0.00137457
0.0013166
0.00126231
0.00121144
0.00116376
0.00111905
0.00107711
0.00103775
0.0010008
0.000966103
0.000933507
0.000902876
0.000874075
0.000846964
0.000821442
0.00079741
0.00077478
0.000753466
0.00073339
0.000714479
0.000696664
0.000679881
0.000664071
0.000649179
0.000635151
0.000621941
0.000609502
0.000597794
0.000586776
0.000576412
0.000566668
0.000557512
0.000548914
0.000540848
0.000533286
0.000526206
0.000519585
0.000513402
0.000507637
0.000502273
0.000497293
0.00049268
0.00048842
0.0004845
0.000480905
0.00047754
0.000474215
0.000470946
0.000467743
0.000464615
0.000461571
0.000458615
0.000455753
0.000452988
0.000450322
0.000447757
0.000445294
0.000442933
0.000440675
0.00043852
0.000436466
0.000434514
0.000432661
0.000430908
0.000429252
0.000427692
0.000426227
0.000424856
0.000423576
0.000422386
0.000421285
0.00042027
0.00041934
0.000418493
0.000417727
0.00041704
0.000416431
0.000415898
0.00041544
0.000415054
0.00041474
0.000414495
0.00041432
0.000414212
0.00041417
0.000414193
0.000414279
0.000414429
0.00041464
0.000414911
0.000415242
0.000415632
0.00041608
0.000416584
0.000417145
0.000417761
0.000418432
0.000419156
0.000419933
0.000420763
0.000421645
0.000422578
0.000423562
0.000424596
0.000425679
0.000426812
0.000427993
0.000429222
0.000430498
0.000431822
0.000433192
0.000434608
0.00043607
0.000437577
0.000439129
0.000440726
0.000442367
0.000444052
0.00044578
0.000447551
0.000449365
0.000451221
0.000453119
0.00045506
0.000457041
0.000459064
0.000461127
0.000463231
0.000465376
0.00046756
0.000469784
0.000472047
0.00047435
0.000476692
0.000479072
0.00048149
0.000483947
0.000486441
0.000488974
0.000491543
0.00049415
0.000496794
0.000499474
0.000502192
0.000504945
0.000507734
0.00051056
0.000513421
0.000516318
0.00051925
0.000522217
0.000525219
0.000528255
0.000531325
0.00053443
0.000537568
0.00054074
0.000543945
0.000547183
0.000550452
0.000553755
0.000557088
0.000560456
0.000563847
0.000567268
0.000570717
0.000574107
0.00997258
0.00988018
0.00976439
0.00963397
0.0094936
0.00934648
0.00919494
0.00904074
0.00888529
0.00872968
0.00857477
0.00842121
0.00826955
0.00812023
0.00797359
0.00782991
0.00768938
0.00755217
0.00741837
0.00728807
0.00716132
0.00703814
0.00691854
0.00680252
0.00669006
0.00658112
0.00647566
0.00637364
0.00627501
0.0061797
0.00608766
0.00599882
0.00591311
0.00583047
0.00575083
0.00567413
0.00560029
0.00552925
0.00546093
0.00539528
0.00533223
0.00527171
0.00521367
0.00515805
0.00510478
0.00505382
0.00500513
0.00495864
0.00491431
0.00487208
0.00483189
0.00479371
0.00475748
0.00472316
0.00469071
0.00466008
0.00463124
0.00460416
0.00457879
0.00455511
0.00453308
0.00451267
0.00449386
0.0044766
0.00446089
0.00444669
0.00443398
0.00442274
0.00441294
0.00440457
0.00439761
0.00439204
0.00438784
0.004385
0.0043835
0.00438333
0.00438446
0.00438688
0.00439026
0.00439397
0.00439798
0.0044023
0.00440692
0.00441184
0.00441707
0.0044226
0.00442843
0.00443457
0.00444101
0.00444777
0.00445483
0.0044622
0.00446989
0.00447788
0.00448619
0.00449482
0.00450376
0.00451301
0.00452259
0.00453247
0.00454268
0.00455319
0.004564
0.00457512
0.00458654
0.00459825
0.00461025
0.00462255
0.00463514
0.00464802
0.00466118
0.00467463
0.00468836
0.00470237
0.00471667
0.00473124
0.00474609
0.00476122
0.00477663
0.0047923
0.00480825
0.00482447
0.00484096
0.00485772
0.00487474
0.00489203
0.00490958
0.00492739
0.00494546
0.0049638
0.00498238
0.00500122
0.00502032
0.00503966
0.00505926
0.0050791
0.00509918
0.00511951
0.00514008
0.00516088
0.00518193
0.0052032
0.00522471
0.00524645
0.00526842
0.00529061
0.00531302
0.00533565
0.0053585
0.00538156
0.00540483
0.00542831
0.005452
0.00547589
0.00549998
0.00552427
0.00554876
0.00557343
0.0055983
0.00562335
0.00564858
0.00567399
0.00569957
0.00572533
0.00575126
0.00577736
0.00580362
0.00583004
0.00585661
0.00588334
0.00591022
0.00593724
0.00596441
0.00599172
0.00601916
0.00604674
0.00607445
0.00610229
0.00613025
0.00615833
0.00618652
0.00621483
0.00624325
0.00627178
0.00630041
0.00632914
0.00635796
0.00638689
0.0064159
0.00644499
0.00647417
0.00650343
0.00653277
0.00656217
0.00659166
0.00662115
0.00665081
0.00668041
0.00671013
0.0067395
0.009992
0.00996555
0.00992911
0.00988516
0.00983514
0.00978009
0.0097208
0.00965791
0.00959198
0.0095235
0.0094529
0.00938053
0.00930673
0.0092318
0.00915602
0.00907962
0.0090028
0.00892577
0.00884867
0.00877166
0.00869488
0.00861844
0.00854246
0.00846701
0.00839218
0.00831805
0.00824469
0.00817214
0.00810046
0.0080297
0.00795988
0.00789106
0.00782324
0.00775646
0.00769074
0.0076261
0.00756255
0.0075001
0.00743875
0.00737852
0.00731941
0.00726142
0.00720456
0.00714881
0.00709419
0.00704068
0.00698828
0.00693697
0.00688677
0.00683765
0.00678961
0.00674265
0.00669675
0.00665191
0.00660811
0.00656535
0.00652362
0.00648291
0.00644321
0.00640452
0.00636682
0.00633011
0.00629437
0.0062596
0.00622578
0.00619292
0.006161
0.00613001
0.00609994
0.00607079
0.00604255
0.00601522
0.00598878
0.00596323
0.00593856
0.00591476
0.00589183
0.00586975
0.00584853
0.00582818
0.00580865
0.0057899
0.00577188
0.00575458
0.00573794
0.00572194
0.00570656
0.00569179
0.00567758
0.00566393
0.00565082
0.00563823
0.00562615
0.00561457
0.00560346
0.00559284
0.00558267
0.00557296
0.00556369
0.00555485
0.00554625
0.00553788
0.00552976
0.00552189
0.00551426
0.00550688
0.00549975
0.00549287
0.00548624
0.00547986
0.00547372
0.00546784
0.0054622
0.0054568
0.00545165
0.00544674
0.00544207
0.00543764
0.00543344
0.00542948
0.00542575
0.00542225
0.00541898
0.00541594
0.00541312
0.00541053
0.00540815
0.00540599
0.00540405
0.00540233
0.00540081
0.0053995
0.00539841
0.00539751
0.00539682
0.00539634
0.00539605
0.00539596
0.00539606
0.00539636
0.00539685
0.00539753
0.00539839
0.00539944
0.00540068
0.00540209
0.00540369
0.00540546
0.00540741
0.00540953
0.00541182
0.00541429
0.00541692
0.00541972
0.00542269
0.00542582
0.00542911
0.00543256
0.00543617
0.00543993
0.00544385
0.00544793
0.00545215
0.00545653
0.00546105
0.00546573
0.00547055
0.00547551
0.00548062
0.00548587
0.00549126
0.00549679
0.00550245
0.00550826
0.0055142
0.00552027
0.00552648
0.00553282
0.00553929
0.00554589
0.00555263
0.00555949
0.00556648
0.0055736
0.00558084
0.00558822
0.00559572
0.00560335
0.00561111
0.00561899
0.005627
0.00563515
0.00564342
0.00565183
0.00566039
0.00566908
0.00567794
0.00568701
0.00569614
0.00570545
0.0099949
0.00998162
0.00996381
0.00994207
0.0099169
0.00988872
0.00985785
0.00982457
0.00978912
0.00975172
0.00971257
0.00967182
0.00962965
0.0095862
0.00954159
0.00949595
0.0094494
0.00940203
0.00935395
0.00930525
0.00925601
0.00920633
0.00915628
0.00910593
0.00905535
0.00900459
0.0089537
0.00890276
0.0088518
0.00880087
0.00875001
0.00869927
0.00864867
0.00859827
0.00854807
0.00849813
0.00844845
0.00839907
0.00835001
0.0083013
0.00825294
0.00820495
0.00815736
0.00811014
0.00806332
0.00801691
0.00797092
0.00792536
0.00788025
0.00783559
0.00779139
0.00774765
0.00770439
0.00766161
0.0076193
0.00757749
0.00753616
0.00749533
0.00745499
0.00741516
0.00737583
0.007337
0.00729867
0.00726085
0.00722353
0.00718672
0.00715041
0.00711462
0.00707932
0.00704453
0.00701025
0.00697647
0.0069432
0.00691043
0.00687816
0.00684639
0.00681512
0.00678435
0.00675407
0.00672428
0.00669499
0.00666617
0.00663783
0.00660995
0.00658253
0.00655556
0.00652903
0.00650293
0.00647726
0.00645199
0.00642714
0.00640269
0.00637862
0.00635494
0.00633164
0.00630871
0.00628614
0.00626394
0.00624208
0.00622057
0.00619939
0.00617854
0.00615799
0.00613774
0.00611778
0.00609811
0.00607872
0.00605959
0.00604074
0.00602215
0.00600381
0.00598572
0.00596789
0.0059503
0.00593295
0.00591584
0.00589897
0.00588233
0.00586592
0.00584974
0.00583378
0.00581804
0.00580252
0.00578723
0.00577214
0.00575727
0.00574261
0.00572817
0.00571392
0.00569989
0.00568606
0.00567243
0.00565899
0.00564576
0.00563273
0.00561989
0.00560724
0.00559479
0.00558252
0.00557045
0.00555856
0.00554686
0.00553534
0.00552401
0.00551286
0.00550189
0.00549109
0.00548048
0.00547004
0.00545978
0.00544969
0.00543978
0.00543003
0.00542046
0.00541106
0.00540183
0.00539276
0.00538386
0.00537513
0.00536657
0.00535816
0.00534992
0.00534184
0.00533393
0.00532617
0.00531857
0.00531114
0.00530386
0.00529673
0.00528977
0.00528296
0.0052763
0.0052698
0.00526346
0.00525727
0.00525123
0.00524535
0.00523962
0.00523404
0.00522861
0.00522333
0.0052182
0.00521323
0.00520841
0.00520374
0.00519922
0.00519485
0.00519063
0.00518657
0.00518266
0.0051789
0.0051753
0.00517186
0.00516859
0.00516547
0.00516254
0.00515976
0.00515722
0.00515476
0.00515273
0.00999595
0.00998698
0.00997557
0.00996184
0.00994599
0.00992818
0.00990858
0.00988732
0.00986453
0.0098403
0.00981476
0.00978797
0.00976003
0.00973102
0.00970099
0.00967003
0.00963819
0.00960553
0.00957211
0.00953799
0.00950321
0.00946784
0.00943191
0.00939547
0.00935857
0.00932124
0.00928353
0.00924547
0.0092071
0.00916846
0.00912958
0.0090905
0.00905124
0.00901184
0.00897231
0.0089327
0.00889301
0.00885328
0.00881352
0.00877377
0.00873402
0.00869429
0.00865462
0.008615
0.00857546
0.00853601
0.00849666
0.00845742
0.00841831
0.00837933
0.0083405
0.00830183
0.00826333
0.00822501
0.00818687
0.00814892
0.00811118
0.00807365
0.00803634
0.00799925
0.00796239
0.00792576
0.00788937
0.00785323
0.00781733
0.00778169
0.00774631
0.00771119
0.00767634
0.00764175
0.00760744
0.0075734
0.00753964
0.00750616
0.00747296
0.00744005
0.00740743
0.00737509
0.00734304
0.00731128
0.00727981
0.00724864
0.00721775
0.00718716
0.00715685
0.00712683
0.0070971
0.00706766
0.00703849
0.00700961
0.006981
0.00695267
0.00692462
0.00689683
0.00686931
0.00684206
0.00681507
0.00678834
0.00676187
0.00673565
0.00670969
0.00668397
0.0066585
0.00663327
0.00660828
0.00658352
0.006559
0.0065347
0.00651062
0.00648677
0.00646313
0.0064397
0.00641649
0.00639349
0.00637069
0.0063481
0.00632571
0.00630352
0.00628153
0.00625974
0.00623813
0.00621672
0.0061955
0.00617447
0.00615362
0.00613296
0.00611248
0.00609218
0.00607206
0.00605212
0.00603236
0.00601278
0.00599336
0.00597413
0.00595506
0.00593617
0.00591744
0.00589888
0.00588049
0.00586227
0.00584421
0.00582631
0.00580858
0.00579101
0.0057736
0.00575635
0.00573926
0.00572233
0.00570556
0.00568894
0.00567247
0.00565616
0.00564001
0.005624
0.00560815
0.00559246
0.00557691
0.00556151
0.00554626
0.00553116
0.00551621
0.0055014
0.00548675
0.00547223
0.00545787
0.00544364
0.00542956
0.00541563
0.00540184
0.0053882
0.0053747
0.00536133
0.00534812
0.00533504
0.0053221
0.0053093
0.00529665
0.00528413
0.00527176
0.00525953
0.00524744
0.00523548
0.00522367
0.005212
0.00520047
0.00518908
0.00517783
0.00516673
0.00515576
0.00514494
0.00513426
0.00512373
0.00511334
0.00510311
0.00509302
0.0050831
0.00507331
0.00506372
0.00505427
0.00504559
0.00999648
0.0099894
0.00998084
0.00997078
0.00995927
0.00994638
0.00993219
0.00991678
0.0099002
0.00988252
0.0098638
0.00984409
0.00982344
0.00980188
0.00977947
0.00975624
0.00973223
0.00970748
0.00968202
0.00965588
0.00962911
0.00960173
0.00957378
0.00954529
0.00951628
0.00948679
0.00945684
0.00942647
0.0093957
0.00936455
0.00933306
0.00930125
0.00926913
0.00923673
0.00920408
0.00917119
0.00913809
0.00910479
0.00907132
0.0090377
0.00900393
0.00897004
0.00893604
0.00890194
0.00886777
0.00883352
0.00879922
0.00876487
0.00873049
0.00869609
0.00866168
0.00862726
0.00859286
0.00855848
0.00852413
0.00848982
0.00845556
0.00842135
0.00838721
0.00835313
0.00831914
0.00828523
0.00825142
0.0082177
0.00818408
0.00815058
0.00811719
0.00808393
0.00805079
0.00801778
0.00798491
0.00795217
0.00791959
0.00788715
0.00785486
0.00782273
0.00779076
0.00775895
0.00772731
0.00769584
0.00766454
0.00763341
0.00760246
0.00757168
0.00754109
0.00751067
0.00748044
0.00745039
0.00742053
0.00739085
0.00736135
0.00733205
0.00730292
0.00727399
0.00724523
0.00721667
0.00718829
0.0071601
0.00713209
0.00710427
0.00707663
0.00704917
0.0070219
0.00699481
0.0069679
0.00694117
0.00691462
0.00688825
0.00686205
0.00683603
0.00681018
0.00678451
0.006759
0.00673367
0.0067085
0.00668351
0.00665867
0.00663401
0.00660951
0.00658517
0.00656099
0.00653697
0.00651311
0.00648942
0.00646588
0.00644249
0.00641926
0.00639619
0.00637327
0.0063505
0.00632788
0.00630542
0.00628311
0.00626094
0.00623893
0.00621706
0.00619534
0.00617376
0.00615233
0.00613105
0.00610991
0.00608891
0.00606805
0.00604734
0.00602677
0.00600633
0.00598604
0.00596589
0.00594587
0.005926
0.00590626
0.00588665
0.00586719
0.00584786
0.00582866
0.0058096
0.00579067
0.00577187
0.00575321
0.00573468
0.00571628
0.00569801
0.00567987
0.00566187
0.00564399
0.00562625
0.00560863
0.00559114
0.00557378
0.00555655
0.00553945
0.00552248
0.00550563
0.00548891
0.00547232
0.00545586
0.00543952
0.00542331
0.00540722
0.00539126
0.00537543
0.00535973
0.00534415
0.0053287
0.00531338
0.00529818
0.00528312
0.00526818
0.00525337
0.00523869
0.00522413
0.00520972
0.00519543
0.00518127
0.00516725
0.00515337
0.00513962
0.00512603
0.00511264
0.00510043
0.00999677
0.00999067
0.00998357
0.00997543
0.00996623
0.00995598
0.00994472
0.00993249
0.00991932
0.00990525
0.00989032
0.00987454
0.00985796
0.00984061
0.0098225
0.00980366
0.00978412
0.0097639
0.00974303
0.00972153
0.00969943
0.00967675
0.00965351
0.00962973
0.00960545
0.00958067
0.00955542
0.00952973
0.00950362
0.0094771
0.00945019
0.00942292
0.00939531
0.00936736
0.0093391
0.00931055
0.00928173
0.00925265
0.00922332
0.00919376
0.00916399
0.00913403
0.00910387
0.00907355
0.00904306
0.00901243
0.00898166
0.00895077
0.00891976
0.00888865
0.00885745
0.00882617
0.00879481
0.00876339
0.00873192
0.0087004
0.00866884
0.00863726
0.00860565
0.00857403
0.0085424
0.00851078
0.00847916
0.00844756
0.00841597
0.00838442
0.0083529
0.00832142
0.00828998
0.00825859
0.00822726
0.00819599
0.00816478
0.00813365
0.00810259
0.0080716
0.0080407
0.00800989
0.00797916
0.00794853
0.007918
0.00788757
0.00785724
0.00782702
0.00779691
0.00776691
0.00773702
0.00770726
0.00767761
0.00764808
0.00761868
0.0075894
0.00756025
0.00753123
0.00750233
0.00747357
0.00744494
0.00741644
0.00738807
0.00735984
0.00733175
0.00730379
0.00727597
0.00724828
0.00722073
0.00719332
0.00716605
0.00713892
0.00711192
0.00708507
0.00705835
0.00703177
0.00700532
0.00697901
0.00695285
0.00692681
0.00690092
0.00687516
0.00684954
0.00682405
0.0067987
0.00677348
0.0067484
0.00672346
0.00669864
0.00667396
0.00664942
0.006625
0.00660072
0.00657657
0.00655255
0.00652867
0.00650491
0.00648128
0.00645779
0.00643442
0.00641118
0.00638807
0.00636509
0.00634223
0.00631951
0.00629691
0.00627443
0.00625209
0.00622986
0.00620776
0.00618579
0.00616394
0.00614222
0.00612062
0.00609914
0.00607779
0.00605655
0.00603544
0.00601445
0.00599358
0.00597284
0.00595221
0.0059317
0.00591131
0.00589105
0.0058709
0.00585087
0.00583096
0.00581117
0.0057915
0.00577194
0.00575251
0.00573319
0.00571398
0.0056949
0.00567593
0.00565708
0.00563834
0.00561973
0.00560123
0.00558285
0.00556458
0.00554643
0.0055284
0.00551048
0.00549268
0.005475
0.00545744
0.00543999
0.00542267
0.00540546
0.00538837
0.0053714
0.00535455
0.00533782
0.00532121
0.00530473
0.00528837
0.00527213
0.00525601
0.00524003
0.00522419
0.00520861
0.00519459
0.00999693
0.00999135
0.00998506
0.00997798
0.00997007
0.00996132
0.00995174
0.00994134
0.00993013
0.00991815
0.0099054
0.00989191
0.00987771
0.0098628
0.0098472
0.00983094
0.00981403
0.00979649
0.00977834
0.00975959
0.00974028
0.0097204
0.00969999
0.00967906
0.00965762
0.00963571
0.00961333
0.00959051
0.00956725
0.00954359
0.00951953
0.00949508
0.00947028
0.00944513
0.00941965
0.00939385
0.00936774
0.00934135
0.00931469
0.00928776
0.00926059
0.00923318
0.00920555
0.00917771
0.00914967
0.00912145
0.00909304
0.00906447
0.00903575
0.00900687
0.00897786
0.00894873
0.00891947
0.00889011
0.00886065
0.00883109
0.00880145
0.00877173
0.00874195
0.0087121
0.0086822
0.00865226
0.00862227
0.00859225
0.00856221
0.00853214
0.00850206
0.00847197
0.00844188
0.00841179
0.00838171
0.00835165
0.0083216
0.00829157
0.00826157
0.0082316
0.00820167
0.00817178
0.00814193
0.00811213
0.00808238
0.00805269
0.00802306
0.00799349
0.00796399
0.00793456
0.0079052
0.00787591
0.00784671
0.00781758
0.00778854
0.00775958
0.00773071
0.00770194
0.00767325
0.00764466
0.00761616
0.00758777
0.00755947
0.00753127
0.00750317
0.00747518
0.0074473
0.00741952
0.00739184
0.00736428
0.00733682
0.00730948
0.00728224
0.00725512
0.00722811
0.00720121
0.00717442
0.00714775
0.0071212
0.00709475
0.00706843
0.00704221
0.00701612
0.00699013
0.00696427
0.00693852
0.00691288
0.00688736
0.00686196
0.00683668
0.00681151
0.00678645
0.00676152
0.00673669
0.00671199
0.0066874
0.00666293
0.00663857
0.00661433
0.0065902
0.00656619
0.00654229
0.00651851
0.00649484
0.00647129
0.00644786
0.00642454
0.00640133
0.00637823
0.00635525
0.00633239
0.00630963
0.00628699
0.00626447
0.00624205
0.00621975
0.00619756
0.00617548
0.00615352
0.00613166
0.00610992
0.00608829
0.00606677
0.00604536
0.00602407
0.00600288
0.0059818
0.00596084
0.00593998
0.00591924
0.00589861
0.00587808
0.00585767
0.00583737
0.00581717
0.00579708
0.00577711
0.00575724
0.00573749
0.00571784
0.00569831
0.00567888
0.00565957
0.00564037
0.00562127
0.00560229
0.00558342
0.00556466
0.00554601
0.00552748
0.00550906
0.00549075
0.00547255
0.00545447
0.0054365
0.00541865
0.00540092
0.0053833
0.00536581
0.00534843
0.00533117
0.00531406
0.00529727
0.00528233
0.00999701
0.0099917
0.00998583
0.00997932
0.00997211
0.00996418
0.00995552
0.00994613
0.00993603
0.00992521
0.0099137
0.0099015
0.00988864
0.00987511
0.00986094
0.00984614
0.00983073
0.00981471
0.00979811
0.00978094
0.00976322
0.00974496
0.00972618
0.00970689
0.00968711
0.00966685
0.00964614
0.00962499
0.00960341
0.00958142
0.00955903
0.00953626
0.00951312
0.00948963
0.0094658
0.00944164
0.00941717
0.0093924
0.00936734
0.00934201
0.00931641
0.00929056
0.00926447
0.00923815
0.00921162
0.00918488
0.00915794
0.00913081
0.0091035
0.00907603
0.00904839
0.00902061
0.00899268
0.00896463
0.00893644
0.00890814
0.00887974
0.00885123
0.00882262
0.00879393
0.00876517
0.00873632
0.00870742
0.00867845
0.00864943
0.00862036
0.00859125
0.00856211
0.00853294
0.00850374
0.00847452
0.00844529
0.00841605
0.00838681
0.00835757
0.00832833
0.0082991
0.00826989
0.00824069
0.00821152
0.00818238
0.00815326
0.00812418
0.00809514
0.00806613
0.00803717
0.00800826
0.0079794
0.0079506
0.00792185
0.00789316
0.00786453
0.00783597
0.00780748
0.00777905
0.0077507
0.00772242
0.00769422
0.0076661
0.00763805
0.00761009
0.00758221
0.00755442
0.00752671
0.00749909
0.00747156
0.00744413
0.00741678
0.00738953
0.00736237
0.00733531
0.00730834
0.00728147
0.0072547
0.00722803
0.00720145
0.00717498
0.00714861
0.00712234
0.00709617
0.0070701
0.00704414
0.00701828
0.00699253
0.00696688
0.00694133
0.00691589
0.00689055
0.00686532
0.00684019
0.00681517
0.00679025
0.00676544
0.00674074
0.00671614
0.00669165
0.00666727
0.00664299
0.00661882
0.00659475
0.00657079
0.00654694
0.00652319
0.00649955
0.00647602
0.00645259
0.00642927
0.00640605
0.00638294
0.00635993
0.00633703
0.00631424
0.00629155
0.00626897
0.0062465
0.00622412
0.00620186
0.0061797
0.00615765
0.0061357
0.00611385
0.00609212
0.00607048
0.00604895
0.00602753
0.00600621
0.005985
0.00596389
0.00594289
0.00592199
0.0059012
0.00588051
0.00585993
0.00583946
0.00581908
0.00579882
0.00577866
0.00575861
0.00573866
0.00571882
0.00569909
0.00567946
0.00565994
0.00564053
0.00562123
0.00560204
0.00558295
0.00556398
0.00554512
0.00552636
0.00550772
0.00548919
0.00547078
0.00545248
0.00543429
0.00541623
0.00539828
0.00538048
0.00536304
0.00534764
0.00999704
0.00999182
0.00998612
0.00997983
0.00997292
0.00996534
0.00995709
0.00994815
0.00993854
0.00992825
0.0099173
0.00990569
0.00989344
0.00988055
0.00986704
0.00985292
0.0098382
0.00982289
0.00980702
0.00979059
0.00977361
0.00975611
0.00973809
0.00971958
0.00970059
0.00968112
0.00966121
0.00964085
0.00962007
0.00959889
0.0095773
0.00955534
0.00953301
0.00951032
0.00948729
0.00946393
0.00944025
0.00941627
0.009392
0.00936745
0.00934263
0.00931755
0.00929223
0.00926667
0.00924088
0.00921488
0.00918867
0.00916227
0.00913568
0.00910891
0.00908197
0.00905488
0.00902763
0.00900024
0.00897271
0.00894506
0.00891728
0.0088894
0.00886141
0.00883332
0.00880514
0.00877688
0.00874854
0.00872013
0.00869166
0.00866312
0.00863453
0.0086059
0.00857722
0.00854851
0.00851976
0.00849099
0.0084622
0.0084334
0.00840458
0.00837575
0.00834693
0.0083181
0.00828929
0.00826048
0.00823169
0.00820291
0.00817416
0.00814544
0.00811674
0.00808808
0.00805945
0.00803086
0.00800232
0.00797382
0.00794537
0.00791697
0.00788862
0.00786033
0.0078321
0.00780393
0.00777582
0.00774778
0.00771981
0.0076919
0.00766407
0.00763631
0.00760863
0.00758102
0.00755349
0.00752604
0.00749867
0.00747139
0.00744419
0.00741707
0.00739004
0.0073631
0.00733625
0.00730948
0.00728281
0.00725623
0.00722974
0.00720335
0.00717705
0.00715084
0.00712473
0.00709871
0.00707279
0.00704697
0.00702125
0.00699562
0.00697009
0.00694466
0.00691933
0.0068941
0.00686897
0.00684394
0.00681901
0.00679418
0.00676945
0.00674482
0.00672029
0.00669587
0.00667154
0.00664732
0.0066232
0.00659918
0.00657527
0.00655145
0.00652774
0.00650413
0.00648062
0.00645721
0.00643391
0.00641071
0.00638761
0.00636461
0.00634172
0.00631892
0.00629623
0.00627364
0.00625116
0.00622877
0.00620649
0.00618431
0.00616224
0.00614026
0.00611839
0.00609662
0.00607495
0.00605339
0.00603192
0.00601057
0.00598931
0.00596815
0.0059471
0.00592615
0.00590531
0.00588456
0.00586392
0.00584338
0.00582295
0.00580263
0.0057824
0.00576228
0.00574227
0.00572236
0.00570256
0.00568286
0.00566327
0.00564379
0.00562441
0.00560514
0.00558598
0.00556693
0.00554799
0.00552917
0.00551045
0.00549185
0.00547336
0.00545499
0.00543673
0.00541863
0.00540091
0.00538532
0.00999701
0.00999176
0.00998601
0.00997969
0.00997274
0.00996513
0.00995685
0.00994789
0.00993826
0.00992797
0.00991702
0.00990541
0.00989317
0.0098803
0.00986682
0.00985272
0.00983803
0.00982276
0.00980693
0.00979054
0.00977361
0.00975615
0.00973819
0.00971973
0.00970079
0.00968138
0.00966152
0.00964123
0.00962052
0.0095994
0.00957788
0.00955598
0.00953372
0.00951111
0.00948815
0.00946487
0.00944127
0.00941737
0.00939318
0.00936871
0.00934397
0.00931897
0.00929373
0.00926825
0.00924255
0.00921663
0.00919051
0.00916419
0.00913769
0.00911101
0.00908416
0.00905715
0.00902999
0.00900269
0.00897525
0.00894768
0.00892
0.0088922
0.0088643
0.00883631
0.00880822
0.00878005
0.0087518
0.00872348
0.00869509
0.00866665
0.00863815
0.00860961
0.00858102
0.0085524
0.00852374
0.00849506
0.00846636
0.00843765
0.00840892
0.00838018
0.00835145
0.00832271
0.00829398
0.00826526
0.00823656
0.00820787
0.00817921
0.00815057
0.00812196
0.00809339
0.00806484
0.00803634
0.00800788
0.00797946
0.0079511
0.00792278
0.00789451
0.0078663
0.00783815
0.00781006
0.00778203
0.00775406
0.00772616
0.00769833
0.00767057
0.00764288
0.00761527
0.00758773
0.00756027
0.00753288
0.00750558
0.00747836
0.00745122
0.00742416
0.00739719
0.00737031
0.00734351
0.0073168
0.00729018
0.00726365
0.00723721
0.00721087
0.00718461
0.00715845
0.00713238
0.00710641
0.00708053
0.00705475
0.00702906
0.00700347
0.00697798
0.00695258
0.00692729
0.00690209
0.00687699
0.00685199
0.00682709
0.00680228
0.00677758
0.00675297
0.00672847
0.00670407
0.00667977
0.00665557
0.00663147
0.00660747
0.00658357
0.00655978
0.00653608
0.00651249
0.006489
0.00646561
0.00644232
0.00641913
0.00639605
0.00637307
0.00635018
0.0063274
0.00630473
0.00628215
0.00625968
0.0062373
0.00621503
0.00619286
0.0061708
0.00614883
0.00612697
0.00610521
0.00608355
0.00606199
0.00604054
0.00601919
0.00599794
0.00597679
0.00595574
0.0059348
0.00591396
0.00589322
0.00587259
0.00585206
0.00583163
0.00581131
0.00579109
0.00577097
0.00575096
0.00573106
0.00571126
0.00569156
0.00567198
0.0056525
0.00563312
0.00561386
0.0055947
0.00557565
0.00555672
0.00553789
0.00551918
0.00550058
0.00548209
0.00546372
0.00544547
0.00542737
0.00540965
0.00539405
0.00999694
0.00999151
0.00998552
0.00997888
0.00997156
0.00996353
0.00995479
0.00994535
0.0099352
0.00992437
0.00991286
0.00990068
0.00988785
0.00987438
0.00986028
0.00984556
0.00983024
0.00981433
0.00979785
0.00978081
0.00976322
0.0097451
0.00972647
0.00970734
0.00968773
0.00966766
0.00964713
0.00962617
0.00960479
0.009583
0.00956082
0.00953827
0.00951535
0.00949208
0.00946848
0.00944456
0.00942032
0.00939579
0.00937098
0.0093459
0.00932055
0.00929496
0.00926912
0.00924306
0.00921679
0.00919031
0.00916363
0.00913677
0.00910973
0.00908252
0.00905516
0.00902764
0.00899999
0.0089722
0.00894429
0.00891627
0.00888814
0.0088599
0.00883158
0.00880316
0.00877467
0.00874611
0.00871748
0.00868879
0.00866004
0.00863125
0.00860242
0.00857356
0.00854466
0.00851574
0.0084868
0.00845785
0.00842888
0.00839992
0.00837095
0.00834199
0.00831303
0.00828409
0.00825517
0.00822627
0.00819739
0.00816855
0.00813973
0.00811096
0.00808222
0.00805353
0.00802488
0.00799628
0.00796773
0.00793924
0.0079108
0.00788242
0.00785411
0.00782586
0.00779767
0.00776956
0.00774152
0.00771354
0.00768565
0.00765782
0.00763008
0.00760242
0.00757483
0.00754733
0.00751992
0.00749258
0.00746534
0.00743818
0.00741111
0.00738413
0.00735724
0.00733044
0.00730374
0.00727713
0.00725061
0.00722419
0.00719786
0.00717163
0.0071455
0.00711947
0.00709353
0.0070677
0.00704196
0.00701632
0.00699078
0.00696535
0.00694001
0.00691478
0.00688964
0.00686461
0.00683968
0.00681486
0.00679014
0.00676552
0.006741
0.00671658
0.00669227
0.00666807
0.00664397
0.00661997
0.00659607
0.00657228
0.0065486
0.00652501
0.00650154
0.00647816
0.00645489
0.00643173
0.00640867
0.00638571
0.00636286
0.00634011
0.00631747
0.00629493
0.0062725
0.00625016
0.00622794
0.00620582
0.0061838
0.00616189
0.00614008
0.00611837
0.00609677
0.00607527
0.00605388
0.00603259
0.00601141
0.00599033
0.00596935
0.00594848
0.00592771
0.00590705
0.00588649
0.00586604
0.00584569
0.00582544
0.0058053
0.00578527
0.00576535
0.00574552
0.00572581
0.0057062
0.0056867
0.0056673
0.00564802
0.00562884
0.00560977
0.00559081
0.00557196
0.00555322
0.00553459
0.00551608
0.00549768
0.00547939
0.00546122
0.00544316
0.00542522
0.00540744
0.00539001
0.00537457
0.00999681
0.00999103
0.00998454
0.00997725
0.00996916
0.00996025
0.00995053
0.00994003
0.00992876
0.00991675
0.00990401
0.00989056
0.00987641
0.00986159
0.00984611
0.00982999
0.00981324
0.00979588
0.00977793
0.00975941
0.00974032
0.0097207
0.00970056
0.00967991
0.00965878
0.00963718
0.00961513
0.00959264
0.00956974
0.00954644
0.00952275
0.00949869
0.00947428
0.00944953
0.00942446
0.00939907
0.0093734
0.00934744
0.00932121
0.00929472
0.009268
0.00924104
0.00921387
0.00918648
0.0091589
0.00913114
0.0091032
0.0090751
0.00904685
0.00901845
0.00898991
0.00896126
0.00893248
0.0089036
0.00887462
0.00884555
0.00881639
0.00878716
0.00875787
0.00872851
0.0086991
0.00866964
0.00864015
0.00861062
0.00858106
0.00855148
0.00852189
0.00849229
0.00846268
0.00843308
0.00840348
0.0083739
0.00834433
0.00831479
0.00828527
0.00825578
0.00822632
0.00819691
0.00816753
0.00813821
0.00810893
0.00807971
0.00805054
0.00802144
0.0079924
0.00796342
0.00793451
0.00790567
0.00787691
0.00784822
0.00781961
0.00779109
0.00776264
0.00773428
0.007706
0.00767781
0.00764971
0.0076217
0.00759379
0.00756596
0.00753823
0.0075106
0.00748306
0.00745562
0.00742828
0.00740105
0.00737391
0.00734687
0.00731994
0.00729311
0.00726638
0.00723976
0.00721324
0.00718683
0.00716052
0.00713433
0.00710824
0.00708225
0.00705638
0.00703061
0.00700496
0.00697941
0.00695397
0.00692864
0.00690342
0.00687831
0.00685331
0.00682843
0.00680365
0.00677898
0.00675443
0.00672998
0.00670565
0.00668143
0.00665731
0.00663331
0.00660943
0.00658565
0.00656198
0.00653842
0.00651498
0.00649165
0.00646842
0.00644531
0.00642231
0.00639942
0.00637664
0.00635397
0.00633142
0.00630897
0.00628663
0.0062644
0.00624229
0.00622028
0.00619838
0.00617659
0.00615492
0.00613335
0.00611189
0.00609054
0.0060693
0.00604817
0.00602714
0.00600623
0.00598543
0.00596473
0.00594414
0.00592367
0.00590329
0.00588304
0.00586288
0.00584284
0.00582291
0.00580308
0.00578336
0.00576376
0.00574426
0.00572487
0.00570559
0.00568642
0.00566736
0.00564841
0.00562956
0.00561083
0.00559221
0.00557371
0.00555532
0.00553703
0.00551886
0.00550081
0.00548287
0.00546504
0.00544733
0.00542974
0.00541227
0.00539491
0.00537768
0.00536059
0.00534382
0.00532883
0.0099966
0.0099902
0.00998282
0.0099744
0.00996494
0.00995447
0.00994303
0.00993066
0.0099174
0.00990329
0.00988836
0.00987264
0.00985615
0.00983892
0.00982098
0.00980234
0.00978304
0.0097631
0.00974253
0.00972136
0.00969962
0.00967733
0.0096545
0.00963116
0.00960734
0.00958305
0.00955831
0.00953315
0.00950758
0.00948163
0.00945531
0.00942864
0.00940163
0.00937431
0.0093467
0.0093188
0.00929064
0.00926222
0.00923357
0.0092047
0.00917563
0.00914636
0.00911691
0.00908729
0.00905751
0.0090276
0.00899755
0.00896738
0.0089371
0.00890672
0.00887625
0.0088457
0.00881508
0.0087844
0.00875366
0.00872289
0.00869207
0.00866123
0.00863037
0.0085995
0.00856862
0.00853774
0.00850687
0.00847601
0.00844518
0.00841437
0.00838359
0.00835285
0.00832215
0.00829151
0.00826091
0.00823038
0.00819991
0.00816951
0.00813917
0.00810892
0.00807874
0.00804865
0.00801864
0.00798872
0.0079589
0.00792917
0.00789954
0.00787001
0.00784059
0.00781127
0.00778205
0.00775295
0.00772395
0.00769507
0.0076663
0.00763765
0.00760911
0.00758068
0.00755238
0.00752419
0.00749613
0.00746818
0.00744036
0.00741265
0.00738507
0.00735761
0.00733028
0.00730307
0.00727598
0.00724902
0.00722218
0.00719546
0.00716887
0.00714241
0.00711607
0.00708986
0.00706377
0.00703781
0.00701198
0.00698627
0.00696069
0.00693523
0.0069099
0.00688469
0.00685962
0.00683466
0.00680984
0.00678514
0.00676056
0.00673611
0.00671178
0.00668759
0.00666351
0.00663956
0.00661574
0.00659204
0.00656846
0.00654501
0.00652168
0.00649848
0.0064754
0.00645244
0.00642961
0.0064069
0.00638431
0.00636185
0.0063395
0.00631728
0.00629518
0.0062732
0.00625134
0.0062296
0.00620799
0.00618649
0.00616511
0.00614386
0.00612272
0.0061017
0.0060808
0.00606002
0.00603936
0.00601882
0.00599839
0.00597808
0.00595789
0.00593782
0.00591786
0.00589802
0.0058783
0.00585869
0.0058392
0.00581983
0.00580057
0.00578143
0.00576241
0.0057435
0.00572471
0.00570603
0.00568746
0.00566901
0.00565068
0.00563247
0.00561437
0.00559639
0.00557852
0.00556076
0.00554313
0.00552561
0.00550821
0.00549092
0.00547376
0.00545671
0.00543978
0.00542297
0.00540627
0.0053897
0.00537326
0.00535693
0.00534073
0.00532466
0.00530871
0.0052929
0.00527736
0.0052633
0.00999625
0.00998878
0.00997984
0.00996941
0.00995756
0.00994438
0.00992995
0.00991435
0.00989766
0.00987993
0.00986121
0.00984157
0.00982104
0.00979967
0.00977749
0.00975455
0.00973088
0.00970652
0.0096815
0.00965586
0.00962962
0.00960282
0.00957548
0.00954765
0.00951934
0.00949058
0.0094614
0.00943183
0.00940189
0.0093716
0.00934099
0.00931008
0.00927889
0.00924744
0.00921575
0.00918385
0.00915174
0.00911945
0.00908699
0.00905439
0.00902165
0.00898879
0.00895583
0.00892278
0.00888965
0.00885646
0.00882322
0.00878994
0.00875663
0.00872331
0.00868998
0.00865665
0.00862333
0.00859004
0.00855678
0.00852356
0.00849039
0.00845728
0.00842423
0.00839125
0.00835835
0.00832553
0.0082928
0.00826018
0.00822765
0.00819523
0.00816293
0.00813074
0.00809868
0.00806674
0.00803494
0.00800327
0.00797175
0.00794037
0.00790914
0.00787806
0.00784713
0.00781636
0.00778575
0.00775529
0.007725
0.00769488
0.00766492
0.00763512
0.00760549
0.00757602
0.00754672
0.00751759
0.00748862
0.00745982
0.00743119
0.00740272
0.00737442
0.00734628
0.0073183
0.0072905
0.00726285
0.00723537
0.00720806
0.0071809
0.00715391
0.00712708
0.00710041
0.00707391
0.00704756
0.00702137
0.00699534
0.00696947
0.00694375
0.00691819
0.00689279
0.00686755
0.00684246
0.00681752
0.00679274
0.00676811
0.00674364
0.00671931
0.00669514
0.00667112
0.00664725
0.00662353
0.00659996
0.00657654
0.00655326
0.00653013
0.00650715
0.00648432
0.00646163
0.00643909
0.00641669
0.00639443
0.00637232
0.00635035
0.00632853
0.00630684
0.0062853
0.0062639
0.00624263
0.00622151
0.00620053
0.00617968
0.00615897
0.0061384
0.00611797
0.00609767
0.00607751
0.00605748
0.00603759
0.00601784
0.00599822
0.00597873
0.00595937
0.00594015
0.00592106
0.0059021
0.00588327
0.00586457
0.005846
0.00582756
0.00580926
0.00579108
0.00577303
0.00575511
0.00573731
0.00571965
0.00570211
0.0056847
0.00566742
0.00565026
0.00563323
0.00561633
0.00559955
0.0055829
0.00556637
0.00554997
0.0055337
0.00551755
0.00550153
0.00548563
0.00546986
0.00545421
0.00543869
0.00542329
0.00540802
0.00539288
0.00537787
0.00536298
0.00534821
0.00533358
0.00531908
0.0053047
0.00529046
0.00527635
0.00526238
0.00524854
0.00523483
0.00522129
0.00520794
0.00519573
0.00999565
0.00998617
0.00997424
0.00996001
0.0099437
0.0099255
0.00990558
0.00988407
0.00986112
0.00983682
0.00981129
0.00978459
0.00975683
0.00972808
0.0096984
0.00966787
0.00963654
0.00960447
0.00957173
0.00953835
0.0095044
0.00946992
0.00943495
0.00939953
0.00936371
0.00932752
0.009291
0.00925419
0.00921711
0.0091798
0.00914229
0.0091046
0.00906677
0.00902881
0.00899075
0.00895262
0.00891443
0.00887621
0.00883797
0.00879974
0.00876153
0.00872335
0.00868523
0.00864718
0.00860921
0.00857133
0.00853356
0.00849591
0.0084584
0.00842103
0.0083838
0.00834674
0.00830985
0.00827314
0.00823662
0.00820028
0.00816415
0.00812823
0.00809252
0.00805703
0.00802176
0.00798673
0.00795193
0.00791737
0.00788306
0.00784899
0.00781518
0.00778163
0.00774833
0.0077153
0.00768253
0.00765004
0.00761781
0.00758585
0.00755418
0.00752277
0.00749164
0.00746079
0.00743021
0.00739989
0.00736985
0.00734007
0.00731056
0.0072813
0.00725231
0.00722356
0.00719507
0.00716683
0.00713883
0.00711108
0.00708356
0.00705629
0.00702924
0.00700243
0.00697585
0.0069495
0.00692337
0.00689746
0.00687178
0.00684631
0.00682106
0.00679602
0.0067712
0.00674658
0.00672217
0.00669797
0.00667397
0.00665017
0.00662657
0.00660317
0.00657997
0.00655697
0.00653416
0.00651154
0.00648911
0.00646687
0.00644482
0.00642295
0.00640127
0.00637977
0.00635846
0.00633733
0.00631637
0.0062956
0.006275
0.00625458
0.00623433
0.00621426
0.00619436
0.00617463
0.00615507
0.00613568
0.00611646
0.00609741
0.00607852
0.0060598
0.00604124
0.00602284
0.00600461
0.00598654
0.00596863
0.00595088
0.00593329
0.00591585
0.00589857
0.00588145
0.00586449
0.00584767
0.00583102
0.00581451
0.00579816
0.00578196
0.00576591
0.00575001
0.00573426
0.00571866
0.0057032
0.00568789
0.00567274
0.00565772
0.00564285
0.00562813
0.00561355
0.00559912
0.00558482
0.00557067
0.00555667
0.0055428
0.00552908
0.0055155
0.00550206
0.00548875
0.00547559
0.00546257
0.00544969
0.00543694
0.00542434
0.00541187
0.00539954
0.00538735
0.0053753
0.00536338
0.00535161
0.00533997
0.00532847
0.00531711
0.00530589
0.00529481
0.00528386
0.00527306
0.0052624
0.00525188
0.00524151
0.00523128
0.00522121
0.00521129
0.00520151
0.00519193
0.00518248
0.00517384
0.00999454
0.0099805
0.00996187
0.00993932
0.00991344
0.00988465
0.0098533
0.00981966
0.00978398
0.00974648
0.00970735
0.00966677
0.00962491
0.0095819
0.00953788
0.00949298
0.0094473
0.00940096
0.00935403
0.00930662
0.00925881
0.00921065
0.00916224
0.00911362
0.00906485
0.009016
0.0089671
0.00891821
0.00886937
0.00882061
0.00877198
0.0087235
0.00867521
0.00862714
0.00857931
0.00853174
0.00848446
0.00843749
0.00839084
0.00834453
0.00829859
0.00825302
0.00820784
0.00816306
0.00811869
0.00807474
0.00803123
0.00798815
0.00794552
0.00790335
0.00786163
0.00782038
0.0077796
0.00773929
0.00769946
0.00766011
0.00762125
0.00758286
0.00754497
0.00750757
0.00747065
0.00743423
0.00739831
0.00736288
0.00732794
0.0072935
0.00725956
0.00722611
0.00719316
0.0071607
0.00712874
0.00709727
0.00706629
0.0070358
0.0070058
0.00697629
0.00694724
0.00691864
0.00689048
0.00686275
0.00683544
0.00680853
0.00678202
0.00675589
0.00673014
0.00670475
0.00667973
0.00665505
0.00663072
0.00660673
0.00658306
0.00655972
0.0065367
0.00651399
0.00649158
0.00646948
0.00644767
0.00642616
0.00640493
0.00638398
0.00636332
0.00634292
0.0063228
0.00630294
0.00628334
0.00626401
0.00624492
0.0062261
0.00620752
0.00618918
0.00617109
0.00615325
0.00613563
0.00611826
0.00610111
0.0060842
0.00606751
0.00605105
0.00603482
0.0060188
0.006003
0.00598742
0.00597205
0.00595689
0.00594194
0.0059272
0.00591267
0.00589834
0.00588421
0.00587028
0.00585656
0.00584303
0.00582969
0.00581655
0.0058036
0.00579084
0.00577827
0.00576589
0.0057537
0.00574169
0.00572986
0.00571821
0.00570675
0.00569546
0.00568436
0.00567343
0.00566267
0.00565209
0.00564168
0.00563144
0.00562138
0.00561148
0.00560175
0.00559219
0.00558279
0.00557356
0.0055645
0.00555559
0.00554685
0.00553827
0.00552985
0.00552158
0.00551348
0.00550553
0.00549774
0.00549011
0.00548263
0.0054753
0.00546812
0.0054611
0.00545423
0.00544751
0.00544094
0.00543452
0.00542825
0.00542213
0.00541616
0.00541033
0.00540465
0.00539911
0.00539373
0.00538848
0.00538339
0.00537844
0.00537363
0.00536897
0.00536446
0.00536009
0.00535587
0.0053518
0.00534787
0.0053441
0.00534048
0.00533701
0.00533371
0.00533058
0.0053276
0.00532486
0.00532219
0.00532009
0.00999164
0.00996341
0.00992511
0.00987944
0.009828
0.00977179
0.00971159
0.00964805
0.00958173
0.00951314
0.00944271
0.00937081
0.00929778
0.0092239
0.00914944
0.00907463
0.00899966
0.0089247
0.00884992
0.00877545
0.0087014
0.00862788
0.00855498
0.00848279
0.00841136
0.00834077
0.00827105
0.00820227
0.00813445
0.00806762
0.00800183
0.00793708
0.0078734
0.0078108
0.0077493
0.0076889
0.00762961
0.00757143
0.00751438
0.00745844
0.00740362
0.00734993
0.00729735
0.00724588
0.00719552
0.00714626
0.0070981
0.00705102
0.00700503
0.0069601
0.00691624
0.00687344
0.00683168
0.00679095
0.00675126
0.00671258
0.00667491
0.00663824
0.00660256
0.00656786
0.00653413
0.00650137
0.00646957
0.00643871
0.0064088
0.00637982
0.00635176
0.00632463
0.00629841
0.00627309
0.00624867
0.00622513
0.00620247
0.0061807
0.0061598
0.00613971
0.00612025
0.00610141
0.00608314
0.00606543
0.00604825
0.00603157
0.00601539
0.00599968
0.00598443
0.00596963
0.00595526
0.0059413
0.00592775
0.0059146
0.00590183
0.00588944
0.00587742
0.00586577
0.00585446
0.0058435
0.00583288
0.00582259
0.00581263
0.00580299
0.00579367
0.00578465
0.00577594
0.00576753
0.00575941
0.00575158
0.00574404
0.00573678
0.0057298
0.00572309
0.00571665
0.00571047
0.00570456
0.00569891
0.00569351
0.00568836
0.00568346
0.00567881
0.0056744
0.00567023
0.00566629
0.00566259
0.00565911
0.00565586
0.00565284
0.00565004
0.00564745
0.00564508
0.00564293
0.00564098
0.00563925
0.00563772
0.00563639
0.00563527
0.00563435
0.00563362
0.00563309
0.00563274
0.00563259
0.00563263
0.00563285
0.00563325
0.00563384
0.0056346
0.00563554
0.00563665
0.00563794
0.00563939
0.00564102
0.00564281
0.00564476
0.00564688
0.00564916
0.0056516
0.00565419
0.00565694
0.00565983
0.00566289
0.00566609
0.00566943
0.00567293
0.00567657
0.00568035
0.00568427
0.00568833
0.00569253
0.00569686
0.00570133
0.00570593
0.00571066
0.00571552
0.00572051
0.00572562
0.00573087
0.00573624
0.00574173
0.00574734
0.00575307
0.00575892
0.0057649
0.00577099
0.00577719
0.00578352
0.00578996
0.00579651
0.00580319
0.00580997
0.00581687
0.00582389
0.00583101
0.00583826
0.00584562
0.0058531
0.0058607
0.00586841
0.00587625
0.00588422
0.00589239
0.00590062
0.00590925
0.00997384
0.00987094
0.00974774
0.00961188
0.00946744
0.00931731
0.00916364
0.00900814
0.00885211
0.00869659
0.0085424
0.00839018
0.00824044
0.00809358
0.0079499
0.00780962
0.00767292
0.00753991
0.00741067
0.00728525
0.00716367
0.00704591
0.00693197
0.00682179
0.00671535
0.00661257
0.00651339
0.00641776
0.00632559
0.00623681
0.00615134
0.0060691
0.00599002
0.00591402
0.00584102
0.00577095
0.00570372
0.00563927
0.00557752
0.0055184
0.00546185
0.0054078
0.00535618
0.00530694
0.00526004
0.0052154
0.00517297
0.00513269
0.00509451
0.00505838
0.00502424
0.00499205
0.00496175
0.00493332
0.00490671
0.00488189
0.00485882
0.00483746
0.00481779
0.00479978
0.00478338
0.00476858
0.00475533
0.00474363
0.00473343
0.00472472
0.00471748
0.00471168
0.00470731
0.00470434
0.00470276
0.00470254
0.00470365
0.00470566
0.00470801
0.00471071
0.00471373
0.00471708
0.00472075
0.00472473
0.00472902
0.00473363
0.00473854
0.00474377
0.0047493
0.00475513
0.00476127
0.00476772
0.00477446
0.00478151
0.00478886
0.00479652
0.00480448
0.00481273
0.00482128
0.00483013
0.00483928
0.00484872
0.00485846
0.0048685
0.00487882
0.00488944
0.00490035
0.00491155
0.00492304
0.00493481
0.00494687
0.00495922
0.00497184
0.00498475
0.00499794
0.0050114
0.00502515
0.00503916
0.00505345
0.00506801
0.00508284
0.00509794
0.00511331
0.00512894
0.00514483
0.00516098
0.00517739
0.00519405
0.00521097
0.00522814
0.00524556
0.00526323
0.00528114
0.00529929
0.00531769
0.00533632
0.00535519
0.00537429
0.00539363
0.00541319
0.00543298
0.00545299
0.00547322
0.00549367
0.00551433
0.00553521
0.00555629
0.00557759
0.00559908
0.00562077
0.00564266
0.00566474
0.00568702
0.00570948
0.00573213
0.00575497
0.00577798
0.00580117
0.00582453
0.00584805
0.00587175
0.0058956
0.00591962
0.00594379
0.00596811
0.00599258
0.0060172
0.00604196
0.00606685
0.00609189
0.00611705
0.00614234
0.00616775
0.00619328
0.00621894
0.0062447
0.00627057
0.00629656
0.00632264
0.00634883
0.00637512
0.00640149
0.00642796
0.00645451
0.00648115
0.00650786
0.00653466
0.00656152
0.00658845
0.00661546
0.00664252
0.00666964
0.00669683
0.00672406
0.00675135
0.00677868
0.00680605
0.00683345
0.0068609
0.0068883
0.00691582
0.00694325
0.00697065
0.00699737
0.00945782
0.00877483
0.00814994
0.00757768
0.00705293
0.00657113
0.00612823
0.00572067
0.00534525
0.00499913
0.00467978
0.0043849
0.00411242
0.00386047
0.00362736
0.00341156
0.00321166
0.0030264
0.0028546
0.00269521
0.00254725
0.00240985
0.00228217
0.00216348
0.00205309
0.00195038
0.00185476
0.0017657
0.00168271
0.00160536
0.00153321
0.00146589
0.00140305
0.00134437
0.00128954
0.00123829
0.00119037
0.00114554
0.00110358
0.0010643
0.00102751
0.000993039
0.00096073
0.000930417
0.000901955
0.000875228
0.000850124
0.000826543
0.000804387
0.00078357
0.000764008
0.000745624
0.000728347
0.000712111
0.000696854
0.000682519
0.000669053
0.000656407
0.000644533
0.00063339
0.000622938
0.00061314
0.000603961
0.00059537
0.000587336
0.000579833
0.000572834
0.000566315
0.000560255
0.000554632
0.000549427
0.000544622
0.000540198
0.000536012
0.000531899
0.000527872
0.000523941
0.000520113
0.000516394
0.000512791
0.000509304
0.000505937
0.00050269
0.000499565
0.00049656
0.000493676
0.000490911
0.000488265
0.000485735
0.000483319
0.000481017
0.000478826
0.000476743
0.000474767
0.000472896
0.000471128
0.00046946
0.000467889
0.000466415
0.000465035
0.000463747
0.000462549
0.000461439
0.000460415
0.000459475
0.000458618
0.000457841
0.000457144
0.000456525
0.000455981
0.000455512
0.000455116
0.000454791
0.000454537
0.000454351
0.000454234
0.000454183
0.000454197
0.000454276
0.000454418
0.000454622
0.000454887
0.000455212
0.000455596
0.000456039
0.000456539
0.000457096
0.000457708
0.000458376
0.000459098
0.000459873
0.000460701
0.000461581
0.000462513
0.000463495
0.000464527
0.000465609
0.00046674
0.000467919
0.000469147
0.000470421
0.000471743
0.00047311
0.000474523
0.000475982
0.000477484
0.000479032
0.000480623
0.000482257
0.000483934
0.000485654
0.000487415
0.000489219
0.000491063
0.000492948
0.000494873
0.000496839
0.000498844
0.000500888
0.000502971
0.000505092
0.000507252
0.000509449
0.000511683
0.000513954
0.000516262
0.000518606
0.000520987
0.000523403
0.000525854
0.00052834
0.00053086
0.000533415
0.000536004
0.000538627
0.000541283
0.000543972
0.000546694
0.000549448
0.000552235
0.000555053
0.000557903
0.000560785
0.000563697
0.00056664
0.000569614
0.000572618
0.000575651
0.000578714
0.000581806
0.000584927
0.000588073
0.000591243
0.000594438
0.000597656
0.000600901
0.000604163
0.000607445
0.000610752
0.000613824
)
;

boundaryField
{
    walls
    {
        type            kqRWallFunction;
        value           nonuniform List<scalar> 
400
(
0.00963388
0.00893195
0.00829624
0.00771698
0.00718725
0.00670154
0.00625531
0.00584467
0.00546626
0.00511714
0.0047947
0.00449661
0.00422081
0.00396541
0.00372873
0.00350924
0.00330556
0.00311644
0.00294073
0.00277739
0.00262546
0.00248407
0.00235242
0.00222978
0.00211548
0.0020089
0.00190946
0.00181666
0.00173001
0.00164905
0.0015734
0.00150266
0.00143649
0.00137457
0.0013166
0.00126231
0.00121144
0.00116376
0.00111905
0.00107711
0.00103775
0.0010008
0.000966103
0.000933507
0.000902876
0.000874075
0.000846964
0.000821442
0.00079741
0.00077478
0.000753466
0.00073339
0.000714479
0.000696664
0.000679881
0.000664071
0.000649179
0.000635151
0.000621941
0.000609502
0.000597794
0.000586776
0.000576412
0.000566668
0.000557512
0.000548914
0.000540848
0.000533286
0.000526206
0.000519585
0.000513402
0.000507637
0.000502273
0.000497293
0.00049268
0.00048842
0.0004845
0.000480905
0.00047754
0.000474215
0.000470946
0.000467743
0.000464615
0.000461571
0.000458615
0.000455753
0.000452988
0.000450322
0.000447757
0.000445294
0.000442933
0.000440675
0.00043852
0.000436466
0.000434514
0.000432661
0.000430908
0.000429252
0.000427692
0.000426227
0.000424856
0.000423576
0.000422386
0.000421285
0.00042027
0.00041934
0.000418493
0.000417727
0.00041704
0.000416431
0.000415898
0.00041544
0.000415054
0.00041474
0.000414495
0.00041432
0.000414212
0.00041417
0.000414193
0.000414279
0.000414429
0.00041464
0.000414911
0.000415242
0.000415632
0.00041608
0.000416584
0.000417145
0.000417761
0.000418432
0.000419156
0.000419933
0.000420763
0.000421645
0.000422578
0.000423562
0.000424596
0.000425679
0.000426812
0.000427993
0.000429222
0.000430498
0.000431822
0.000433192
0.000434608
0.00043607
0.000437577
0.000439129
0.000440726
0.000442367
0.000444052
0.00044578
0.000447551
0.000449365
0.000451221
0.000453119
0.00045506
0.000457041
0.000459064
0.000461127
0.000463231
0.000465376
0.00046756
0.000469784
0.000472047
0.00047435
0.000476692
0.000479072
0.00048149
0.000483947
0.000486441
0.000488974
0.000491543
0.00049415
0.000496794
0.000499474
0.000502192
0.000504945
0.000507734
0.00051056
0.000513421
0.000516318
0.00051925
0.000522217
0.000525219
0.000528255
0.000531325
0.00053443
0.000537568
0.00054074
0.000543945
0.000547183
0.000550452
0.000553755
0.000557088
0.000560456
0.000563847
0.000567268
0.000570717
0.000574107
0.00945782
0.00877483
0.00814994
0.00757768
0.00705293
0.00657113
0.00612823
0.00572067
0.00534525
0.00499913
0.00467978
0.0043849
0.00411242
0.00386047
0.00362736
0.00341156
0.00321166
0.0030264
0.0028546
0.00269521
0.00254725
0.00240985
0.00228217
0.00216348
0.00205309
0.00195038
0.00185476
0.0017657
0.00168271
0.00160536
0.00153321
0.00146589
0.00140305
0.00134437
0.00128954
0.00123829
0.00119037
0.00114554
0.00110358
0.0010643
0.00102751
0.000993039
0.00096073
0.000930417
0.000901955
0.000875228
0.000850124
0.000826543
0.000804387
0.00078357
0.000764008
0.000745624
0.000728347
0.000712111
0.000696854
0.000682519
0.000669053
0.000656407
0.000644533
0.00063339
0.000622938
0.00061314
0.000603961
0.00059537
0.000587336
0.000579833
0.000572834
0.000566315
0.000560255
0.000554632
0.000549427
0.000544622
0.000540198
0.000536012
0.000531899
0.000527872
0.000523941
0.000520113
0.000516394
0.000512791
0.000509304
0.000505937
0.00050269
0.000499565
0.00049656
0.000493676
0.000490911
0.000488265
0.000485735
0.000483319
0.000481017
0.000478826
0.000476743
0.000474767
0.000472896
0.000471128
0.00046946
0.000467889
0.000466415
0.000465035
0.000463747
0.000462549
0.000461439
0.000460415
0.000459475
0.000458618
0.000457841
0.000457144
0.000456525
0.000455981
0.000455512
0.000455116
0.000454791
0.000454537
0.000454351
0.000454234
0.000454183
0.000454197
0.000454276
0.000454418
0.000454622
0.000454887
0.000455212
0.000455596
0.000456039
0.000456539
0.000457096
0.000457708
0.000458376
0.000459098
0.000459873
0.000460701
0.000461581
0.000462513
0.000463495
0.000464527
0.000465609
0.00046674
0.000467919
0.000469147
0.000470421
0.000471743
0.00047311
0.000474523
0.000475982
0.000477484
0.000479032
0.000480623
0.000482257
0.000483934
0.000485654
0.000487415
0.000489219
0.000491063
0.000492948
0.000494873
0.000496839
0.000498844
0.000500888
0.000502971
0.000505092
0.000507252
0.000509449
0.000511683
0.000513954
0.000516262
0.000518606
0.000520987
0.000523403
0.000525854
0.00052834
0.00053086
0.000533415
0.000536004
0.000538627
0.000541283
0.000543972
0.000546694
0.000549448
0.000552235
0.000555053
0.000557903
0.000560785
0.000563697
0.00056664
0.000569614
0.000572618
0.000575651
0.000578714
0.000581806
0.000584927
0.000588073
0.000591243
0.000594438
0.000597656
0.000600901
0.000604163
0.000607445
0.000610752
0.000613824
)
;
    }
    inlet
    {
        type            fixedValue;
        value           uniform 0.01;
    }
    outlet
    {
        type            freestream;
        freestreamValue uniform 0.01;
        value           nonuniform List<scalar> 
20
(
0.000574107
0.0067395
0.00570545
0.00515273
0.00504559
0.00510043
0.00519459
0.00528233
0.00534764
0.00538532
0.00539405
0.00537457
0.00532883
0.0052633
0.00519573
0.00517384
0.00532009
0.00590925
0.00699737
0.000613824
)
;
    }
    frontAndBack
    {
        type            empty;
    }
}


// ************************************************************************* //
