/*--------------------------------*- C++ -*----------------------------------*\
| =========                 |                                                 |
| \\      /  F ield         | OpenFOAM: The Open Source CFD Toolbox           |
|  \\    /   O peration     | Version:  5.x                                   |
|   \\  /    A nd           | Web:      www.OpenFOAM.org                      |
|    \\/     M anipulation  |                                                 |
\*---------------------------------------------------------------------------*/
/*   Windows 32 and 64 bit porting by blueCAPE: http://www.bluecape.com.pt   *\
|  Based on Windows porting (2.0.x v4) by Symscape: http://www.symscape.com   |
\*---------------------------------------------------------------------------*/
FoamFile
{
    version     2.0;
    format      ascii;
    class       volScalarField;
    location    "2771";
    object      p;
}
// * * * * * * * * * * * * * * * * * * * * * * * * * * * * * * * * * * * * * //

dimensions      [0 2 -2 0 0 0 0];

internalField   nonuniform List<scalar> 
4000
(
0.0259144
0.0204494
0.0176916
0.0161321
0.0148769
0.0138604
0.0130588
0.0123904
0.0118267
0.0113351
0.0108955
0.0105009
0.0101479
0.00983072
0.00954413
0.00928197
0.00903917
0.00881323
0.00860257
0.00840508
0.00821868
0.00804251
0.00787524
0.00771543
0.007562
0.00741409
0.00727101
0.007132
0.00699639
0.00686377
0.00673376
0.00660595
0.00647999
0.0063556
0.00623264
0.00611094
0.00599041
0.00587102
0.00575271
0.00563538
0.00551891
0.00540317
0.00528813
0.0051737
0.00505991
0.00494712
0.0048347
0.00472192
0.00460916
0.00449671
0.00438467
0.0042731
0.00416202
0.00405147
0.00394144
0.00383194
0.00372298
0.00361461
0.00350686
0.00339978
0.00329342
0.00318783
0.00308304
0.00297911
0.00287606
0.00277394
0.00267279
0.00257268
0.00247361
0.00237562
0.0022788
0.00218322
0.002089
0.00199628
0.00190525
0.00181627
0.00172984
0.00164713
0.00156912
0.00149092
0.00140866
0.00132466
0.00124036
0.00115603
0.00107187
0.000988076
0.000904777
0.000822054
0.000739977
0.000658605
0.000577985
0.000498162
0.000419172
0.000341053
0.00026384
0.00018757
0.000112275
3.79987e-005
-3.52358e-005
-0.000107378
-0.000178465
-0.000248575
-0.000317646
-0.000385616
-0.000452464
-0.000518171
-0.000582711
-0.00064606
-0.000708196
-0.000769098
-0.000828747
-0.000887124
-0.000944211
-0.000999992
-0.00105445
-0.00110757
-0.00115935
-0.00120976
-0.00125879
-0.00130642
-0.00135265
-0.00139745
-0.00144081
-0.00148272
-0.00152316
-0.00156213
-0.00159962
-0.0016356
-0.00167008
-0.00170304
-0.00173447
-0.00176437
-0.00179272
-0.00181953
-0.00184476
-0.00186843
-0.00189052
-0.00191103
-0.00192994
-0.00194726
-0.00196298
-0.0019771
-0.0019896
-0.0020005
-0.00200977
-0.00201743
-0.00202347
-0.00202789
-0.0020307
-0.00203188
-0.00203143
-0.00202936
-0.00202567
-0.00202034
-0.0020134
-0.00200485
-0.00199468
-0.0019829
-0.00196951
-0.00195452
-0.00193793
-0.00191973
-0.00189995
-0.00187858
-0.00185563
-0.0018311
-0.00180499
-0.00177733
-0.00174812
-0.00171736
-0.00168508
-0.00165126
-0.00161591
-0.00157905
-0.00154069
-0.00150082
-0.00145946
-0.00141661
-0.00137227
-0.00132646
-0.00127918
-0.00123041
-0.00118018
-0.00112845
-0.00107524
-0.00102051
-0.000964248
-0.000906421
-0.000846969
-0.00078587
-0.000722953
-0.000658363
-0.000591373
-0.00052332
-0.00045036
-0.000381165
-0.000294092
-0.000240294
-9.48799e-005
-0.000165576
0.0181337
0.0175471
0.0165764
0.0156106
0.0146775
0.0138496
0.0131437
0.0125374
0.0119961
0.011504
0.0110577
0.010654
0.0102947
0.00997188
0.00968043
0.00941372
0.00916561
0.00893496
0.00872039
0.0085191
0.00832908
0.00814977
0.00797911
0.00781586
0.00765923
0.00750836
0.00736264
0.00722118
0.0070832
0.00694855
0.00681683
0.00668758
0.00656036
0.00643485
0.00631088
0.00618827
0.00606694
0.00594688
0.00582801
0.00571023
0.00559335
0.00547717
0.00536159
0.00524633
0.0051311
0.00501555
0.00490029
0.00478616
0.0046729
0.00456031
0.00444837
0.00433703
0.00422628
0.00411612
0.00400651
0.00389744
0.00378891
0.00368096
0.00357363
0.00346697
0.00336103
0.00325587
0.00315151
0.003048
0.00294538
0.00284367
0.00274291
0.00264313
0.00254441
0.00244678
0.00235029
0.002255
0.00216097
0.00206829
0.00197703
0.00188719
0.00179867
0.00171072
0.00162234
0.00153467
0.00144879
0.0013638
0.00127926
0.00119512
0.00111139
0.00102811
0.000945354
0.000863175
0.000781628
0.000700763
0.000620626
0.00054126
0.000462703
0.000384991
0.000308158
0.000232243
0.000157282
8.33386e-005
1.0447e-005
-6.1131e-005
-0.000131592
-0.000201337
-0.000270175
-0.000337962
-0.000404657
-0.000470228
-0.00053464
-0.000597868
-0.000659888
-0.000720678
-0.00078022
-0.000838495
-0.000895485
-0.000951174
-0.00100555
-0.00105859
-0.00111029
-0.00116063
-0.00120959
-0.00125716
-0.00130333
-0.00134807
-0.00139138
-0.00143325
-0.00147366
-0.00151259
-0.00155004
-0.00158601
-0.00162046
-0.00165341
-0.00168483
-0.00171472
-0.00174307
-0.00176987
-0.00179511
-0.00181878
-0.00184088
-0.0018614
-0.00188034
-0.00189768
-0.00191342
-0.00192757
-0.00194011
-0.00195104
-0.00196036
-0.00196806
-0.00197415
-0.00197863
-0.00198149
-0.00198273
-0.00198234
-0.00198034
-0.00197671
-0.00197147
-0.00196461
-0.00195614
-0.00194605
-0.00193437
-0.00192107
-0.00190617
-0.00188967
-0.00187158
-0.0018519
-0.00183064
-0.00180781
-0.00178341
-0.00175745
-0.00172993
-0.00170086
-0.00167025
-0.0016381
-0.00160442
-0.00156922
-0.00153251
-0.0014943
-0.00145459
-0.00141338
-0.0013707
-0.00132654
-0.0012809
-0.0012338
-0.00118523
-0.00113519
-0.00108368
-0.00103069
-0.000976202
-0.000920198
-0.000862654
-0.000803512
-0.000742768
-0.000680227
-0.000616126
-0.000549503
-0.000482372
-0.00040907
-0.000343184
-0.000248864
-0.000215651
-4.8384e-005
-0.000200337
0.0156919
0.0162263
0.01554
0.0147992
0.0140785
0.0134065
0.0127852
0.0122452
0.0117596
0.0113105
0.010895
0.0105198
0.0101833
0.00988308
0.00961145
0.00935608
0.0091149
0.00889113
0.00868466
0.00848941
0.00830334
0.00813049
0.00796599
0.00780808
0.00765618
0.00750959
0.00736792
0.00722989
0.00709474
0.0069626
0.00683285
0.00670516
0.00657902
0.00645425
0.00633078
0.00620841
0.00608725
0.00596745
0.00584892
0.00573152
0.00561498
0.00549929
0.00538453
0.00527003
0.00515546
0.00504123
0.00492764
0.00481468
0.00470214
0.00458999
0.00447832
0.00436718
0.00425659
0.00414655
0.00403702
0.00392795
0.00381939
0.00371137
0.00360398
0.00349729
0.00339136
0.00328623
0.00318195
0.00307855
0.00297607
0.00287453
0.00277396
0.0026744
0.0025759
0.00247848
0.00238219
0.00228703
0.00219306
0.0021003
0.00200874
0.00191831
0.00182879
0.00173953
0.00164963
0.00156093
0.00147467
0.00138938
0.00130449
0.00122006
0.00113612
0.00105267
0.000969784
0.000887508
0.000805898
0.000725002
0.000644862
0.000565516
0.000487002
0.000409354
0.000332605
0.000256786
0.000181924
0.000108059
3.52026e-005
-3.65328e-005
-0.000107273
-0.00017709
-0.000245776
-0.000313316
-0.000379722
-0.000444978
-0.000509062
-0.000571956
-0.000633638
-0.000694092
-0.000753298
-0.000811238
-0.000867893
-0.000923244
-0.000977277
-0.00102998
-0.00108134
-0.00113133
-0.00117995
-0.00122716
-0.00127298
-0.00131737
-0.00136032
-0.00140184
-0.00144189
-0.00148047
-0.00151757
-0.00155318
-0.00158728
-0.00161987
-0.00165094
-0.00168048
-0.00170847
-0.00173491
-0.00175979
-0.00178311
-0.00180486
-0.00182503
-0.00184362
-0.00186061
-0.00187602
-0.00188982
-0.00190202
-0.00191262
-0.00192161
-0.00192898
-0.00193475
-0.0019389
-0.00194144
-0.00194236
-0.00194167
-0.00193936
-0.00193543
-0.00192989
-0.00192274
-0.00191397
-0.0019036
-0.00189163
-0.00187805
-0.00186288
-0.00184612
-0.00182776
-0.00180783
-0.00178631
-0.00176323
-0.00173858
-0.00171236
-0.00168459
-0.00165527
-0.00162442
-0.00159203
-0.00155813
-0.00152271
-0.00148579
-0.00144737
-0.00140746
-0.00136607
-0.00132321
-0.00127889
-0.0012331
-0.00118587
-0.00113718
-0.00108706
-0.00103549
-0.000982467
-0.000927997
-0.000872062
-0.000814656
-0.000755733
-0.000695323
-0.000633199
-0.00056975
-0.000503592
-0.00043797
-0.000363197
-0.000305266
-0.000211799
-0.00019179
-4.65228e-005
-0.000180108
0.0134774
0.014079
0.0139893
0.0136905
0.0132757
0.0128145
0.0123404
0.0118761
0.0114537
0.0110715
0.0107211
0.0104051
0.0101105
0.00983683
0.00958218
0.0093411
0.00910857
0.00889033
0.0086935
0.00851021
0.00833297
0.00816457
0.00800201
0.00784558
0.00769458
0.007548
0.0074072
0.00726801
0.0071308
0.00699847
0.00686923
0.00674234
0.00661665
0.0064923
0.00636934
0.00624728
0.00612645
0.00600706
0.00588913
0.00577266
0.00565682
0.00554107
0.00542566
0.00531022
0.00519478
0.00507962
0.0049649
0.00485088
0.00473754
0.00462486
0.00451285
0.00440151
0.00429086
0.0041809
0.00407153
0.00396258
0.00385409
0.00374612
0.00363878
0.00353218
0.00342637
0.00332136
0.00321721
0.00311395
0.0030116
0.00291017
0.00280969
0.0027102
0.00261174
0.00251434
0.002418
0.00232272
0.00222854
0.00213543
0.00204339
0.00195238
0.00186228
0.00177294
0.0016842
0.00159644
0.0015098
0.00142385
0.00133845
0.00125365
0.00116943
0.0010858
0.00100278
0.000920429
0.00083878
0.000757868
0.000677725
0.000598382
0.000519871
0.000442223
0.000365466
0.000289621
0.000214705
0.000140697
6.75993e-005
-4.89221e-006
-7.65635e-005
-0.000146853
-0.000215843
-0.000283652
-0.000350284
-0.000415725
-0.000479969
-0.000543002
-0.00060481
-0.00066538
-0.000724695
-0.000782737
-0.00083949
-0.000894936
-0.000949061
-0.00100185
-0.0010533
-0.00110338
-0.00115208
-0.00119939
-0.00124529
-0.00128977
-0.00133282
-0.00137443
-0.00141458
-0.00145326
-0.00149046
-0.00152616
-0.00156037
-0.00159307
-0.00162424
-0.00165388
-0.00168198
-0.00170853
-0.00173353
-0.00175696
-0.00177882
-0.0017991
-0.0018178
-0.00183491
-0.00185043
-0.00186435
-0.00187667
-0.00188739
-0.00189651
-0.00190402
-0.00190991
-0.0019142
-0.00191687
-0.00191794
-0.00191738
-0.00191521
-0.00191143
-0.00190603
-0.00189902
-0.00189041
-0.00188018
-0.00186836
-0.00185493
-0.00183991
-0.0018233
-0.0018051
-0.00178532
-0.00176396
-0.00174103
-0.00171654
-0.00169049
-0.00166289
-0.00163374
-0.00160306
-0.00157085
-0.00153712
-0.00150188
-0.00146514
-0.0014269
-0.00138718
-0.00134599
-0.00130333
-0.00125921
-0.00121364
-0.00116664
-0.0011182
-0.00106834
-0.00101706
-0.000964366
-0.000910268
-0.000854763
-0.00079786
-0.000739532
-0.000679836
-0.000618575
-0.000556215
-0.000491355
-0.000427783
-0.000356329
-0.000300107
-0.000213957
-0.000190051
-6.12924e-005
-0.000161823
0.0125417
0.0128809
0.0128797
0.0127296
0.0124708
0.0121513
0.0118042
0.0114508
0.0111108
0.0107888
0.0104819
0.0101939
0.0099231
0.009665
0.00941931
0.00919558
0.00898918
0.0087961
0.00861523
0.00844392
0.00828069
0.00811971
0.00796311
0.00781143
0.00766359
0.00751996
0.00738564
0.00725557
0.0071251
0.00699567
0.00686901
0.00674456
0.00661953
0.00649539
0.0063723
0.00624914
0.00612763
0.00600836
0.00589067
0.00577381
0.00565721
0.00554087
0.00542465
0.00530856
0.00519338
0.00507896
0.004965
0.00485171
0.00473898
0.00462683
0.00451531
0.00440454
0.0042945
0.00418515
0.0040762
0.00396743
0.00385904
0.00375109
0.00364374
0.00353719
0.00343149
0.00332665
0.00322271
0.0031197
0.00301763
0.0029165
0.00281626
0.00271699
0.00261876
0.0025216
0.00242547
0.00233037
0.00223629
0.00214319
0.00205107
0.00195989
0.00186958
0.00178002
0.00169109
0.00160293
0.00151575
0.00142946
0.00134389
0.00125899
0.00117472
0.00109107
0.00100806
0.00092575
0.000844161
0.000763323
0.000683265
0.000604017
0.000525613
0.000448081
0.00037145
0.000295742
0.000220976
0.000147167
7.4335e-005
2.48631e-006
-6.82882e-005
-0.000137913
-0.000206427
-0.000273827
-0.000340084
-0.000405177
-0.000469086
-0.000531796
-0.000593292
-0.000653558
-0.000712574
-0.000770321
-0.000826782
-0.000881943
-0.000935788
-0.0009883
-0.00103946
-0.00108926
-0.00113767
-0.00118469
-0.00123031
-0.00127451
-0.00131728
-0.00135861
-0.00139848
-0.00143688
-0.0014738
-0.00150923
-0.00154316
-0.00157557
-0.00160647
-0.00163584
-0.00166367
-0.00168995
-0.00171467
-0.00173783
-0.00175943
-0.00177944
-0.00179788
-0.00181472
-0.00182998
-0.00184364
-0.0018557
-0.00186617
-0.00187504
-0.00188231
-0.00188797
-0.00189203
-0.00189447
-0.0018953
-0.00189452
-0.00189213
-0.00188813
-0.00188252
-0.0018753
-0.00186647
-0.00185604
-0.00184402
-0.0018304
-0.00181519
-0.00179839
-0.00178001
-0.00176005
-0.00173852
-0.00171542
-0.00169076
-0.00166455
-0.00163678
-0.00160748
-0.00157665
-0.0015443
-0.00151043
-0.00147506
-0.0014382
-0.00139985
-0.00136002
-0.00131873
-0.00127599
-0.00123181
-0.00118619
-0.00113915
-0.00109071
-0.00104088
-0.000989662
-0.000937082
-0.000883153
-0.000827891
-0.000771322
-0.000713447
-0.000654345
-0.000593885
-0.000532546
-0.000469131
-0.000407244
-0.000339088
-0.000283564
-0.00020532
-0.000177295
-6.64504e-005
-0.000141858
0.0117783
0.0119859
0.011998
0.0119152
0.0117508
0.01153
0.0112758
0.0110051
0.0107331
0.0104674
0.0102101
0.00996466
0.00973095
0.00950831
0.00929562
0.00909615
0.00890996
0.00873447
0.00855726
0.00838174
0.00821969
0.008064
0.0079146
0.00777023
0.00763031
0.00749466
0.00736287
0.00723732
0.00711399
0.00698733
0.00686212
0.00673942
0.00661466
0.00649283
0.0063754
0.00625683
0.00613629
0.00601661
0.00589853
0.005781
0.00566447
0.00554893
0.00543351
0.0053176
0.00520058
0.00508348
0.00496819
0.00485451
0.00474179
0.00462976
0.00451837
0.00440772
0.00429795
0.00418943
0.00408147
0.00397325
0.0038652
0.0037575
0.00365045
0.00354434
0.00343907
0.00333459
0.003231
0.00312833
0.00302662
0.00292585
0.0028259
0.00272697
0.00262909
0.00253226
0.00243634
0.00234137
0.00224732
0.00215414
0.00206192
0.00197061
0.00188015
0.00179056
0.00170178
0.00161386
0.00152682
0.00144061
0.0013551
0.00127024
0.00118601
0.00110239
0.00101943
0.000937192
0.000855719
0.000775028
0.000695138
0.000616075
0.000537867
0.000460536
0.000384107
0.000308596
0.000234021
0.000160391
8.77221e-005
1.60073e-005
-5.47204e-005
-0.000124373
-0.000192897
-0.000260268
-0.000326469
-0.000391483
-0.000455298
-0.000517901
-0.000579283
-0.00063943
-0.000698322
-0.000755944
-0.00081228
-0.000867318
-0.000921043
-0.000973431
-0.00102446
-0.00107413
-0.00112241
-0.00116931
-0.00121481
-0.0012589
-0.00130156
-0.00134279
-0.00138255
-0.00142085
-0.00145767
-0.001493
-0.00152683
-0.00155915
-0.00158996
-0.00161924
-0.00164699
-0.00167319
-0.00169783
-0.00172091
-0.00174243
-0.00176237
-0.00178073
-0.00179751
-0.00181269
-0.00182628
-0.00183828
-0.00184868
-0.0018575
-0.00186473
-0.00187036
-0.00187438
-0.0018768
-0.0018776
-0.0018768
-0.00187439
-0.00187037
-0.00186474
-0.00185751
-0.00184868
-0.00183825
-0.00182623
-0.00181261
-0.0017974
-0.00178061
-0.00176224
-0.0017423
-0.00172078
-0.0016977
-0.00167307
-0.00164688
-0.00161915
-0.00158989
-0.0015591
-0.0015268
-0.00149299
-0.00145768
-0.00142088
-0.0013826
-0.00134285
-0.00130165
-0.00125901
-0.00121493
-0.00116944
-0.00112254
-0.00107427
-0.00102462
-0.000973636
-0.000921327
-0.000867724
-0.000812857
-0.000756769
-0.000699488
-0.000641113
-0.00058158
-0.000521346
-0.000459491
-0.000399118
-0.000334036
-0.000279078
-0.000206628
-0.000174713
-7.44482e-005
-0.000131264
0.0111858
0.0113212
0.0113279
0.0112681
0.0111495
0.0109862
0.0107935
0.0105831
0.0103656
0.0101478
0.00993259
0.00972311
0.00952035
0.00932471
0.00913606
0.00895588
0.00878389
0.00861933
0.00845931
0.00830404
0.00815545
0.00801113
0.00787088
0.00773438
0.00760313
0.00747561
0.00734238
0.00720856
0.00708136
0.00695719
0.00683343
0.00671069
0.00658857
0.00647054
0.00635699
0.00624252
0.00612489
0.00600754
0.00589117
0.00577406
0.00565689
0.0055432
0.00543071
0.0053156
0.00519905
0.00508228
0.00496714
0.00485338
0.00474046
0.0046284
0.00451729
0.00440748
0.00429894
0.00419057
0.00408215
0.0039737
0.00386543
0.00375679
0.00364859
0.00354205
0.00343667
0.00333228
0.00322888
0.00312643
0.00302501
0.00292455
0.00282487
0.00272608
0.00262833
0.00253172
0.00243611
0.00234161
0.002248
0.00215499
0.00206289
0.00197165
0.00188121
0.00179167
0.00170296
0.00161506
0.00152802
0.00144182
0.00135638
0.00127162
0.00118748
0.00110395
0.00102108
0.000938961
0.000857639
0.000777098
0.000697358
0.00061845
0.000540404
0.000463242
0.000386986
0.000311655
0.000237268
0.000163842
9.13973e-005
1.99523e-005
-5.04623e-005
-0.000119803
-0.000188041
-0.00025515
-0.000321102
-0.000385865
-0.000449431
-0.000511792
-0.000572937
-0.00063285
-0.000691512
-0.00074891
-0.000805028
-0.000859852
-0.000913363
-0.000965535
-0.00101635
-0.0010658
-0.00111387
-0.00116055
-0.00120585
-0.00124973
-0.0012922
-0.00133321
-0.00137277
-0.00141087
-0.00144748
-0.00148261
-0.00151624
-0.00154837
-0.00157897
-0.00160806
-0.00163561
-0.00166161
-0.00168607
-0.00170896
-0.00173029
-0.00175005
-0.00176822
-0.00178481
-0.00179981
-0.00181321
-0.00182503
-0.00183527
-0.00184392
-0.00185099
-0.00185645
-0.00186031
-0.00186256
-0.0018632
-0.00186223
-0.00185966
-0.00185548
-0.0018497
-0.00184233
-0.00183335
-0.00182278
-0.00181061
-0.00179686
-0.00178151
-0.00176459
-0.00174609
-0.00172601
-0.00170437
-0.00168117
-0.00165642
-0.00163012
-0.00160228
-0.00157292
-0.00154203
-0.00150963
-0.00147573
-0.00144034
-0.00140346
-0.00136511
-0.0013253
-0.00128405
-0.00124136
-0.00119725
-0.00115174
-0.00110485
-0.0010566
-0.00100701
-0.000956116
-0.000903938
-0.00085052
-0.000795904
-0.000740148
-0.000683304
-0.000625489
-0.000566697
-0.000507352
-0.000446775
-0.000387592
-0.000324869
-0.000270511
-0.000202333
-0.000168345
-7.61423e-005
-0.000123077
0.010681
0.0107711
0.0107728
0.0107254
0.010635
0.0105098
0.0103601
0.0101941
0.0100194
0.00984115
0.00966251
0.009486
0.00931294
0.00914407
0.0089796
0.00882034
0.00866617
0.00851673
0.00837037
0.00822674
0.00808712
0.00795075
0.00781736
0.00768654
0.00755812
0.00743181
0.00730565
0.00718134
0.00705946
0.0069387
0.00681853
0.00669975
0.00658295
0.00646466
0.00634427
0.00622561
0.00610934
0.00599392
0.00587789
0.005761
0.00564266
0.0055276
0.00541417
0.00529901
0.00518577
0.00507462
0.00496348
0.00485172
0.00473974
0.00462789
0.00451592
0.00440406
0.00429508
0.00418813
0.00408031
0.00397217
0.00386459
0.00375765
0.0036507
0.00354423
0.00343875
0.00333413
0.0032307
0.00312834
0.00302694
0.00292654
0.00282729
0.00272926
0.00263239
0.00253613
0.00244044
0.00234554
0.00225138
0.00215794
0.0020654
0.00197393
0.00188335
0.00179367
0.00170491
0.00161702
0.00152999
0.00144384
0.00135843
0.00127364
0.00118937
0.00110561
0.00102241
0.000940095
0.000858789
0.000778347
0.000698744
0.000619998
0.000542125
0.00046514
0.000389062
0.000313907
0.000239692
0.000166436
9.41577e-005
2.28774e-005
-4.73786e-005
-0.000116572
-0.000184647
-0.000251576
-0.000317354
-0.000381941
-0.000445328
-0.000507511
-0.000568474
-0.000628205
-0.000686686
-0.000743905
-0.000799849
-0.000854499
-0.000907833
-0.000959827
-0.00101046
-0.00105973
-0.00110763
-0.00115415
-0.00119928
-0.00124301
-0.00128532
-0.00132619
-0.00136561
-0.00140356
-0.00144003
-0.00147501
-0.0015085
-0.00154048
-0.00157094
-0.00159988
-0.00162729
-0.00165315
-0.00167748
-0.00170024
-0.00172144
-0.00174107
-0.00175911
-0.00177557
-0.00179044
-0.00180367
-0.0018153
-0.00182541
-0.00183397
-0.00184094
-0.00184632
-0.0018501
-0.00185227
-0.00185284
-0.0018518
-0.00184916
-0.00184491
-0.00183908
-0.00183164
-0.00182261
-0.00181199
-0.00179977
-0.00178597
-0.00177058
-0.0017536
-0.00173506
-0.00171494
-0.00169326
-0.00167003
-0.00164525
-0.00161892
-0.00159106
-0.00156168
-0.00153078
-0.00149838
-0.00146447
-0.00142908
-0.0013922
-0.00135387
-0.00131407
-0.00127284
-0.00123019
-0.00118613
-0.00114068
-0.00109386
-0.0010457
-0.000996224
-0.000945466
-0.000893466
-0.000840268
-0.000785925
-0.000730509
-0.000674088
-0.000616793
-0.000558661
-0.000500087
-0.000440567
-0.00038234
-0.000321363
-0.000267519
-0.00020212
-0.000166645
-7.89494e-005
-0.000119346
0.0102392
0.010298
0.0102952
0.0102559
0.0101846
0.0100867
0.00996905
0.00983761
0.00969752
0.00955267
0.00940561
0.00925832
0.00911198
0.00896736
0.00882483
0.00868489
0.00854758
0.00841281
0.00827997
0.00814886
0.00801993
0.00789286
0.00776748
0.00764359
0.00752101
0.00739957
0.00727827
0.00715749
0.00703778
0.0069189
0.00680057
0.00668279
0.00656549
0.0064483
0.00633195
0.00621656
0.00610148
0.00598626
0.00587104
0.00575597
0.00564148
0.00552602
0.00540946
0.00529427
0.00518118
0.00506909
0.00495698
0.004845
0.00473323
0.00462184
0.0045104
0.00439903
0.00428901
0.00418075
0.00407214
0.00396368
0.00385652
0.00375125
0.00364671
0.00354186
0.00343735
0.00333367
0.00323103
0.0031291
0.00302801
0.00292769
0.00282817
0.00272885
0.00263102
0.00253482
0.00243899
0.00234354
0.00224887
0.00215537
0.00206276
0.00197117
0.00188058
0.00179082
0.00170183
0.00161373
0.00152655
0.00144055
0.00135558
0.00127124
0.00118718
0.00110363
0.00102077
0.000938796
0.000857697
0.000777383
0.000697887
0.000619245
0.00054148
0.000464619
0.000388681
0.000313687
0.000239657
0.000166607
9.45562e-005
2.35182e-005
-4.65037e-005
-0.000115544
-0.000183614
-0.000250587
-0.000316289
-0.000380713
-0.000443924
-0.000505932
-0.000566722
-0.00062628
-0.000684594
-0.000741651
-0.000797434
-0.000851923
-0.000905092
-0.000956921
-0.00100739
-0.0010565
-0.00110424
-0.00115059
-0.00119556
-0.00123912
-0.00128126
-0.00132196
-0.0013612
-0.00139897
-0.00143527
-0.00147008
-0.0015034
-0.00153521
-0.0015655
-0.00159427
-0.0016215
-0.00164721
-0.00167137
-0.00169398
-0.00171502
-0.00173449
-0.00175238
-0.00176869
-0.00178343
-0.00179656
-0.00180814
-0.00181821
-0.00182669
-0.00183357
-0.00183885
-0.00184252
-0.00184459
-0.00184505
-0.0018439
-0.00184115
-0.00183681
-0.00183087
-0.00182333
-0.00181421
-0.00180349
-0.00179118
-0.00177727
-0.00176179
-0.00174472
-0.00172608
-0.00170587
-0.00168411
-0.00166079
-0.00163593
-0.00160953
-0.0015816
-0.00155214
-0.00152117
-0.0014887
-0.00145473
-0.00141928
-0.00138235
-0.00134396
-0.00130413
-0.00126286
-0.00122017
-0.00117608
-0.00113062
-0.0010838
-0.00103565
-0.0009862
-0.000935493
-0.000883569
-0.00083048
-0.000776287
-0.000721067
-0.000664906
-0.000607941
-0.000550242
-0.000492181
-0.000433385
-0.000375801
-0.000316037
-0.000262595
-0.000199187
-0.000163045
-7.86371e-005
-0.000116758
0.00984004
0.00987373
0.00986646
0.00983316
0.00977679
0.00970076
0.00960963
0.00950733
0.00939729
0.00928217
0.0091638
0.00904358
0.00892241
0.0088009
0.0086794
0.00855828
0.00843767
0.00831759
0.00819787
0.00807845
0.00795961
0.00784127
0.00772342
0.00760597
0.00748883
0.00737198
0.0072551
0.00713836
0.00702199
0.00690589
0.00678997
0.00667426
0.00655875
0.00644322
0.00632777
0.00621253
0.0060975
0.00598255
0.00586761
0.00575261
0.00563761
0.00552251
0.00540809
0.00529446
0.0051816
0.00506919
0.0049571
0.00484529
0.00473385
0.00462289
0.00451298
0.00440326
0.00429271
0.00418184
0.00407149
0.00396275
0.00385521
0.00374878
0.00364327
0.00353851
0.00343478
0.0033319
0.00322959
0.00312792
0.00302701
0.00292683
0.0028274
0.0027283
0.00262999
0.00253316
0.00243747
0.00234268
0.00224878
0.00215596
0.00206426
0.00197323
0.0018827
0.00179293
0.00170386
0.00161561
0.00152815
0.00144139
0.00135527
0.00127007
0.00118586
0.00110257
0.00102027
0.000938696
0.000857684
0.00077738
0.000697885
0.000619249
0.000541508
0.000464691
0.000388824
0.000313931
0.000240035
0.000167161
9.53337e-005
2.45854e-005
-4.50535e-005
-0.000113468
-0.000180697
-0.000247222
-0.00031289
-0.000377281
-0.00044045
-0.000502428
-0.000563191
-0.000622724
-0.000681015
-0.000738051
-0.000793815
-0.000848283
-0.00090143
-0.000953235
-0.00100369
-0.00105277
-0.00110048
-0.00114682
-0.00119177
-0.00123533
-0.00127752
-0.00131833
-0.00135766
-0.00139547
-0.00143178
-0.00146661
-0.00149993
-0.00153174
-0.00156203
-0.0015908
-0.00161804
-0.00164375
-0.00166792
-0.00169054
-0.00171159
-0.00173107
-0.00174898
-0.00176533
-0.00178012
-0.00179338
-0.0018051
-0.00181521
-0.00182368
-0.00183054
-0.0018358
-0.00183946
-0.0018415
-0.00184194
-0.00184077
-0.00183801
-0.00183365
-0.0018277
-0.00182016
-0.00181102
-0.0018003
-0.00178798
-0.00177407
-0.00175857
-0.0017415
-0.00172285
-0.00170264
-0.00168087
-0.00165755
-0.00163269
-0.0016063
-0.00157837
-0.00154892
-0.00151796
-0.0014855
-0.00145154
-0.00141611
-0.0013792
-0.00134083
-0.00130102
-0.00125978
-0.00121712
-0.00117307
-0.00112765
-0.00108088
-0.00103278
-0.000983401
-0.000932772
-0.000880939
-0.000827958
-0.000773894
-0.000718829
-0.000662854
-0.000606112
-0.000548691
-0.000490938
-0.000432588
-0.000375309
-0.000316287
-0.00026279
-0.000200517
-0.000162945
-7.87479e-005
-0.000114314
0.0094693
0.00947996
0.00946789
0.0094392
0.0093956
0.00933904
0.00927198
0.0091966
0.00911478
0.00902795
0.00893713
0.00884308
0.00874634
0.0086473
0.00854627
0.00844353
0.00833927
0.00823366
0.00812677
0.00801872
0.00790977
0.00780002
0.00768956
0.00757846
0.00746675
0.0073545
0.00724167
0.0071284
0.00701484
0.00690104
0.00678703
0.00667285
0.00655856
0.00644412
0.00632964
0.00621518
0.00610072
0.0059862
0.00587164
0.00575704
0.0056425
0.00552802
0.00541379
0.00529997
0.0051867
0.0050739
0.00496146
0.00484934
0.00473756
0.00462612
0.00451507
0.00440416
0.00429355
0.00418358
0.00407449
0.00396632
0.00385905
0.00375272
0.00364726
0.00354251
0.00343853
0.00333525
0.00323272
0.00313098
0.00303007
0.00293002
0.00283096
0.00273291
0.00263563
0.0025391
0.00244339
0.00234858
0.00225464
0.00216159
0.00206951
0.00197822
0.00188763
0.00179791
0.00170885
0.0016204
0.00153279
0.00144554
0.00135868
0.00127282
0.00118827
0.00110469
0.00102198
0.000940039
0.000858853
0.000778477
0.000698949
0.000620291
0.000542525
0.00046567
0.00038975
0.000314785
0.0002408
0.000167817
9.58641e-005
2.49752e-005
-4.4805e-005
-0.000113369
-0.000180687
-0.000247032
-0.000312448
-0.000376729
-0.000439849
-0.000501797
-0.000562545
-0.000622072
-0.000680362
-0.0007374
-0.000793166
-0.000847636
-0.000900785
-0.000952596
-0.00100305
-0.00105214
-0.00109985
-0.00114618
-0.0011911
-0.00123461
-0.00127667
-0.00131732
-0.00135659
-0.00139443
-0.00143079
-0.00146566
-0.00149904
-0.00153091
-0.00156126
-0.00159009
-0.00161739
-0.00164316
-0.00166739
-0.00169007
-0.00171119
-0.00173074
-0.00174871
-0.00176512
-0.00177996
-0.00179323
-0.00180491
-0.001815
-0.0018235
-0.00183041
-0.00183572
-0.00183942
-0.00184152
-0.00184201
-0.00184089
-0.00183819
-0.00183388
-0.00182799
-0.0018205
-0.00181142
-0.00180075
-0.00178848
-0.00177463
-0.00175919
-0.00174217
-0.00172358
-0.00170343
-0.00168172
-0.00165846
-0.00163366
-0.00160732
-0.00157946
-0.00155007
-0.00151917
-0.00148677
-0.00145288
-0.00141751
-0.00138067
-0.00134236
-0.00130262
-0.00126144
-0.00121886
-0.00117487
-0.00112952
-0.00108282
-0.0010348
-0.000985493
-0.000934938
-0.000883182
-0.000830278
-0.000776293
-0.000721307
-0.000665416
-0.00060876
-0.000551439
-0.000493794
-0.000435676
-0.000378424
-0.000320144
-0.000266268
-0.000206695
-0.000166053
-8.82695e-005
-0.000124743
0.00911535
0.0091015
0.00908309
0.00905805
0.00902668
0.00898949
0.00894676
0.00889876
0.0088457
0.00878772
0.0087249
0.00865736
0.00858524
0.00850875
0.0084281
0.00834358
0.00825548
0.00816409
0.00806968
0.00797256
0.00787305
0.00777143
0.00766794
0.00756276
0.00745608
0.00734806
0.00723886
0.00712864
0.00701759
0.00690583
0.00679348
0.00668062
0.00656735
0.00645373
0.00633983
0.00622572
0.00611145
0.00599702
0.0058825
0.00576791
0.00565334
0.00553885
0.00542461
0.00531069
0.00519717
0.00508402
0.00497122
0.00485875
0.00474663
0.0046349
0.00452362
0.00441273
0.00430223
0.00419221
0.00408282
0.00397423
0.00386648
0.00375958
0.00365353
0.00354824
0.00344376
0.0033402
0.00323749
0.00313556
0.00303446
0.0029342
0.00283481
0.00273624
0.00263852
0.00254166
0.00244576
0.00235087
0.00225686
0.00216373
0.00207152
0.00198001
0.00188917
0.00179924
0.00171018
0.00162182
0.00153425
0.00144729
0.00136102
0.00127563
0.00119115
0.0011075
0.00102466
0.000942607
0.000861334
0.000780863
0.000701225
0.000622447
0.00054455
0.000467557
0.000391488
0.000316368
0.00024222
0.000169066
9.69251e-005
2.58246e-005
-4.42056e-005
-0.000113122
-0.000180882
-0.000247526
-0.000313077
-0.000377463
-0.000440663
-0.000502672
-0.000563473
-0.000623051
-0.000681388
-0.00073847
-0.000794277
-0.000848788
-0.00090198
-0.000953831
-0.00100433
-0.00105345
-0.00110119
-0.00114754
-0.00119247
-0.00123597
-0.00127797
-0.00131851
-0.00135767
-0.00139542
-0.00143173
-0.00146656
-0.0014999
-0.00153173
-0.00156205
-0.00159084
-0.0016181
-0.00164383
-0.00166802
-0.00169066
-0.00171174
-0.00173124
-0.00174918
-0.00176554
-0.00178033
-0.00179356
-0.00180521
-0.00181526
-0.00182371
-0.00183057
-0.00183582
-0.00183946
-0.0018415
-0.00184194
-0.00184077
-0.001838
-0.00183364
-0.00182768
-0.00182013
-0.00181098
-0.00180025
-0.00178792
-0.001774
-0.00175849
-0.0017414
-0.00172274
-0.00170252
-0.00168074
-0.00165741
-0.00163254
-0.00160613
-0.00157819
-0.00154873
-0.00151776
-0.00148529
-0.00145133
-0.00141588
-0.00137897
-0.00134059
-0.00130077
-0.00125952
-0.00121686
-0.0011728
-0.00112737
-0.00108058
-0.00103247
-0.000983068
-0.00093241
-0.000880541
-0.000827511
-0.000773383
-0.000718235
-0.00066215
-0.000605269
-0.000547659
-0.000489692
-0.000431005
-0.000373518
-0.000313932
-0.000260609
-0.000197654
-0.000161746
-7.92018e-005
-0.00011776
0.00876536
0.00872209
0.008695
0.00867358
0.00865603
0.00864095
0.00862575
0.00860829
0.00858682
0.00856
0.00852692
0.00848712
0.00844041
0.00838685
0.00832668
0.00826027
0.00818805
0.00811049
0.00802808
0.00794132
0.00785068
0.00775661
0.0076595
0.0075597
0.00745751
0.00735322
0.0072471
0.00713941
0.00703038
0.0069202
0.00680906
0.00669711
0.00658449
0.00647131
0.00635767
0.00624366
0.00612934
0.00601479
0.00590006
0.00578525
0.00567042
0.00555566
0.00544107
0.00532672
0.00521268
0.00509896
0.00498557
0.00487252
0.00475977
0.00464739
0.00453553
0.00442416
0.00431331
0.00420297
0.0040933
0.00398437
0.00387624
0.00376892
0.00366244
0.00355671
0.00345177
0.00334784
0.00324482
0.00314253
0.00304113
0.00294066
0.00284107
0.00274239
0.00264457
0.00254752
0.00245145
0.00235644
0.00226228
0.0021689
0.00207647
0.00198476
0.00189376
0.00180368
0.00171441
0.00162572
0.00153776
0.00145053
0.00136407
0.00127839
0.00119355
0.00110955
0.00102637
0.000944007
0.000862449
0.000781723
0.000701855
0.000622869
0.000544782
0.000467613
0.000391383
0.000316115
0.000241834
0.000168563
9.63207e-005
2.51303e-005
-4.4983e-005
-0.000113987
-0.00018186
-0.000248617
-0.000314258
-0.000378745
-0.000442055
-0.000504177
-0.000565093
-0.000624786
-0.000683238
-0.000740432
-0.000796349
-0.00085097
-0.000904274
-0.000956239
-0.00100685
-0.00105608
-0.00110393
-0.00115038
-0.00119541
-0.00123902
-0.0012812
-0.00132192
-0.00136122
-0.00139907
-0.00143545
-0.00147035
-0.00150376
-0.00153565
-0.00156602
-0.00159486
-0.00162217
-0.00164795
-0.00167218
-0.00169486
-0.00171598
-0.00173553
-0.0017535
-0.0017699
-0.00178472
-0.00179798
-0.00180964
-0.00181971
-0.00182818
-0.00183504
-0.00184031
-0.00184397
-0.00184602
-0.00184647
-0.00184531
-0.00184255
-0.0018382
-0.00183225
-0.0018247
-0.00181556
-0.00180483
-0.0017925
-0.00177859
-0.00176308
-0.001746
-0.00172734
-0.00170712
-0.00168533
-0.001662
-0.00163712
-0.0016107
-0.00158276
-0.00155329
-0.00152231
-0.00148982
-0.00145585
-0.00142039
-0.00138346
-0.00134506
-0.00130522
-0.00126395
-0.00122126
-0.00117717
-0.00113169
-0.00108486
-0.0010367
-0.000987223
-0.000936479
-0.000884502
-0.000831339
-0.000777043
-0.000721686
-0.000665338
-0.000608132
-0.000550105
-0.000491661
-0.000432301
-0.000374269
-0.000313553
-0.000260052
-0.000195107
-0.000160384
-7.3135e-005
-0.000116367
0.00840138
0.00831892
0.00827939
0.00826315
0.00826445
0.00827825
0.00829762
0.00831703
0.00833233
0.00834066
0.00834017
0.00833
0.00830982
0.00827975
0.00824017
0.00819168
0.00813494
0.00807068
0.00799963
0.00792253
0.00784004
0.00775281
0.00766139
0.00756628
0.00746795
0.00736679
0.00726318
0.00715746
0.00704994
0.00694088
0.00683052
0.00671905
0.00660668
0.00649356
0.00637983
0.00626559
0.00615094
0.00603599
0.00592081
0.0058055
0.00569015
0.00557484
0.00545967
0.00534469
0.00522999
0.00511559
0.00500152
0.00488783
0.00477445
0.00466144
0.00454904
0.0044372
0.00432589
0.00421501
0.0041048
0.00399532
0.00388659
0.00377867
0.00367158
0.0035651
0.00345941
0.0033549
0.00325142
0.00314867
0.00304674
0.00294582
0.00284599
0.00274701
0.0026489
0.00255167
0.00245541
0.00236009
0.00226579
0.00217228
0.00207946
0.0019874
0.00189617
0.00180584
0.00171638
0.00162753
0.00153943
0.00145208
0.00136545
0.00127959
0.00119453
0.00111028
0.00102683
0.000944192
0.000862366
0.000781378
0.000701254
0.000622017
0.000543686
0.000466279
0.000389814
0.000314316
0.00023981
0.000166318
9.38575e-005
2.24489e-005
-4.78863e-005
-0.000117124
-0.000185243
-0.000252232
-0.00031808
-0.00038276
-0.000446253
-0.000508546
-0.000569624
-0.000629472
-0.000688072
-0.000745408
-0.000801462
-0.000856218
-0.000909655
-0.000961753
-0.00101249
-0.00106186
-0.00110983
-0.00115639
-0.00120155
-0.00124527
-0.00128756
-0.0013284
-0.0013678
-0.00140575
-0.00144223
-0.00147723
-0.00151073
-0.00154273
-0.0015732
-0.00160215
-0.00162956
-0.00165542
-0.00167974
-0.00170251
-0.00172371
-0.00174334
-0.0017614
-0.00177788
-0.00179278
-0.0018061
-0.00181783
-0.00182797
-0.0018365
-0.00184343
-0.00184875
-0.00185247
-0.00185458
-0.00185509
-0.00185399
-0.00185129
-0.00184698
-0.00184108
-0.00183357
-0.00182447
-0.00181378
-0.00180149
-0.00178761
-0.00177215
-0.0017551
-0.00173648
-0.00171629
-0.00169453
-0.00167123
-0.00164637
-0.00161998
-0.00159206
-0.00156261
-0.00153165
-0.00149918
-0.00146522
-0.00142977
-0.00139285
-0.00135446
-0.00131462
-0.00127334
-0.00123064
-0.00118653
-0.00114102
-0.00109415
-0.00104592
-0.000996374
-0.000945528
-0.000893417
-0.000840081
-0.000785562
-0.00072992
-0.000673203
-0.000615534
-0.000556901
-0.000497739
-0.000437356
-0.000378415
-0.000315914
-0.000261955
-0.000194009
-0.000160884
-6.85192e-005
-0.00011836
0.00800138
0.00786252
0.00780672
0.00780356
0.00783745
0.0078948
0.00796152
0.00802771
0.00808688
0.00813501
0.00816985
0.00819066
0.00819742
0.00819061
0.008171
0.00813957
0.00809734
0.00804535
0.00798464
0.00791617
0.00784085
0.00775952
0.00767292
0.00758172
0.00748651
0.0073878
0.00728608
0.00718177
0.00707526
0.00696685
0.00685687
0.00674556
0.0066332
0.00651995
0.00640595
0.00629131
0.00617607
0.00606045
0.00594458
0.00582856
0.0057125
0.00559646
0.00548054
0.00536478
0.00524927
0.00513404
0.00501918
0.00490468
0.00479028
0.00467625
0.00456301
0.0044505
0.00433849
0.00422694
0.00411603
0.00400591
0.00389662
0.00378809
0.00368034
0.00357342
0.00346743
0.00336234
0.00325815
0.00315496
0.00305279
0.00295159
0.00285125
0.00275184
0.0026535
0.00255618
0.00245984
0.00236446
0.00226993
0.00217615
0.00208309
0.0019909
0.00189952
0.00180893
0.00171914
0.00163002
0.00154161
0.00145395
0.00136703
0.00128087
0.00119549
0.00111092
0.00102715
0.000944191
0.000862061
0.000780776
0.000700362
0.000620845
0.000542242
0.000464569
0.000387849
0.000312101
0.000237349
0.000163615
9.09192e-005
1.92804e-005
-5.12823e-005
-0.000120748
-0.000189098
-0.000256317
-0.000322389
-0.000387292
-0.000451008
-0.00051352
-0.000574814
-0.000634872
-0.000693679
-0.000751217
-0.000807469
-0.000862421
-0.000916053
-0.000968347
-0.00101928
-0.00106884
-0.00111701
-0.00116377
-0.00120912
-0.00125304
-0.00129553
-0.00133657
-0.00137616
-0.00141429
-0.00145094
-0.00148611
-0.00151978
-0.00155193
-0.00158257
-0.00161168
-0.00163925
-0.00166527
-0.00168975
-0.00171267
-0.00173402
-0.0017538
-0.001772
-0.00178862
-0.00180365
-0.0018171
-0.00182895
-0.00183921
-0.00184786
-0.0018549
-0.00186034
-0.00186417
-0.00186639
-0.00186701
-0.00186601
-0.00186341
-0.0018592
-0.00185339
-0.00184598
-0.00183696
-0.00182635
-0.00181415
-0.00180035
-0.00178497
-0.001768
-0.00174945
-0.00172934
-0.00170765
-0.00168441
-0.00165962
-0.00163328
-0.00160541
-0.00157601
-0.0015451
-0.00151268
-0.00147876
-0.00144335
-0.00140646
-0.0013681
-0.00132828
-0.00128702
-0.00124433
-0.00120021
-0.0011547
-0.00110779
-0.00105952
-0.00100989
-0.000958944
-0.000906691
-0.000853164
-0.000798392
-0.000742419
-0.00068527
-0.000627049
-0.000567684
-0.000507642
-0.000445981
-0.000385862
-0.000320968
-0.000266454
-0.00019418
-0.000163374
-6.29828e-005
-0.000123933
0.00750939
0.0072734
0.00720028
0.0072323
0.00732611
0.00745192
0.00758558
0.00771274
0.00782548
0.00791974
0.00799383
0.00804792
0.00808274
0.00809952
0.00809972
0.00808489
0.00805656
0.0080162
0.00796516
0.00790471
0.00783599
0.00776005
0.0076778
0.00759008
0.0074976
0.00740101
0.00730088
0.00719774
0.00709202
0.00698408
0.00687431
0.00676285
0.00665014
0.00653644
0.00642188
0.0063067
0.00619105
0.00607489
0.00595838
0.00584168
0.00572489
0.00560811
0.00549142
0.0053749
0.00525868
0.00514277
0.00502717
0.00491189
0.00479702
0.00468263
0.00456873
0.00445534
0.0043425
0.0042303
0.00411877
0.00400796
0.00389784
0.00378851
0.00368006
0.00357247
0.00346582
0.0033602
0.00325559
0.00315194
0.00304932
0.00294774
0.00284706
0.00274749
0.00264902
0.00255161
0.00245518
0.00235966
0.00226489
0.00217071
0.00207727
0.00198479
0.00189325
0.00180258
0.00171268
0.00162346
0.00153493
0.00144711
0.00135999
0.0012736
0.00118797
0.00110312
0.00101907
0.000935828
0.000853417
0.000771855
0.000691167
0.000611378
0.000532509
0.000454582
0.000377616
0.000301631
0.000226648
0.00015269
7.97783e-005
7.93089e-006
-6.28337e-005
-0.000132497
-0.00020104
-0.000268448
-0.000334701
-0.00039978
-0.000463666
-0.000526341
-0.000587789
-0.000647994
-0.00070694
-0.000764609
-0.000820985
-0.000876054
-0.000929798
-0.000982201
-0.00103324
-0.00108291
-0.00113118
-0.00117804
-0.00122349
-0.00126751
-0.00131009
-0.00135122
-0.00139089
-0.00142909
-0.00146581
-0.00150105
-0.00153478
-0.001567
-0.0015977
-0.00162686
-0.00165448
-0.00168055
-0.00170505
-0.00172799
-0.00174937
-0.00176917
-0.0017874
-0.00180404
-0.00181909
-0.00183255
-0.00184442
-0.00185468
-0.00186334
-0.00187039
-0.00187584
-0.00187967
-0.00188189
-0.0018825
-0.0018815
-0.00187889
-0.00187467
-0.00186885
-0.00186142
-0.00185238
-0.00184175
-0.00182952
-0.0018157
-0.00180029
-0.0017833
-0.00176472
-0.00174457
-0.00172286
-0.00169958
-0.00167476
-0.00164839
-0.00162049
-0.00159106
-0.00156011
-0.00152764
-0.00149367
-0.00145821
-0.00142126
-0.00138285
-0.00134296
-0.00130163
-0.00125885
-0.00121464
-0.00116902
-0.001122
-0.00107358
-0.00102379
-0.000972647
-0.000920157
-0.000866343
-0.000811219
-0.000754811
-0.000697117
-0.000638221
-0.000577982
-0.000516893
-0.000453712
-0.000392132
-0.000324141
-0.000269108
-0.000190931
-0.000164038
-5.26665e-005
-0.000132583
0.00686584
0.00646935
0.00643238
0.00658475
0.00680683
0.0070404
0.00726036
0.00745581
0.00762264
0.00775981
0.00786765
0.00794926
0.00800665
0.00804198
0.00805745
0.0080552
0.00803724
0.0080054
0.00796135
0.00790662
0.00784255
0.00777034
0.00769106
0.00760568
0.00751501
0.00741972
0.00732049
0.00721792
0.00711251
0.00700463
0.00689471
0.00678313
0.00667016
0.00655602
0.00644094
0.00632508
0.00620861
0.00609168
0.0059745
0.00585722
0.0057399
0.00562254
0.00550516
0.0053877
0.00527037
0.00515334
0.00503668
0.00492046
0.00480472
0.00468945
0.00457477
0.00446069
0.00434726
0.00423436
0.00412222
0.00401086
0.0039002
0.0037904
0.00368144
0.00357341
0.00346635
0.00336023
0.00325508
0.00315094
0.00304788
0.0029459
0.00284495
0.00274512
0.00264647
0.00254897
0.00245255
0.0023571
0.00226238
0.00216829
0.0020751
0.00198258
0.00189062
0.00179959
0.00170941
0.00161994
0.00153115
0.00144307
0.0013557
0.00126906
0.00118318
0.00109808
0.00101378
0.00093029
0.00084764
0.000765846
0.000684925
0.000604899
0.000525793
0.000447628
0.000370423
0.000294197
0.000218974
0.000144772
7.16124e-005
-4.82387e-007
-7.14943e-005
-0.000141407
-0.000210203
-0.000277865
-0.000344374
-0.000409711
-0.000473857
-0.000536795
-0.000598506
-0.000658974
-0.000718181
-0.000776109
-0.000832742
-0.000888065
-0.000942061
-0.000994715
-0.00104601
-0.00109593
-0.00114446
-0.00119158
-0.00123728
-0.00128156
-0.0013244
-0.00136578
-0.0014057
-0.00144415
-0.00148111
-0.00151658
-0.00155055
-0.00158301
-0.00161395
-0.00164335
-0.00167124
-0.00169756
-0.00172231
-0.00174549
-0.0017671
-0.00178713
-0.00180558
-0.00182244
-0.0018377
-0.00185137
-0.00186343
-0.00187389
-0.00188274
-0.00188998
-0.00189561
-0.00189962
-0.00190202
-0.0019028
-0.00190197
-0.00189952
-0.00189546
-0.00188979
-0.00188251
-0.00187363
-0.00186314
-0.00185105
-0.00183736
-0.00182209
-0.00180523
-0.00178678
-0.00176675
-0.00174515
-0.00172198
-0.00169724
-0.00167096
-0.00164315
-0.00161381
-0.00158294
-0.00155055
-0.00151666
-0.00148127
-0.00144439
-0.00140603
-0.0013662
-0.00132492
-0.00128218
-0.001238
-0.00119239
-0.00114536
-0.00109692
-0.00104707
-0.000995836
-0.000943213
-0.00088921
-0.000833826
-0.00077707
-0.000718913
-0.000659412
-0.000598358
-0.000536236
-0.000471558
-0.000408257
-0.000336782
-0.000280889
-0.000194739
-0.000172241
-4.36853e-005
-0.000150283
0.00556323
0.00502854
0.00524029
0.00563834
0.00605421
0.00644489
0.00678321
0.00706902
0.00730564
0.00749723
0.00764846
0.00776447
0.00784948
0.00790726
0.0079412
0.00795427
0.0079491
0.00792799
0.00789298
0.00784587
0.00778824
0.00772146
0.00764677
0.00756522
0.00747777
0.0073852
0.00728824
0.00718753
0.00708363
0.00697703
0.00686813
0.00675742
0.00664507
0.0065313
0.00641641
0.00630061
0.00618407
0.00606709
0.00594962
0.00583193
0.00571427
0.0055967
0.00547955
0.00536245
0.00524566
0.00512915
0.00501282
0.00489675
0.00478106
0.00466579
0.00455106
0.00443675
0.00432333
0.00420986
0.00409715
0.00398528
0.00387413
0.00376379
0.00365408
0.00354532
0.00343779
0.0033313
0.00322582
0.0031214
0.0030181
0.00291595
0.00281498
0.00271525
0.00261681
0.00251967
0.00242372
0.00232873
0.00223363
0.00213805
0.00204415
0.00195262
0.00186191
0.00177161
0.0016819
0.00159277
0.0015042
0.00141623
0.00132891
0.00124226
0.00115634
0.00107116
0.000986771
0.000903191
0.000820448
0.000738564
0.00065756
0.000577458
0.000498283
0.000420057
0.000342801
0.000266536
0.00019128
0.000117052
4.38752e-005
-2.82301e-005
-9.92443e-005
-0.000169151
-0.000237934
-0.000305574
-0.000372055
-0.000437358
-0.000501466
-0.00056436
-0.000626023
-0.000686436
-0.000745583
-0.000803446
-0.000860009
-0.000915257
-0.000969174
-0.00102174
-0.00107295
-0.00112278
-0.00117121
-0.00121824
-0.00126386
-0.00130804
-0.00135077
-0.00139206
-0.00143187
-0.00147021
-0.00150706
-0.00154242
-0.00157627
-0.00160861
-0.00163943
-0.00166873
-0.00169646
-0.00172264
-0.00174726
-0.00177031
-0.0017918
-0.00181172
-0.00183005
-0.00184679
-0.00186194
-0.00187549
-0.00188744
-0.00189778
-0.00190651
-0.00191363
-0.00191914
-0.00192304
-0.00192531
-0.00192598
-0.00192502
-0.00192245
-0.00191827
-0.00191247
-0.00190506
-0.00189605
-0.00188543
-0.00187321
-0.0018594
-0.00184399
-0.001827
-0.00180842
-0.00178826
-0.00176653
-0.00174323
-0.00171838
-0.00169198
-0.00166404
-0.00163456
-0.00160355
-0.00157101
-0.00153697
-0.00150143
-0.00146439
-0.00142588
-0.00138589
-0.00134443
-0.00130153
-0.00125717
-0.00121138
-0.00116415
-0.0011155
-0.00106543
-0.00101394
-0.000961038
-0.000906716
-0.000850962
-0.000793772
-0.000735099
-0.000674973
-0.000613164
-0.000550085
-0.00048426
-0.000419109
-0.000344303
-0.000286971
-0.000192741
-0.00017401
-2.68596e-005
-0.000166335
0.00233127
0.00356466
0.00451004
0.00520425
0.00578922
0.00627848
0.00667276
0.0069907
0.00724708
0.00745141
0.00761159
0.00773354
0.00782265
0.00788344
0.00791965
0.00793448
0.00793069
0.00791068
0.00787654
0.00783011
0.007773
0.00770662
0.0076322
0.00755084
0.00746347
0.00737093
0.00727394
0.00717315
0.00706912
0.00696235
0.00685326
0.00674227
0.00662966
0.00651568
0.00640057
0.00628453
0.00616771
0.00605035
0.0059327
0.00581491
0.00569696
0.00557878
0.00545989
0.00534057
0.0052219
0.00510407
0.00498679
0.00486999
0.0047537
0.00463793
0.00452268
0.00440803
0.00429395
0.00418055
0.00406789
0.00395596
0.00384477
0.00373439
0.00362484
0.00351619
0.00340845
0.00330166
0.00319589
0.00309117
0.00298756
0.00288514
0.00278396
0.0026841
0.00258568
0.00248877
0.00239341
0.00229952
0.00220624
0.00211269
0.00201993
0.00192893
0.00183885
0.00174909
0.00165969
0.00157076
0.00148233
0.00139446
0.0013072
0.0012206
0.0011347
0.00104954
0.000965134
0.000881528
0.000798743
0.000716802
0.000635727
0.000555539
0.00047626
0.000397915
0.000320526
0.000244113
0.000168697
9.42987e-005
2.09387e-005
-5.13619e-005
-0.000122583
-0.000192706
-0.000261711
-0.000329582
-0.000396301
-0.000461849
-0.000526208
-0.000589361
-0.000651287
-0.000711967
-0.000771381
-0.000829515
-0.000886351
-0.000941873
-0.000996067
-0.00104892
-0.0011004
-0.00115052
-0.00119924
-0.00124656
-0.00129245
-0.00133692
-0.00137994
-0.00142151
-0.00146161
-0.00150023
-0.00153737
-0.001573
-0.00160712
-0.00163973
-0.0016708
-0.00170034
-0.0017283
-0.00175471
-0.00177958
-0.00180288
-0.0018246
-0.00184474
-0.0018633
-0.00188027
-0.00189564
-0.00190941
-0.00192157
-0.00193213
-0.00194107
-0.00194839
-0.00195409
-0.00195818
-0.00196064
-0.00196148
-0.00196071
-0.00195832
-0.00195431
-0.00194868
-0.00194144
-0.00193259
-0.00192213
-0.00191006
-0.00189639
-0.00188113
-0.00186428
-0.00184584
-0.00182582
-0.00180423
-0.00178108
-0.00175638
-0.00173011
-0.00170229
-0.00167292
-0.00164203
-0.00160961
-0.00157568
-0.00154024
-0.00150331
-0.00146489
-0.00142498
-0.0013836
-0.00134076
-0.00129647
-0.00125073
-0.00120355
-0.00115493
-0.00110488
-0.00105338
-0.00100044
-0.000946039
-0.000890163
-0.000832793
-0.000773874
-0.000713405
-0.000651201
-0.000587499
-0.000521342
-0.00045479
-0.000381974
-0.000317145
-0.00022193
-0.000192051
-2.59393e-005
-0.000175129
-0.00169773
0.00108709
0.00312338
0.00423608
0.005042
0.00568285
0.00618137
0.00657361
0.00688649
0.00713548
0.00733165
0.00748341
0.00759749
0.00767932
0.00773341
0.0077635
0.00777282
0.0077641
0.00773974
0.00770178
0.00765204
0.00759207
0.00752325
0.00744676
0.00736365
0.00727482
0.00718108
0.00708312
0.00698156
0.00687694
0.00676972
0.00666033
0.00654909
0.0064363
0.00632222
0.00620709
0.00609115
0.00597461
0.00585785
0.00574084
0.0056236
0.00550627
0.0053892
0.00527285
0.00515628
0.00503929
0.0049223
0.0048055
0.00468899
0.00457288
0.00445718
0.00434211
0.00422738
0.00411379
0.00400084
0.00388846
0.00377682
0.00366596
0.00355607
0.00344702
0.00333868
0.00323129
0.00312496
0.00301973
0.00291567
0.00281283
0.00271129
0.00261115
0.00251258
0.00241576
0.00232107
0.00222897
0.00214109
0.00205756
0.00197325
0.00188558
0.00179657
0.00170721
0.0016178
0.00152858
0.00143975
0.00135141
0.00126366
0.00117656
0.00109018
0.00100454
0.000919685
0.00083565
0.000752459
0.000670137
0.000588705
0.000508183
0.000428593
0.000349957
0.000272296
0.00019563
0.000119979
4.53612e-005
-2.82024e-005
-0.000100693
-0.00017209
-0.000242378
-0.000311539
-0.000379554
-0.000446408
-0.000512081
-0.000576556
-0.000639815
-0.000701839
-0.000762608
-0.000822105
-0.000880314
-0.000937217
-0.000992801
-0.00104705
-0.00109995
-0.00115148
-0.00120163
-0.00125039
-0.00129774
-0.00134367
-0.00138815
-0.00143119
-0.00147277
-0.00151288
-0.00155151
-0.00158865
-0.00162428
-0.00165839
-0.00169099
-0.00172205
-0.00175156
-0.00177952
-0.00180591
-0.00183074
-0.001854
-0.00187568
-0.00189577
-0.00191428
-0.0019312
-0.00194651
-0.00196022
-0.00197233
-0.00198282
-0.00199169
-0.00199895
-0.00200458
-0.00200859
-0.00201098
-0.00201175
-0.00201089
-0.00200841
-0.00200432
-0.0019986
-0.00199127
-0.00198233
-0.00197177
-0.00195961
-0.00194584
-0.00193047
-0.00191351
-0.00189496
-0.00187483
-0.00185313
-0.00182986
-0.00180503
-0.00177864
-0.0017507
-0.00172121
-0.00169019
-0.00165765
-0.00162359
-0.00158803
-0.00155097
-0.00151241
-0.00147237
-0.00143085
-0.00138787
-0.00134342
-0.00129752
-0.00125018
-0.00120139
-0.00115115
-0.00109946
-0.00104631
-0.000991691
-0.000935577
-0.000877942
-0.000818733
-0.00075793
-0.000695378
-0.000631201
-0.000564746
-0.00049724
-0.000425125
-0.000356744
-0.000271073
-0.000218259
-7.63322e-005
-0.000145573
)
;

boundaryField
{
    walls
    {
        type            zeroGradient;
    }
    inlet
    {
        type            zeroGradient;
    }
    outlet
    {
        type            fixedValue;
        value           uniform 0;
    }
    frontAndBack
    {
        type            empty;
    }
}


// ************************************************************************* //
