/*--------------------------------*- C++ -*----------------------------------*\
| =========                 |                                                 |
| \\      /  F ield         | OpenFOAM: The Open Source CFD Toolbox           |
|  \\    /   O peration     | Version:  5.x                                   |
|   \\  /    A nd           | Web:      www.OpenFOAM.org                      |
|    \\/     M anipulation  |                                                 |
\*---------------------------------------------------------------------------*/
/*   Windows 32 and 64 bit porting by blueCAPE: http://www.bluecape.com.pt   *\
|  Based on Windows porting (2.0.x v4) by Symscape: http://www.symscape.com   |
\*---------------------------------------------------------------------------*/
FoamFile
{
    version     2.0;
    format      ascii;
    class       volScalarField;
    location    "5000";
    object      k;
}
// * * * * * * * * * * * * * * * * * * * * * * * * * * * * * * * * * * * * * //

dimensions      [0 2 -2 0 0 0 0];

internalField   nonuniform List<scalar> 
4000
(
7.77871e+007
1.73221e+008
2.72284e+008
3.62073e+008
4.44975e+008
5.22652e+008
5.96147e+008
6.66178e+008
7.33182e+008
7.97517e+008
8.59457e+008
9.19215e+008
9.76977e+008
1.03287e+009
1.08703e+009
1.13955e+009
1.19052e+009
1.24003e+009
1.28814e+009
1.33489e+009
1.38034e+009
1.42452e+009
1.46746e+009
1.50919e+009
1.54972e+009
1.58906e+009
1.62723e+009
1.66423e+009
1.70009e+009
1.73482e+009
1.76837e+009
1.80075e+009
1.83194e+009
1.86196e+009
1.89078e+009
1.9184e+009
1.94481e+009
1.97e+009
1.99394e+009
2.01665e+009
2.03816e+009
2.05844e+009
2.07747e+009
2.09522e+009
2.11167e+009
2.12681e+009
2.14064e+009
2.15316e+009
2.16438e+009
2.17429e+009
2.18291e+009
2.19026e+009
2.19636e+009
2.20124e+009
2.20494e+009
2.20751e+009
2.20901e+009
2.20949e+009
2.20925e+009
2.20833e+009
2.20677e+009
2.20471e+009
2.20234e+009
2.19985e+009
2.19746e+009
2.19543e+009
2.19403e+009
2.19351e+009
2.19418e+009
2.19644e+009
2.20057e+009
2.20691e+009
2.21587e+009
2.22786e+009
2.24327e+009
2.26254e+009
2.28611e+009
2.31442e+009
2.34793e+009
2.38709e+009
2.43235e+009
2.48415e+009
2.54291e+009
2.60902e+009
2.68287e+009
2.76483e+009
2.85599e+009
2.95604e+009
3.06511e+009
3.18356e+009
3.31168e+009
3.44967e+009
3.59775e+009
3.75605e+009
3.92463e+009
4.10353e+009
4.29319e+009
4.4942e+009
4.70631e+009
4.92936e+009
5.16317e+009
5.40742e+009
5.66226e+009
5.92775e+009
6.20384e+009
6.4905e+009
6.78769e+009
7.09536e+009
7.41345e+009
7.74191e+009
8.08067e+009
8.42964e+009
8.78871e+009
9.15764e+009
9.53739e+009
9.92914e+009
1.03308e+010
1.07425e+010
1.11642e+010
1.1596e+010
1.20376e+010
1.24892e+010
1.29505e+010
1.34215e+010
1.39023e+010
1.43927e+010
1.48922e+010
1.5401e+010
1.59188e+010
1.64436e+010
1.69753e+010
1.75138e+010
1.80583e+010
1.86078e+010
1.91613e+010
1.97178e+010
2.02763e+010
2.08357e+010
2.13948e+010
2.19521e+010
2.25063e+010
2.30558e+010
2.3599e+010
2.41342e+010
2.46601e+010
2.51832e+010
2.56925e+010
2.61867e+010
2.66648e+010
2.71251e+010
2.75659e+010
2.79855e+010
2.8382e+010
2.87535e+010
2.90977e+010
2.94111e+010
2.96947e+010
2.99508e+010
3.01772e+010
3.03717e+010
3.05302e+010
3.06482e+010
3.0725e+010
3.076e+010
3.07521e+010
3.07005e+010
3.06043e+010
3.04628e+010
3.02757e+010
3.00425e+010
2.9763e+010
2.94363e+010
2.90621e+010
2.86601e+010
2.82143e+010
2.77252e+010
2.71946e+010
2.66238e+010
2.60141e+010
2.53666e+010
2.46824e+010
2.3962e+010
2.32064e+010
2.24159e+010
2.15882e+010
2.07192e+010
1.98113e+010
1.88631e+010
1.78679e+010
1.68212e+010
1.57163e+010
1.45441e+010
1.32938e+010
1.19523e+010
1.05024e+010
8.92277e+009
7.19584e+009
5.29501e+009
3.21262e+009
1.33842e+009
2.8164e+008
5.46357e+008
8.05306e+008
1.04631e+009
1.27287e+009
1.48732e+009
1.6915e+009
1.88676e+009
2.07417e+009
2.25453e+009
2.42847e+009
2.59653e+009
2.75908e+009
2.91651e+009
3.06912e+009
3.21717e+009
3.36091e+009
3.50054e+009
3.63621e+009
3.76807e+009
3.89626e+009
4.02085e+009
4.14195e+009
4.25961e+009
4.37389e+009
4.48482e+009
4.59243e+009
4.69672e+009
4.79773e+009
4.89541e+009
4.98977e+009
5.0808e+009
5.16851e+009
5.25287e+009
5.33388e+009
5.41149e+009
5.4857e+009
5.55648e+009
5.6238e+009
5.68765e+009
5.74802e+009
5.80486e+009
5.85815e+009
5.90786e+009
5.95396e+009
5.99644e+009
6.0353e+009
6.07055e+009
6.10219e+009
6.13026e+009
6.15481e+009
6.17588e+009
6.19357e+009
6.20796e+009
6.21917e+009
6.22737e+009
6.23272e+009
6.23542e+009
6.2358e+009
6.23403e+009
6.23054e+009
6.22575e+009
6.22015e+009
6.21429e+009
6.20876e+009
6.20424e+009
6.20146e+009
6.20114e+009
6.20409e+009
6.2112e+009
6.22337e+009
6.24163e+009
6.26709e+009
6.30089e+009
6.34417e+009
6.39811e+009
6.46397e+009
6.54299e+009
6.63646e+009
6.74566e+009
6.87184e+009
7.01624e+009
7.18008e+009
7.36451e+009
7.57064e+009
7.79953e+009
8.05221e+009
8.32924e+009
8.6317e+009
8.96053e+009
9.31654e+009
9.70045e+009
1.01129e+010
1.05544e+010
1.10256e+010
1.15268e+010
1.20588e+010
1.2622e+010
1.32158e+010
1.38405e+010
1.44962e+010
1.5183e+010
1.59008e+010
1.66499e+010
1.743e+010
1.82413e+010
1.90836e+010
1.99569e+010
2.08611e+010
2.1796e+010
2.27614e+010
2.37571e+010
2.47828e+010
2.58383e+010
2.69235e+010
2.80373e+010
2.91799e+010
3.03514e+010
3.15517e+010
3.27806e+010
3.40379e+010
3.53233e+010
3.66363e+010
3.79765e+010
3.93436e+010
4.0737e+010
4.21555e+010
4.3598e+010
4.50611e+010
4.65429e+010
4.80426e+010
4.95594e+010
5.1091e+010
5.26348e+010
5.41883e+010
5.57486e+010
5.7313e+010
5.8878e+010
6.04405e+010
6.19966e+010
6.35425e+010
6.50741e+010
6.65871e+010
6.8077e+010
6.95397e+010
7.09682e+010
7.23584e+010
7.37066e+010
7.50094e+010
7.62626e+010
7.74621e+010
7.86036e+010
7.96826e+010
8.06946e+010
8.1635e+010
8.24996e+010
8.32851e+010
8.39894e+010
8.46073e+010
8.51336e+010
8.55631e+010
8.58908e+010
8.61129e+010
8.6226e+010
8.6227e+010
8.61132e+010
8.58822e+010
8.55318e+010
8.50603e+010
8.44662e+010
8.37481e+010
8.29047e+010
8.19353e+010
8.08419e+010
7.96253e+010
7.82887e+010
7.68354e+010
7.52685e+010
7.35908e+010
7.18048e+010
6.99124e+010
6.79149e+010
6.58134e+010
6.36078e+010
6.12927e+010
5.88604e+010
5.63064e+010
5.36311e+010
5.0823e+010
4.78707e+010
4.47576e+010
4.14629e+010
3.79613e+010
3.42228e+010
3.02114e+010
2.58848e+010
2.11923e+010
1.61086e+010
1.06092e+010
5.14695e+009
4.71975e+008
8.54423e+008
1.21204e+009
1.54166e+009
1.85358e+009
2.15136e+009
2.43688e+009
2.71142e+009
2.976e+009
3.23143e+009
3.47837e+009
3.71736e+009
3.94888e+009
4.17334e+009
4.3911e+009
4.6025e+009
4.80781e+009
5.00729e+009
5.20116e+009
5.38959e+009
5.57276e+009
5.7508e+009
5.92382e+009
6.09192e+009
6.25516e+009
6.41359e+009
6.56725e+009
6.71617e+009
6.86037e+009
6.99982e+009
7.13453e+009
7.26449e+009
7.38969e+009
7.5101e+009
7.6257e+009
7.73646e+009
7.84236e+009
7.94334e+009
8.0394e+009
8.13051e+009
8.21662e+009
8.29771e+009
8.37372e+009
8.44464e+009
8.51044e+009
8.57111e+009
8.62665e+009
8.67708e+009
8.72243e+009
8.76274e+009
8.79808e+009
8.82855e+009
8.85426e+009
8.87535e+009
8.89202e+009
8.90447e+009
8.91298e+009
8.91787e+009
8.91951e+009
8.9183e+009
8.91476e+009
8.90947e+009
8.90311e+009
8.89642e+009
8.89021e+009
8.88541e+009
8.88298e+009
8.88401e+009
8.88963e+009
8.90108e+009
8.91964e+009
8.94672e+009
8.98382e+009
9.03252e+009
9.09444e+009
9.17129e+009
9.2648e+009
9.37677e+009
9.50899e+009
9.66328e+009
9.84144e+009
1.00453e+010
1.02765e+010
1.05368e+010
1.08278e+010
1.1151e+010
1.1508e+010
1.18999e+010
1.23282e+010
1.27942e+010
1.3299e+010
1.38437e+010
1.44294e+010
1.50568e+010
1.57268e+010
1.64402e+010
1.71978e+010
1.79998e+010
1.88461e+010
1.97373e+010
2.06734e+010
2.16547e+010
2.26813e+010
2.37533e+010
2.48707e+010
2.60335e+010
2.72417e+010
2.84951e+010
2.97937e+010
3.11372e+010
3.25253e+010
3.39578e+010
3.54342e+010
3.69543e+010
3.8518e+010
4.01243e+010
4.1773e+010
4.34639e+010
4.51966e+010
4.69706e+010
4.87854e+010
5.06402e+010
5.25342e+010
5.44665e+010
5.64359e+010
5.84412e+010
6.04809e+010
6.2553e+010
6.46534e+010
6.67798e+010
6.89299e+010
7.1101e+010
7.32902e+010
7.54938e+010
7.77082e+010
7.99292e+010
8.21525e+010
8.43736e+010
8.65876e+010
8.87893e+010
9.09734e+010
9.31341e+010
9.52658e+010
9.73623e+010
9.94181e+010
1.01426e+011
1.0338e+011
1.05275e+011
1.07105e+011
1.08865e+011
1.10548e+011
1.1215e+011
1.13665e+011
1.15086e+011
1.16407e+011
1.17624e+011
1.18731e+011
1.19724e+011
1.20597e+011
1.21342e+011
1.21953e+011
1.22425e+011
1.22751e+011
1.22928e+011
1.2295e+011
1.22814e+011
1.22516e+011
1.22052e+011
1.2142e+011
1.20617e+011
1.19642e+011
1.18492e+011
1.17169e+011
1.15672e+011
1.14003e+011
1.12162e+011
1.10154e+011
1.07981e+011
1.05645e+011
1.0315e+011
1.00496e+011
9.76847e+010
9.47165e+010
9.15895e+010
8.82998e+010
8.48415e+010
8.12072e+010
7.73951e+010
7.3393e+010
6.91861e+010
6.47555e+010
6.00783e+010
5.51268e+010
4.98684e+010
4.42657e+010
3.8276e+010
3.18468e+010
2.48934e+010
1.72308e+010
9.14781e+009
6.49836e+008
1.12666e+009
1.55882e+009
1.95152e+009
2.32277e+009
2.67864e+009
3.02162e+009
3.35302e+009
3.67368e+009
3.98426e+009
4.28529e+009
4.57724e+009
4.86051e+009
5.13549e+009
5.40253e+009
5.66194e+009
5.91402e+009
6.15903e+009
6.3972e+009
6.62874e+009
6.85382e+009
7.07261e+009
7.28523e+009
7.49178e+009
7.69235e+009
7.88701e+009
8.07579e+009
8.25873e+009
8.43585e+009
8.60714e+009
8.7726e+009
8.93222e+009
9.08598e+009
9.23385e+009
9.37581e+009
9.51182e+009
9.64184e+009
9.76583e+009
9.88377e+009
9.99563e+009
1.01013e+010
1.02009e+010
1.02942e+010
1.03813e+010
1.04621e+010
1.05367e+010
1.0605e+010
1.06671e+010
1.07229e+010
1.07727e+010
1.08164e+010
1.08542e+010
1.08862e+010
1.09127e+010
1.09338e+010
1.09498e+010
1.09611e+010
1.0968e+010
1.09711e+010
1.09708e+010
1.09677e+010
1.09625e+010
1.09562e+010
1.09494e+010
1.09432e+010
1.09388e+010
1.09372e+010
1.09397e+010
1.09479e+010
1.0963e+010
1.09867e+010
1.10207e+010
1.10668e+010
1.11269e+010
1.1203e+010
1.12971e+010
1.14113e+010
1.15479e+010
1.1709e+010
1.18968e+010
1.21137e+010
1.23617e+010
1.26431e+010
1.29599e+010
1.33142e+010
1.37079e+010
1.41429e+010
1.46209e+010
1.51436e+010
1.57126e+010
1.63294e+010
1.69953e+010
1.77117e+010
1.84796e+010
1.93001e+010
2.01743e+010
2.1103e+010
2.20864e+010
2.3125e+010
2.42192e+010
2.53693e+010
2.65757e+010
2.78385e+010
2.91579e+010
3.05341e+010
3.19669e+010
3.34563e+010
3.50023e+010
3.66047e+010
3.82632e+010
3.99776e+010
4.17474e+010
4.35722e+010
4.54518e+010
4.73858e+010
4.93733e+010
5.14138e+010
5.3507e+010
5.56519e+010
5.7848e+010
6.00943e+010
6.23896e+010
6.47326e+010
6.7122e+010
6.95561e+010
7.20331e+010
7.4551e+010
7.71065e+010
7.96958e+010
8.23156e+010
8.49627e+010
8.76332e+010
9.03233e+010
9.30285e+010
9.57441e+010
9.8465e+010
1.01186e+011
1.03901e+011
1.06605e+011
1.09291e+011
1.11953e+011
1.14583e+011
1.17176e+011
1.19724e+011
1.22221e+011
1.2466e+011
1.27032e+011
1.29332e+011
1.31552e+011
1.33687e+011
1.35729e+011
1.37672e+011
1.39508e+011
1.41232e+011
1.42837e+011
1.44316e+011
1.45663e+011
1.46872e+011
1.47936e+011
1.48846e+011
1.49597e+011
1.50181e+011
1.50592e+011
1.50824e+011
1.50871e+011
1.50728e+011
1.5039e+011
1.49854e+011
1.49116e+011
1.48172e+011
1.4702e+011
1.45658e+011
1.44086e+011
1.42304e+011
1.40311e+011
1.3811e+011
1.35702e+011
1.33089e+011
1.30273e+011
1.27256e+011
1.24041e+011
1.20626e+011
1.17013e+011
1.132e+011
1.09183e+011
1.04958e+011
1.00517e+011
9.58583e+010
9.09707e+010
8.58404e+010
8.045e+010
7.47785e+010
6.88002e+010
6.24841e+010
5.5792e+010
4.86729e+010
4.10466e+010
3.275e+010
2.34014e+010
1.30946e+010
8.088e+008
1.3673e+009
1.86195e+009
2.30508e+009
2.722e+009
3.12195e+009
3.50855e+009
3.88341e+009
4.24736e+009
4.6009e+009
4.94442e+009
5.27824e+009
5.60268e+009
5.91802e+009
6.22457e+009
6.52258e+009
6.81234e+009
7.09409e+009
7.36806e+009
7.63445e+009
7.89345e+009
8.14522e+009
8.3899e+009
8.6276e+009
8.85841e+009
9.0824e+009
9.29962e+009
9.51011e+009
9.71388e+009
9.91095e+009
1.01013e+010
1.02849e+010
1.04618e+010
1.06319e+010
1.07952e+010
1.09516e+010
1.11011e+010
1.12438e+010
1.13794e+010
1.1508e+010
1.16296e+010
1.17441e+010
1.18514e+010
1.19516e+010
1.20446e+010
1.21304e+010
1.22091e+010
1.22807e+010
1.23451e+010
1.24026e+010
1.24532e+010
1.24971e+010
1.25344e+010
1.25654e+010
1.25902e+010
1.26094e+010
1.26232e+010
1.26321e+010
1.26366e+010
1.26373e+010
1.26349e+010
1.26303e+010
1.26242e+010
1.26177e+010
1.2612e+010
1.26081e+010
1.26075e+010
1.26116e+010
1.2622e+010
1.26403e+010
1.26684e+010
1.27081e+010
1.27615e+010
1.28308e+010
1.29182e+010
1.3026e+010
1.31567e+010
1.33128e+010
1.34968e+010
1.37113e+010
1.39588e+010
1.42419e+010
1.4563e+010
1.49247e+010
1.53292e+010
1.5779e+010
1.62762e+010
1.68228e+010
1.74209e+010
1.80723e+010
1.87788e+010
1.9542e+010
2.03634e+010
2.12444e+010
2.21862e+010
2.319e+010
2.42568e+010
2.53869e+010
2.65812e+010
2.784e+010
2.91639e+010
3.05533e+010
3.20084e+010
3.35294e+010
3.51165e+010
3.67697e+010
3.84889e+010
4.02742e+010
4.21252e+010
4.40416e+010
4.60232e+010
4.80695e+010
5.01801e+010
5.23545e+010
5.45922e+010
5.68923e+010
5.92543e+010
6.16771e+010
6.41601e+010
6.6702e+010
6.93015e+010
7.19573e+010
7.46677e+010
7.74306e+010
8.02441e+010
8.31058e+010
8.60131e+010
8.8962e+010
9.19484e+010
9.49685e+010
9.8018e+010
1.01092e+011
1.04187e+011
1.07297e+011
1.10416e+011
1.13539e+011
1.16659e+011
1.1977e+011
1.22866e+011
1.25938e+011
1.28981e+011
1.31985e+011
1.34945e+011
1.37852e+011
1.40698e+011
1.43477e+011
1.4618e+011
1.48799e+011
1.51327e+011
1.53758e+011
1.56082e+011
1.58294e+011
1.60385e+011
1.62349e+011
1.64177e+011
1.65863e+011
1.67401e+011
1.68782e+011
1.69999e+011
1.71043e+011
1.71908e+011
1.72585e+011
1.73068e+011
1.73349e+011
1.73422e+011
1.73281e+011
1.72921e+011
1.72337e+011
1.71524e+011
1.70478e+011
1.69197e+011
1.67677e+011
1.65918e+011
1.63919e+011
1.6168e+011
1.59201e+011
1.56483e+011
1.53528e+011
1.50337e+011
1.46911e+011
1.43253e+011
1.39363e+011
1.35241e+011
1.30885e+011
1.26293e+011
1.21463e+011
1.16389e+011
1.11066e+011
1.0549e+011
9.96474e+010
9.35259e+010
8.71077e+010
8.03705e+010
7.3284e+010
6.5805e+010
5.78647e+010
4.93397e+010
3.99768e+010
2.92058e+010
1.69256e+010
9.49922e+008
1.57603e+009
2.12193e+009
2.60648e+009
3.06002e+009
3.4946e+009
3.91519e+009
4.3239e+009
4.7217e+009
5.10905e+009
5.48622e+009
5.85341e+009
6.2108e+009
6.55859e+009
6.89699e+009
7.22623e+009
7.54652e+009
7.85809e+009
8.16114e+009
8.45588e+009
8.74248e+009
9.0211e+009
9.29189e+009
9.55495e+009
9.81039e+009
1.00583e+010
1.02986e+010
1.05316e+010
1.07571e+010
1.09751e+010
1.11857e+010
1.13889e+010
1.15845e+010
1.17727e+010
1.19533e+010
1.21264e+010
1.22918e+010
1.24496e+010
1.25996e+010
1.27419e+010
1.28764e+010
1.3003e+010
1.31218e+010
1.32326e+010
1.33356e+010
1.34306e+010
1.35177e+010
1.35971e+010
1.36686e+010
1.37325e+010
1.37888e+010
1.38377e+010
1.38794e+010
1.39142e+010
1.39424e+010
1.39643e+010
1.39803e+010
1.39911e+010
1.3997e+010
1.39988e+010
1.39973e+010
1.39933e+010
1.39878e+010
1.39819e+010
1.39767e+010
1.39736e+010
1.39741e+010
1.39797e+010
1.39921e+010
1.40132e+010
1.40449e+010
1.40894e+010
1.41487e+010
1.42254e+010
1.43219e+010
1.44407e+010
1.45846e+010
1.47562e+010
1.49585e+010
1.51941e+010
1.5466e+010
1.5777e+010
1.61299e+010
1.65273e+010
1.69721e+010
1.74668e+010
1.80138e+010
1.86154e+010
1.92741e+010
1.99918e+010
2.07706e+010
2.16124e+010
2.25187e+010
2.34913e+010
2.45314e+010
2.56406e+010
2.68197e+010
2.80695e+010
2.93908e+010
3.07841e+010
3.22502e+010
3.37895e+010
3.54022e+010
3.70888e+010
3.88493e+010
4.06837e+010
4.25922e+010
4.45745e+010
4.66304e+010
4.87597e+010
5.09618e+010
5.32364e+010
5.55829e+010
5.80008e+010
6.04892e+010
6.30474e+010
6.56745e+010
6.83694e+010
7.1131e+010
7.39579e+010
7.68485e+010
7.9801e+010
8.28134e+010
8.58833e+010
8.90082e+010
9.21853e+010
9.54114e+010
9.8682e+010
1.01993e+011
1.05339e+011
1.08716e+011
1.12119e+011
1.15542e+011
1.1898e+011
1.22425e+011
1.25873e+011
1.29315e+011
1.32745e+011
1.36155e+011
1.39537e+011
1.42884e+011
1.46188e+011
1.4944e+011
1.52633e+011
1.55758e+011
1.58807e+011
1.61771e+011
1.64644e+011
1.67416e+011
1.7008e+011
1.72628e+011
1.75052e+011
1.77345e+011
1.79498e+011
1.81504e+011
1.83355e+011
1.85044e+011
1.86563e+011
1.87904e+011
1.89057e+011
1.90015e+011
1.9077e+011
1.91314e+011
1.9164e+011
1.9174e+011
1.91608e+011
1.91238e+011
1.90623e+011
1.89759e+011
1.88641e+011
1.87266e+011
1.8563e+011
1.83731e+011
1.81568e+011
1.7914e+011
1.76446e+011
1.73488e+011
1.70266e+011
1.6678e+011
1.63034e+011
1.59027e+011
1.5476e+011
1.50234e+011
1.45448e+011
1.40402e+011
1.35093e+011
1.29519e+011
1.23677e+011
1.17565e+011
1.11175e+011
1.04498e+011
9.75213e+010
9.0226e+010
8.2582e+010
7.45391e+010
6.60068e+010
5.68142e+010
4.66184e+010
3.47271e+010
2.08014e+010
1.07786e+009
1.75159e+009
2.33551e+009
2.85349e+009
3.33624e+009
3.79797e+009
4.24486e+009
4.67964e+009
5.10351e+009
5.51698e+009
5.92024e+009
6.31341e+009
6.69657e+009
7.06982e+009
7.43329e+009
7.78715e+009
8.13156e+009
8.46671e+009
8.7928e+009
9.11e+009
9.41847e+009
9.71839e+009
1.00099e+010
1.02931e+010
1.0568e+010
1.08349e+010
1.10936e+010
1.13443e+010
1.1587e+010
1.18217e+010
1.20483e+010
1.2267e+010
1.24775e+010
1.268e+010
1.28744e+010
1.30606e+010
1.32386e+010
1.34083e+010
1.35698e+010
1.37228e+010
1.38675e+010
1.40038e+010
1.41316e+010
1.42509e+010
1.43618e+010
1.44642e+010
1.45581e+010
1.46436e+010
1.47208e+010
1.47898e+010
1.48508e+010
1.49038e+010
1.49492e+010
1.49872e+010
1.50181e+010
1.50424e+010
1.50605e+010
1.50728e+010
1.50802e+010
1.50831e+010
1.50826e+010
1.50794e+010
1.50746e+010
1.50694e+010
1.50649e+010
1.50627e+010
1.50643e+010
1.50713e+010
1.50856e+010
1.5109e+010
1.51437e+010
1.5192e+010
1.52561e+010
1.53386e+010
1.54422e+010
1.55695e+010
1.57236e+010
1.59073e+010
1.61236e+010
1.63756e+010
1.66663e+010
1.69988e+010
1.73762e+010
1.78014e+010
1.82773e+010
1.88068e+010
1.93926e+010
2.00372e+010
2.07431e+010
2.15128e+010
2.23483e+010
2.32518e+010
2.42251e+010
2.52699e+010
2.63879e+010
2.75805e+010
2.88487e+010
3.01936e+010
3.1616e+010
3.31167e+010
3.46964e+010
3.63556e+010
3.80947e+010
3.9914e+010
4.18137e+010
4.37939e+010
4.58546e+010
4.79956e+010
5.02166e+010
5.25174e+010
5.48974e+010
5.73562e+010
5.9893e+010
6.25072e+010
6.5198e+010
6.79643e+010
7.08052e+010
7.37193e+010
7.67053e+010
7.97616e+010
8.28862e+010
8.60771e+010
8.93319e+010
9.26479e+010
9.60221e+010
9.94513e+010
1.02932e+011
1.06459e+011
1.10027e+011
1.13633e+011
1.1727e+011
1.20932e+011
1.24615e+011
1.28311e+011
1.32013e+011
1.35715e+011
1.39409e+011
1.43088e+011
1.46744e+011
1.50367e+011
1.53951e+011
1.57486e+011
1.60965e+011
1.64377e+011
1.67716e+011
1.70972e+011
1.74138e+011
1.77203e+011
1.80162e+011
1.83004e+011
1.85723e+011
1.88309e+011
1.90756e+011
1.93054e+011
1.95196e+011
1.97175e+011
1.98981e+011
2.00607e+011
2.02044e+011
2.03283e+011
2.04317e+011
2.05136e+011
2.05732e+011
2.06097e+011
2.06224e+011
2.06105e+011
2.05734e+011
2.05105e+011
2.0421e+011
2.03046e+011
2.01607e+011
1.9989e+011
1.97892e+011
1.95611e+011
1.93045e+011
1.90193e+011
1.87056e+011
1.83633e+011
1.79926e+011
1.75935e+011
1.71662e+011
1.67107e+011
1.62271e+011
1.57155e+011
1.5176e+011
1.46084e+011
1.40129e+011
1.33893e+011
1.27377e+011
1.20579e+011
1.13495e+011
1.06117e+011
9.84302e+010
9.04071e+010
8.1993e+010
7.30812e+010
6.34607e+010
5.27055e+010
4.01077e+010
2.50756e+010
1.19318e+009
1.89067e+009
2.49883e+009
3.04262e+009
3.54767e+009
4.02979e+009
4.49619e+009
4.95016e+009
5.39317e+009
5.82581e+009
6.24828e+009
6.66063e+009
7.06285e+009
7.45499e+009
7.8371e+009
8.20929e+009
8.57169e+009
8.92445e+009
9.26773e+009
9.60171e+009
9.92654e+009
1.02424e+010
1.05493e+010
1.08475e+010
1.11371e+010
1.14181e+010
1.16905e+010
1.19545e+010
1.221e+010
1.24571e+010
1.26958e+010
1.29259e+010
1.31476e+010
1.33608e+010
1.35654e+010
1.37614e+010
1.39487e+010
1.41274e+010
1.42973e+010
1.44584e+010
1.46108e+010
1.47542e+010
1.48888e+010
1.50144e+010
1.51312e+010
1.5239e+010
1.5338e+010
1.54283e+010
1.55098e+010
1.55827e+010
1.56472e+010
1.57035e+010
1.57518e+010
1.57923e+010
1.58255e+010
1.58518e+010
1.58716e+010
1.58854e+010
1.58941e+010
1.58982e+010
1.58986e+010
1.58963e+010
1.58924e+010
1.5888e+010
1.58844e+010
1.58832e+010
1.58858e+010
1.58941e+010
1.59099e+010
1.59353e+010
1.59724e+010
1.60236e+010
1.60912e+010
1.61781e+010
1.62869e+010
1.64204e+010
1.65818e+010
1.67742e+010
1.70006e+010
1.72643e+010
1.75686e+010
1.79166e+010
1.83116e+010
1.87568e+010
1.92553e+010
1.981e+010
2.04239e+010
2.10999e+010
2.18404e+010
2.26482e+010
2.35255e+010
2.44746e+010
2.54974e+010
2.65959e+010
2.77718e+010
2.90267e+010
3.03617e+010
3.1778e+010
3.32765e+010
3.48582e+010
3.65237e+010
3.82738e+010
4.01087e+010
4.20289e+010
4.40347e+010
4.61259e+010
4.83028e+010
5.0565e+010
5.29123e+010
5.53443e+010
5.78605e+010
6.04603e+010
6.31429e+010
6.59075e+010
6.87532e+010
7.16788e+010
7.46832e+010
7.77649e+010
8.09223e+010
8.41536e+010
8.74566e+010
9.08289e+010
9.42679e+010
9.77706e+010
1.01334e+011
1.04953e+011
1.08626e+011
1.12346e+011
1.16108e+011
1.19907e+011
1.23738e+011
1.27594e+011
1.31469e+011
1.35356e+011
1.39248e+011
1.43138e+011
1.47017e+011
1.50877e+011
1.54711e+011
1.5851e+011
1.62264e+011
1.65966e+011
1.69607e+011
1.73177e+011
1.76668e+011
1.80072e+011
1.83379e+011
1.86581e+011
1.89671e+011
1.92639e+011
1.95477e+011
1.98178e+011
2.00733e+011
2.03134e+011
2.05372e+011
2.07441e+011
2.09331e+011
2.11034e+011
2.12542e+011
2.13846e+011
2.14936e+011
2.15805e+011
2.16443e+011
2.16843e+011
2.16997e+011
2.16896e+011
2.16533e+011
2.15901e+011
2.14994e+011
2.13807e+011
2.12333e+011
2.10568e+011
2.08509e+011
2.06152e+011
2.03496e+011
2.0054e+011
1.97281e+011
1.93721e+011
1.8986e+011
1.85698e+011
1.81236e+011
1.76477e+011
1.7142e+011
1.66068e+011
1.60422e+011
1.54484e+011
1.48256e+011
1.41742e+011
1.34943e+011
1.27863e+011
1.20503e+011
1.12861e+011
1.0493e+011
9.66878e+010
8.80849e+010
7.90149e+010
6.92537e+010
5.83259e+010
4.55769e+010
3.02154e+010
1.28583e+009
1.98834e+009
2.6092e+009
3.17095e+009
3.6913e+009
4.18721e+009
4.66663e+009
5.13331e+009
5.58894e+009
6.03422e+009
6.46936e+009
6.89437e+009
7.30921e+009
7.71386e+009
8.10833e+009
8.49269e+009
8.86703e+009
9.23149e+009
9.5862e+009
9.93133e+009
1.0267e+010
1.05934e+010
1.09106e+010
1.12188e+010
1.15181e+010
1.18084e+010
1.20899e+010
1.23627e+010
1.26267e+010
1.2882e+010
1.31285e+010
1.33663e+010
1.35953e+010
1.38155e+010
1.40268e+010
1.42293e+010
1.44228e+010
1.46073e+010
1.47828e+010
1.49493e+010
1.51066e+010
1.52548e+010
1.53938e+010
1.55237e+010
1.56444e+010
1.57559e+010
1.58583e+010
1.59517e+010
1.60362e+010
1.61118e+010
1.61788e+010
1.62374e+010
1.62877e+010
1.63302e+010
1.63651e+010
1.63929e+010
1.64141e+010
1.64293e+010
1.64391e+010
1.64443e+010
1.64458e+010
1.64444e+010
1.64414e+010
1.64379e+010
1.64353e+010
1.6435e+010
1.64388e+010
1.64482e+010
1.64654e+010
1.64922e+010
1.65311e+010
1.65843e+010
1.66544e+010
1.6744e+010
1.68561e+010
1.69936e+010
1.71597e+010
1.73573e+010
1.759e+010
1.78609e+010
1.81735e+010
1.85311e+010
1.8937e+010
1.93946e+010
1.99072e+010
2.04777e+010
2.11094e+010
2.18052e+010
2.25679e+010
2.34001e+010
2.43044e+010
2.5283e+010
2.63382e+010
2.7472e+010
2.86861e+010
2.99822e+010
3.13617e+010
3.28257e+010
3.43754e+010
3.60118e+010
3.77355e+010
3.95472e+010
4.14476e+010
4.34368e+010
4.55152e+010
4.76829e+010
4.99397e+010
5.22856e+010
5.47201e+010
5.72429e+010
5.98533e+010
6.25508e+010
6.53343e+010
6.82031e+010
7.1156e+010
7.41919e+010
7.73093e+010
8.05067e+010
8.37822e+010
8.7134e+010
9.05595e+010
9.40562e+010
9.76211e+010
1.01251e+011
1.04942e+011
1.08691e+011
1.12493e+011
1.16342e+011
1.20234e+011
1.24163e+011
1.28122e+011
1.32106e+011
1.36107e+011
1.40119e+011
1.44134e+011
1.48144e+011
1.52141e+011
1.56117e+011
1.60064e+011
1.63972e+011
1.67833e+011
1.71637e+011
1.75377e+011
1.79043e+011
1.82626e+011
1.86117e+011
1.89509e+011
1.92792e+011
1.95958e+011
1.99e+011
2.01909e+011
2.04676e+011
2.07295e+011
2.09756e+011
2.12052e+011
2.14174e+011
2.16116e+011
2.17867e+011
2.1942e+011
2.20765e+011
2.21895e+011
2.22799e+011
2.2347e+011
2.23899e+011
2.24077e+011
2.23997e+011
2.2365e+011
2.23029e+011
2.22128e+011
2.20938e+011
2.19456e+011
2.17675e+011
2.15591e+011
2.132e+011
2.10501e+011
2.0749e+011
2.04167e+011
2.0053e+011
1.96581e+011
1.92319e+011
1.87746e+011
1.82862e+011
1.7767e+011
1.72172e+011
1.66371e+011
1.6027e+011
1.53874e+011
1.47189e+011
1.40219e+011
1.32973e+011
1.25458e+011
1.17678e+011
1.09636e+011
1.0132e+011
9.27006e+010
8.3698e+010
7.41307e+010
6.35794e+010
5.15316e+010
3.73068e+010
1.3417e+009
2.03992e+009
2.66522e+009
3.23665e+009
3.76499e+009
4.26793e+009
4.75392e+009
5.22697e+009
5.68891e+009
6.1405e+009
6.58194e+009
7.01326e+009
7.43438e+009
7.84525e+009
8.24588e+009
8.63628e+009
9.01656e+009
9.38682e+009
9.74719e+009
1.00978e+010
1.04389e+010
1.07705e+010
1.10927e+010
1.14058e+010
1.17098e+010
1.20047e+010
1.22907e+010
1.25677e+010
1.28358e+010
1.3095e+010
1.33454e+010
1.35868e+010
1.38193e+010
1.40429e+010
1.42575e+010
1.4463e+010
1.46595e+010
1.48468e+010
1.5025e+010
1.5194e+010
1.53538e+010
1.55042e+010
1.56454e+010
1.57773e+010
1.58999e+010
1.60133e+010
1.61175e+010
1.62125e+010
1.62985e+010
1.63756e+010
1.6444e+010
1.65039e+010
1.65555e+010
1.65992e+010
1.66353e+010
1.66642e+010
1.66865e+010
1.67028e+010
1.67136e+010
1.67198e+010
1.67223e+010
1.67219e+010
1.67199e+010
1.67174e+010
1.67157e+010
1.67164e+010
1.67212e+010
1.67316e+010
1.67498e+010
1.67777e+010
1.68177e+010
1.6872e+010
1.69434e+010
1.70344e+010
1.7148e+010
1.72872e+010
1.74551e+010
1.76549e+010
1.789e+010
1.81637e+010
1.84794e+010
1.88407e+010
1.92509e+010
1.97134e+010
2.02316e+010
2.08086e+010
2.14477e+010
2.2152e+010
2.29242e+010
2.37672e+010
2.46836e+010
2.56759e+010
2.67462e+010
2.78967e+010
2.91292e+010
3.04455e+010
3.18471e+010
3.33351e+010
3.49109e+010
3.65753e+010
3.83293e+010
4.01734e+010
4.21084e+010
4.41344e+010
4.62518e+010
4.84607e+010
5.07609e+010
5.31523e+010
5.56345e+010
5.8207e+010
6.08692e+010
6.36204e+010
6.64595e+010
6.93855e+010
7.23974e+010
7.54938e+010
7.86731e+010
8.19336e+010
8.52735e+010
8.86905e+010
9.21821e+010
9.57454e+010
9.93775e+010
1.03075e+011
1.06833e+011
1.10649e+011
1.14518e+011
1.18433e+011
1.2239e+011
1.26383e+011
1.30406e+011
1.34451e+011
1.38513e+011
1.42583e+011
1.46654e+011
1.50718e+011
1.54767e+011
1.58793e+011
1.62786e+011
1.66738e+011
1.70641e+011
1.74485e+011
1.78261e+011
1.81961e+011
1.85576e+011
1.89097e+011
1.92515e+011
1.95824e+011
1.99014e+011
2.02078e+011
2.05007e+011
2.07794e+011
2.10432e+011
2.12912e+011
2.15226e+011
2.17367e+011
2.19327e+011
2.21097e+011
2.22669e+011
2.24035e+011
2.25185e+011
2.2611e+011
2.26803e+011
2.27255e+011
2.27456e+011
2.27399e+011
2.27075e+011
2.26476e+011
2.25595e+011
2.24425e+011
2.2296e+011
2.21193e+011
2.19119e+011
2.16735e+011
2.14037e+011
2.11022e+011
2.07689e+011
2.04036e+011
2.00063e+011
1.95771e+011
1.9116e+011
1.86232e+011
1.80988e+011
1.75433e+011
1.69569e+011
1.63402e+011
1.56938e+011
1.50185e+011
1.43153e+011
1.35851e+011
1.28293e+011
1.20491e+011
1.12458e+011
1.04199e+011
9.57141e+010
8.69766e+010
7.79145e+010
6.83447e+010
5.8156e+010
4.77431e+010
1.34326e+009
2.04188e+009
2.6675e+009
3.23917e+009
3.76766e+009
4.27071e+009
4.75678e+009
5.22989e+009
5.69189e+009
6.14351e+009
6.58498e+009
7.01631e+009
7.43742e+009
7.84828e+009
8.24886e+009
8.63922e+009
9.01942e+009
9.38958e+009
9.74984e+009
1.01003e+010
1.04412e+010
1.07727e+010
1.10947e+010
1.14076e+010
1.17113e+010
1.2006e+010
1.22917e+010
1.25685e+010
1.28363e+010
1.30953e+010
1.33453e+010
1.35865e+010
1.38187e+010
1.4042e+010
1.42563e+010
1.44616e+010
1.46578e+010
1.48448e+010
1.50228e+010
1.51915e+010
1.53511e+010
1.55014e+010
1.56424e+010
1.57742e+010
1.58968e+010
1.60101e+010
1.61143e+010
1.62094e+010
1.62956e+010
1.63729e+010
1.64415e+010
1.65018e+010
1.65538e+010
1.6598e+010
1.66347e+010
1.66643e+010
1.66873e+010
1.67043e+010
1.6716e+010
1.67232e+010
1.67266e+010
1.67272e+010
1.67262e+010
1.67247e+010
1.6724e+010
1.67257e+010
1.67313e+010
1.67426e+010
1.67615e+010
1.67901e+010
1.68305e+010
1.68852e+010
1.69566e+010
1.70476e+010
1.71609e+010
1.72995e+010
1.74665e+010
1.76653e+010
1.7899e+010
1.81711e+010
1.8485e+010
1.88441e+010
1.9252e+010
1.97119e+010
2.02274e+010
2.08016e+010
2.14378e+010
2.21391e+010
2.29084e+010
2.37486e+010
2.46624e+010
2.56522e+010
2.67203e+010
2.7869e+010
2.91001e+010
3.04155e+010
3.18165e+010
3.33047e+010
3.48812e+010
3.6547e+010
3.8303e+010
4.015e+010
4.20884e+010
4.41186e+010
4.6241e+010
4.84555e+010
5.07621e+010
5.31605e+010
5.56504e+010
5.82311e+010
6.09021e+010
6.36624e+010
6.65111e+010
6.9447e+010
7.24689e+010
7.55755e+010
7.8765e+010
8.20356e+010
8.53854e+010
8.88119e+010
9.23125e+010
9.58844e+010
9.95242e+010
1.03228e+011
1.06993e+011
1.10814e+011
1.14686e+011
1.18603e+011
1.22562e+011
1.26554e+011
1.30574e+011
1.34615e+011
1.3867e+011
1.42732e+011
1.46793e+011
1.50845e+011
1.5488e+011
1.5889e+011
1.62865e+011
1.66797e+011
1.70678e+011
1.74498e+011
1.78249e+011
1.81922e+011
1.85509e+011
1.89001e+011
1.92391e+011
1.9567e+011
1.9883e+011
2.01865e+011
2.04767e+011
2.07527e+011
2.1014e+011
2.12597e+011
2.14891e+011
2.17015e+011
2.18961e+011
2.2072e+011
2.22286e+011
2.23649e+011
2.24801e+011
2.25734e+011
2.26438e+011
2.26906e+011
2.27127e+011
2.27095e+011
2.268e+011
2.26234e+011
2.25389e+011
2.24258e+011
2.22833e+011
2.21109e+011
2.1908e+011
2.16741e+011
2.14088e+011
2.11118e+011
2.07828e+011
2.04217e+011
2.00285e+011
1.9603e+011
1.91455e+011
1.86559e+011
1.81347e+011
1.75821e+011
1.69985e+011
1.63846e+011
1.57412e+011
1.50693e+011
1.437e+011
1.36449e+011
1.28956e+011
1.21241e+011
1.13328e+011
1.05243e+011
9.70135e+010
8.8677e+010
8.02885e+010
7.19742e+010
6.41447e+010
5.83089e+010
1.29029e+009
1.99413e+009
2.61597e+009
3.1784e+009
3.69919e+009
4.19541e+009
4.67507e+009
5.14194e+009
5.59773e+009
6.04313e+009
6.47834e+009
6.90339e+009
7.31822e+009
7.72281e+009
8.11718e+009
8.50137e+009
8.87549e+009
9.23967e+009
9.59404e+009
9.93877e+009
1.0274e+010
1.05999e+010
1.09165e+010
1.12241e+010
1.15227e+010
1.18123e+010
1.20931e+010
1.23651e+010
1.26283e+010
1.28827e+010
1.31284e+010
1.33653e+010
1.35935e+010
1.38128e+010
1.40233e+010
1.42249e+010
1.44176e+010
1.46014e+010
1.47762e+010
1.49419e+010
1.50987e+010
1.52463e+010
1.53849e+010
1.55145e+010
1.56349e+010
1.57464e+010
1.58489e+010
1.59425e+010
1.60274e+010
1.61037e+010
1.61715e+010
1.62311e+010
1.62827e+010
1.63267e+010
1.63633e+010
1.63931e+010
1.64165e+010
1.6434e+010
1.64464e+010
1.64542e+010
1.64585e+010
1.64601e+010
1.64601e+010
1.64596e+010
1.64599e+010
1.64625e+010
1.64689e+010
1.64808e+010
1.65001e+010
1.65288e+010
1.65691e+010
1.66232e+010
1.66937e+010
1.67831e+010
1.68943e+010
1.70301e+010
1.71937e+010
1.73882e+010
1.76169e+010
1.7883e+010
1.819e+010
1.85413e+010
1.89403e+010
1.93904e+010
1.98949e+010
2.0457e+010
2.10801e+010
2.17672e+010
2.25212e+010
2.33451e+010
2.42414e+010
2.52128e+010
2.62615e+010
2.73898e+010
2.85996e+010
2.98928e+010
3.12709e+010
3.27352e+010
3.4287e+010
3.59273e+010
3.76571e+010
3.94769e+010
4.13875e+010
4.33892e+010
4.54822e+010
4.76665e+010
4.99422e+010
5.23088e+010
5.47659e+010
5.73131e+010
5.99494e+010
6.26741e+010
6.5486e+010
6.8384e+010
7.13668e+010
7.44329e+010
7.75806e+010
8.08079e+010
8.41128e+010
8.74928e+010
9.09453e+010
9.44673e+010
9.80554e+010
1.01706e+011
1.05415e+011
1.09178e+011
1.12991e+011
1.16847e+011
1.20742e+011
1.24669e+011
1.28621e+011
1.32593e+011
1.36576e+011
1.40564e+011
1.44549e+011
1.48523e+011
1.52479e+011
1.56407e+011
1.60299e+011
1.64148e+011
1.67943e+011
1.71677e+011
1.75342e+011
1.78929e+011
1.82429e+011
1.85836e+011
1.8914e+011
1.92336e+011
1.95416e+011
1.98372e+011
2.01197e+011
2.03886e+011
2.0643e+011
2.08823e+011
2.11059e+011
2.1313e+011
2.1503e+011
2.1675e+011
2.18284e+011
2.19623e+011
2.20759e+011
2.21683e+011
2.22387e+011
2.22863e+011
2.23102e+011
2.23096e+011
2.22834e+011
2.2231e+011
2.21515e+011
2.20441e+011
2.19081e+011
2.17428e+011
2.15476e+011
2.13219e+011
2.10654e+011
2.07775e+011
2.04581e+011
2.0107e+011
1.97239e+011
1.93089e+011
1.88621e+011
1.83835e+011
1.78734e+011
1.73322e+011
1.67604e+011
1.61586e+011
1.55278e+011
1.48691e+011
1.4184e+011
1.34742e+011
1.27419e+011
1.19897e+011
1.12211e+011
1.04404e+011
9.65335e+010
8.86889e+010
8.10177e+010
7.38025e+010
6.76193e+010
6.35646e+010
1.20009e+009
1.89998e+009
2.50977e+009
3.05464e+009
3.56039e+009
4.04303e+009
4.50983e+009
4.96412e+009
5.40739e+009
5.84023e+009
6.26283e+009
6.67524e+009
7.07746e+009
7.46951e+009
7.85145e+009
8.22337e+009
8.58541e+009
8.93772e+009
9.28046e+009
9.61379e+009
9.93787e+009
1.02529e+010
1.05589e+010
1.08561e+010
1.11446e+010
1.14244e+010
1.16957e+010
1.19584e+010
1.22126e+010
1.24583e+010
1.26956e+010
1.29243e+010
1.31446e+010
1.33564e+010
1.35596e+010
1.37542e+010
1.39403e+010
1.41177e+010
1.42864e+010
1.44465e+010
1.45978e+010
1.47404e+010
1.48742e+010
1.49993e+010
1.51157e+010
1.52235e+010
1.53226e+010
1.54132e+010
1.54954e+010
1.55694e+010
1.56352e+010
1.56932e+010
1.57435e+010
1.57865e+010
1.58225e+010
1.58519e+010
1.58752e+010
1.58929e+010
1.59057e+010
1.59142e+010
1.59192e+010
1.59217e+010
1.59226e+010
1.59231e+010
1.59243e+010
1.59277e+010
1.59348e+010
1.59472e+010
1.59666e+010
1.5995e+010
1.60344e+010
1.60871e+010
1.61554e+010
1.62419e+010
1.63492e+010
1.64801e+010
1.66377e+010
1.68248e+010
1.70448e+010
1.73007e+010
1.7596e+010
1.79338e+010
1.83175e+010
1.87504e+010
1.92358e+010
1.97768e+010
2.03767e+010
2.10384e+010
2.17649e+010
2.2559e+010
2.34233e+010
2.43604e+010
2.53725e+010
2.6462e+010
2.76307e+010
2.88806e+010
3.02131e+010
3.16296e+010
3.31312e+010
3.47191e+010
3.63942e+010
3.81571e+010
4.00085e+010
4.19486e+010
4.39778e+010
4.60961e+010
4.83033e+010
5.05991e+010
5.2983e+010
5.54545e+010
5.80128e+010
6.06568e+010
6.33855e+010
6.61978e+010
6.90921e+010
7.2067e+010
7.51207e+010
7.82513e+010
8.14566e+010
8.47342e+010
8.80814e+010
9.14952e+010
9.49722e+010
9.85089e+010
1.02101e+011
1.05745e+011
1.09436e+011
1.13167e+011
1.16935e+011
1.20731e+011
1.24551e+011
1.28388e+011
1.32234e+011
1.36083e+011
1.39927e+011
1.43759e+011
1.4757e+011
1.51353e+011
1.55099e+011
1.58801e+011
1.6245e+011
1.66037e+011
1.69556e+011
1.72997e+011
1.76354e+011
1.79619e+011
1.82785e+011
1.85845e+011
1.88792e+011
1.9162e+011
1.94323e+011
1.96895e+011
1.99328e+011
2.01619e+011
2.03759e+011
2.05743e+011
2.07565e+011
2.09217e+011
2.10694e+011
2.11986e+011
2.13087e+011
2.13988e+011
2.14681e+011
2.15157e+011
2.15409e+011
2.15428e+011
2.15205e+011
2.14731e+011
2.13999e+011
2.12999e+011
2.11725e+011
2.10169e+011
2.08325e+011
2.06187e+011
2.03749e+011
2.01008e+011
1.9796e+011
1.94603e+011
1.90935e+011
1.86955e+011
1.82664e+011
1.78062e+011
1.73152e+011
1.67939e+011
1.62425e+011
1.56621e+011
1.50533e+011
1.44177e+011
1.37568e+011
1.30726e+011
1.23676e+011
1.16451e+011
1.09095e+011
1.01665e+011
9.4244e+010
8.69551e+010
7.99958e+010
7.36928e+010
6.85765e+010
6.53947e+010
1.08675e+009
1.76394e+009
2.3501e+009
2.86947e+009
3.35317e+009
3.81561e+009
4.26305e+009
4.69829e+009
5.12253e+009
5.53627e+009
5.93973e+009
6.33299e+009
6.71615e+009
7.08929e+009
7.45254e+009
7.80605e+009
8.14999e+009
8.48455e+009
8.8099e+009
9.12624e+009
9.43373e+009
9.73252e+009
1.00228e+010
1.03046e+010
1.05781e+010
1.08434e+010
1.11005e+010
1.13495e+010
1.15904e+010
1.18233e+010
1.20481e+010
1.22648e+010
1.24735e+010
1.26741e+010
1.28666e+010
1.3051e+010
1.32272e+010
1.33952e+010
1.3555e+010
1.37066e+010
1.385e+010
1.39851e+010
1.41119e+010
1.42305e+010
1.43408e+010
1.4443e+010
1.45371e+010
1.46231e+010
1.47013e+010
1.47716e+010
1.48343e+010
1.48897e+010
1.49378e+010
1.49791e+010
1.50138e+010
1.50423e+010
1.50651e+010
1.50827e+010
1.50956e+010
1.51045e+010
1.51102e+010
1.51134e+010
1.51152e+010
1.51166e+010
1.51187e+010
1.51228e+010
1.51304e+010
1.51429e+010
1.5162e+010
1.51896e+010
1.52276e+010
1.5278e+010
1.5343e+010
1.54251e+010
1.55268e+010
1.56507e+010
1.57996e+010
1.59764e+010
1.61841e+010
1.64257e+010
1.67043e+010
1.70232e+010
1.73853e+010
1.7794e+010
1.82522e+010
1.87632e+010
1.93299e+010
1.99552e+010
2.0642e+010
2.1393e+010
2.22108e+010
2.30978e+010
2.40564e+010
2.50886e+010
2.61965e+010
2.73819e+010
2.86463e+010
2.99909e+010
3.1417e+010
3.29256e+010
3.45175e+010
3.61935e+010
3.79542e+010
3.97999e+010
4.17307e+010
4.37468e+010
4.5848e+010
4.80339e+010
5.0304e+010
5.26577e+010
5.50942e+010
5.76126e+010
6.02115e+010
6.289e+010
6.56465e+010
6.84794e+010
7.13871e+010
7.43676e+010
7.74186e+010
8.05379e+010
8.37228e+010
8.69702e+010
9.0277e+010
9.36397e+010
9.70544e+010
1.00517e+011
1.04023e+011
1.07567e+011
1.11143e+011
1.14746e+011
1.18369e+011
1.22007e+011
1.25652e+011
1.29297e+011
1.32936e+011
1.36561e+011
1.40165e+011
1.43739e+011
1.47277e+011
1.50771e+011
1.54212e+011
1.57593e+011
1.60907e+011
1.64146e+011
1.67304e+011
1.70373e+011
1.73347e+011
1.7622e+011
1.78985e+011
1.81639e+011
1.84173e+011
1.86585e+011
1.88867e+011
1.91015e+011
1.93023e+011
1.94887e+011
1.966e+011
1.98157e+011
1.9955e+011
2.00774e+011
2.0182e+011
2.02682e+011
2.03352e+011
2.03821e+011
2.04081e+011
2.04124e+011
2.03942e+011
2.03526e+011
2.02868e+011
2.01959e+011
2.00791e+011
1.99357e+011
1.9765e+011
1.95664e+011
1.93394e+011
1.90834e+011
1.87982e+011
1.84833e+011
1.81386e+011
1.7764e+011
1.73595e+011
1.69252e+011
1.64612e+011
1.59679e+011
1.54458e+011
1.48957e+011
1.43186e+011
1.37158e+011
1.30891e+011
1.24407e+011
1.17734e+011
1.1091e+011
1.03984e+011
9.70252e+010
9.01319e+010
8.34466e+010
7.7182e+010
7.16536e+010
6.73009e+010
6.46405e+010
9.60351e+008
1.59077e+009
2.13937e+009
2.62559e+009
3.08029e+009
3.51576e+009
3.93706e+009
4.34635e+009
4.74461e+009
5.13232e+009
5.50974e+009
5.87705e+009
6.23446e+009
6.58214e+009
6.92029e+009
7.24913e+009
7.56887e+009
7.87972e+009
8.1819e+009
8.47561e+009
8.76101e+009
9.03829e+009
9.30757e+009
9.569e+009
9.82266e+009
1.00687e+010
1.0307e+010
1.05379e+010
1.07612e+010
1.0977e+010
1.11854e+010
1.13862e+010
1.15796e+010
1.17655e+010
1.19438e+010
1.21146e+010
1.22778e+010
1.24335e+010
1.25816e+010
1.2722e+010
1.28548e+010
1.298e+010
1.30975e+010
1.32074e+010
1.33098e+010
1.34045e+010
1.34918e+010
1.35717e+010
1.36444e+010
1.37098e+010
1.37683e+010
1.382e+010
1.38651e+010
1.39038e+010
1.39366e+010
1.39637e+010
1.39855e+010
1.40025e+010
1.40153e+010
1.40244e+010
1.40306e+010
1.40345e+010
1.4037e+010
1.40392e+010
1.40421e+010
1.40468e+010
1.40546e+010
1.40671e+010
1.40856e+010
1.41119e+010
1.41476e+010
1.41948e+010
1.42555e+010
1.43319e+010
1.44262e+010
1.45409e+010
1.46787e+010
1.48421e+010
1.50339e+010
1.5257e+010
1.55143e+010
1.58086e+010
1.6143e+010
1.65203e+010
1.69435e+010
1.74155e+010
1.79391e+010
1.85171e+010
1.91521e+010
1.98467e+010
2.06035e+010
2.14247e+010
2.23125e+010
2.32691e+010
2.42963e+010
2.53959e+010
2.65695e+010
2.78181e+010
2.91429e+010
3.05449e+010
3.2025e+010
3.35838e+010
3.52219e+010
3.69397e+010
3.87373e+010
4.06147e+010
4.25718e+010
4.46082e+010
4.67235e+010
4.89169e+010
5.11875e+010
5.35346e+010
5.59568e+010
5.8453e+010
6.10218e+010
6.36615e+010
6.63706e+010
6.9147e+010
7.19887e+010
7.48934e+010
7.78585e+010
8.08811e+010
8.39582e+010
8.70865e+010
9.02623e+010
9.34818e+010
9.67409e+010
1.00034e+011
1.03356e+011
1.06701e+011
1.10063e+011
1.13437e+011
1.16816e+011
1.20194e+011
1.23564e+011
1.26919e+011
1.30252e+011
1.33556e+011
1.36823e+011
1.40048e+011
1.43222e+011
1.46338e+011
1.4939e+011
1.5237e+011
1.55274e+011
1.58094e+011
1.60824e+011
1.6346e+011
1.65996e+011
1.68427e+011
1.70749e+011
1.72958e+011
1.75048e+011
1.77016e+011
1.78857e+011
1.80567e+011
1.82141e+011
1.83574e+011
1.8486e+011
1.85993e+011
1.86966e+011
1.87773e+011
1.88406e+011
1.88858e+011
1.89121e+011
1.89188e+011
1.89049e+011
1.88697e+011
1.88122e+011
1.87318e+011
1.86275e+011
1.84987e+011
1.83446e+011
1.81645e+011
1.7958e+011
1.77245e+011
1.74635e+011
1.71748e+011
1.68581e+011
1.65132e+011
1.61401e+011
1.57389e+011
1.53098e+011
1.48529e+011
1.43689e+011
1.38585e+011
1.33225e+011
1.27625e+011
1.21803e+011
1.15781e+011
1.0959e+011
1.03268e+011
9.6872e+010
9.04754e+010
8.41832e+010
7.81429e+010
7.25616e+010
6.77211e+010
6.39745e+010
6.16919e+010
8.20227e+008
1.38355e+009
1.88122e+009
2.32622e+009
2.7445e+009
3.14549e+009
3.53293e+009
3.90847e+009
4.27297e+009
4.62694e+009
4.97076e+009
5.30477e+009
5.62925e+009
5.94449e+009
6.25078e+009
6.54838e+009
6.83754e+009
7.11851e+009
7.39151e+009
7.65675e+009
7.91442e+009
8.16468e+009
8.40767e+009
8.64352e+009
8.87233e+009
9.09418e+009
9.30914e+009
9.51726e+009
9.71858e+009
9.91311e+009
1.01009e+010
1.02819e+010
1.04561e+010
1.06236e+010
1.07842e+010
1.09381e+010
1.10852e+010
1.12254e+010
1.13587e+010
1.14852e+010
1.16049e+010
1.17177e+010
1.18236e+010
1.19226e+010
1.20149e+010
1.21004e+010
1.21792e+010
1.22513e+010
1.2317e+010
1.23763e+010
1.24293e+010
1.24762e+010
1.25173e+010
1.25528e+010
1.25829e+010
1.26079e+010
1.26283e+010
1.26444e+010
1.26567e+010
1.26658e+010
1.26722e+010
1.26766e+010
1.26798e+010
1.26826e+010
1.26861e+010
1.26912e+010
1.26992e+010
1.27112e+010
1.27286e+010
1.2753e+010
1.27859e+010
1.2829e+010
1.28841e+010
1.29532e+010
1.30383e+010
1.31418e+010
1.32657e+010
1.34127e+010
1.35851e+010
1.37855e+010
1.40165e+010
1.42808e+010
1.4581e+010
1.49197e+010
1.52998e+010
1.57237e+010
1.61941e+010
1.67134e+010
1.72842e+010
1.79088e+010
1.85896e+010
1.93287e+010
2.01282e+010
2.099e+010
2.1916e+010
2.29079e+010
2.39672e+010
2.50947e+010
2.62915e+010
2.75587e+010
2.8897e+010
3.03072e+010
3.17897e+010
3.33448e+010
3.49728e+010
3.66736e+010
3.84471e+010
4.0293e+010
4.22106e+010
4.41993e+010
4.62584e+010
4.83867e+010
5.05833e+010
5.2847e+010
5.51763e+010
5.75697e+010
6.00256e+010
6.25421e+010
6.51173e+010
6.77491e+010
7.04349e+010
7.31722e+010
7.59582e+010
7.87896e+010
8.16632e+010
8.45755e+010
8.75229e+010
9.05e+010
9.35018e+010
9.65232e+010
9.95588e+010
1.02603e+011
1.05651e+011
1.08695e+011
1.1173e+011
1.1475e+011
1.17748e+011
1.20718e+011
1.23653e+011
1.26547e+011
1.29393e+011
1.32185e+011
1.34916e+011
1.37582e+011
1.40176e+011
1.42692e+011
1.45127e+011
1.47475e+011
1.49733e+011
1.51896e+011
1.53961e+011
1.55924e+011
1.57783e+011
1.59533e+011
1.61171e+011
1.62693e+011
1.64097e+011
1.65378e+011
1.66531e+011
1.6755e+011
1.6843e+011
1.69165e+011
1.69748e+011
1.70174e+011
1.70433e+011
1.7052e+011
1.70425e+011
1.70142e+011
1.69662e+011
1.68976e+011
1.68077e+011
1.66956e+011
1.65608e+011
1.64026e+011
1.62203e+011
1.60135e+011
1.57816e+011
1.55244e+011
1.52415e+011
1.49328e+011
1.45982e+011
1.42378e+011
1.38515e+011
1.34398e+011
1.3003e+011
1.25418e+011
1.20571e+011
1.15503e+011
1.10234e+011
1.04784e+011
9.91841e+010
9.34746e+010
8.77109e+010
8.19689e+010
7.63524e+010
7.1003e+010
6.61096e+010
6.19137e+010
5.86957e+010
5.67291e+010
6.6149e+008
1.14328e+009
1.57861e+009
1.97332e+009
2.34604e+009
2.70306e+009
3.04698e+009
3.37913e+009
3.70041e+009
4.01149e+009
4.31288e+009
4.60506e+009
4.88842e+009
5.16334e+009
5.43016e+009
5.68917e+009
5.94066e+009
6.18488e+009
6.42206e+009
6.6524e+009
6.8761e+009
7.09329e+009
7.30413e+009
7.50873e+009
7.70718e+009
7.89956e+009
8.08593e+009
8.26634e+009
8.44083e+009
8.60941e+009
8.7721e+009
8.92891e+009
9.07984e+009
9.22487e+009
9.36402e+009
9.49726e+009
9.62458e+009
9.74598e+009
9.86145e+009
9.97099e+009
1.00746e+010
1.01723e+010
1.0264e+010
1.03498e+010
1.04297e+010
1.05039e+010
1.05722e+010
1.06349e+010
1.0692e+010
1.07436e+010
1.07898e+010
1.08309e+010
1.08669e+010
1.08982e+010
1.09248e+010
1.09472e+010
1.09655e+010
1.09802e+010
1.09917e+010
1.10004e+010
1.10068e+010
1.10115e+010
1.10151e+010
1.10185e+010
1.10224e+010
1.10277e+010
1.10354e+010
1.10466e+010
1.10625e+010
1.10844e+010
1.11135e+010
1.11514e+010
1.11996e+010
1.12598e+010
1.13338e+010
1.14235e+010
1.15308e+010
1.16579e+010
1.18069e+010
1.198e+010
1.21794e+010
1.24075e+010
1.26666e+010
1.29589e+010
1.32869e+010
1.36528e+010
1.40588e+010
1.45072e+010
1.50001e+010
1.55397e+010
1.61281e+010
1.67673e+010
1.7459e+010
1.82052e+010
1.90074e+010
1.98672e+010
2.07862e+010
2.17649e+010
2.28043e+010
2.39053e+010
2.50688e+010
2.62954e+010
2.75855e+010
2.89396e+010
3.03577e+010
3.18398e+010
3.33857e+010
3.49952e+010
3.66678e+010
3.84027e+010
4.01992e+010
4.20564e+010
4.39731e+010
4.59483e+010
4.79808e+010
5.00689e+010
5.22111e+010
5.44057e+010
5.66512e+010
5.89454e+010
6.12862e+010
6.36713e+010
6.6098e+010
6.85635e+010
7.10651e+010
7.35994e+010
7.61636e+010
7.8753e+010
8.13627e+010
8.3988e+010
8.66243e+010
8.92667e+010
9.19099e+010
9.45488e+010
9.71779e+010
9.97918e+010
1.02385e+011
1.04951e+011
1.07485e+011
1.09981e+011
1.12434e+011
1.14837e+011
1.17186e+011
1.19475e+011
1.217e+011
1.23856e+011
1.25939e+011
1.27946e+011
1.29873e+011
1.31718e+011
1.33478e+011
1.3515e+011
1.36733e+011
1.38224e+011
1.39621e+011
1.40921e+011
1.42122e+011
1.4322e+011
1.44212e+011
1.45093e+011
1.45858e+011
1.46502e+011
1.4702e+011
1.47407e+011
1.47654e+011
1.47757e+011
1.47707e+011
1.47497e+011
1.4712e+011
1.46566e+011
1.45829e+011
1.44901e+011
1.43775e+011
1.42444e+011
1.40904e+011
1.39147e+011
1.37171e+011
1.34971e+011
1.32544e+011
1.2989e+011
1.27006e+011
1.23892e+011
1.20549e+011
1.16979e+011
1.13185e+011
1.09174e+011
1.04953e+011
1.00537e+011
9.59428e+010
9.11904e+010
8.6308e+010
8.1334e+010
7.63214e+010
7.13418e+010
6.64912e+010
6.18974e+010
5.77242e+010
5.41709e+010
5.14573e+010
4.97874e+010
4.82772e+008
8.69932e+008
1.23065e+009
1.56228e+009
1.87569e+009
2.17463e+009
2.4611e+009
2.73643e+009
3.00166e+009
3.25763e+009
3.50499e+009
3.74427e+009
3.97595e+009
4.20042e+009
4.41804e+009
4.62911e+009
4.8339e+009
5.03266e+009
5.22559e+009
5.41289e+009
5.59471e+009
5.77121e+009
5.94249e+009
6.10867e+009
6.26981e+009
6.426e+009
6.57728e+009
6.72368e+009
6.86526e+009
7.00201e+009
7.13395e+009
7.2611e+009
7.38345e+009
7.50102e+009
7.61379e+009
7.72176e+009
7.82493e+009
7.92329e+009
8.01685e+009
8.1056e+009
8.18954e+009
8.26867e+009
8.343e+009
8.41257e+009
8.4774e+009
8.53754e+009
8.59306e+009
8.64401e+009
8.69048e+009
8.73256e+009
8.77037e+009
8.80404e+009
8.8337e+009
8.85954e+009
8.88174e+009
8.90051e+009
8.9161e+009
8.9288e+009
8.93892e+009
8.94677e+009
8.95278e+009
8.95743e+009
8.96126e+009
8.96485e+009
8.96886e+009
8.974e+009
8.98106e+009
8.99095e+009
9.00462e+009
9.02308e+009
9.0474e+009
9.07874e+009
9.11834e+009
9.16755e+009
9.22781e+009
9.30065e+009
9.38768e+009
9.49056e+009
9.61105e+009
9.75093e+009
9.91203e+009
1.00962e+010
1.03054e+010
1.05414e+010
1.08061e+010
1.11014e+010
1.14291e+010
1.1791e+010
1.21889e+010
1.26247e+010
1.31001e+010
1.36168e+010
1.41764e+010
1.47804e+010
1.54303e+010
1.61275e+010
1.68733e+010
1.76682e+010
1.85128e+010
1.94081e+010
2.03548e+010
2.13535e+010
2.24048e+010
2.35088e+010
2.46656e+010
2.58754e+010
2.7138e+010
2.84529e+010
2.98199e+010
3.12384e+010
3.27075e+010
3.42265e+010
3.57943e+010
3.741e+010
3.90725e+010
4.078e+010
4.25313e+010
4.43251e+010
4.616e+010
4.80344e+010
4.99464e+010
5.1894e+010
5.38749e+010
5.58869e+010
5.79274e+010
5.9994e+010
6.20841e+010
6.41946e+010
6.63203e+010
6.84576e+010
7.06025e+010
7.27507e+010
7.48981e+010
7.70403e+010
7.91727e+010
8.12908e+010
8.339e+010
8.54656e+010
8.75129e+010
8.95272e+010
9.15038e+010
9.34383e+010
9.5326e+010
9.71629e+010
9.89454e+010
1.00669e+011
1.02332e+011
1.0393e+011
1.05463e+011
1.06929e+011
1.08326e+011
1.09652e+011
1.10908e+011
1.12091e+011
1.132e+011
1.14234e+011
1.15191e+011
1.1607e+011
1.16866e+011
1.17576e+011
1.18198e+011
1.18727e+011
1.19161e+011
1.19492e+011
1.19717e+011
1.19829e+011
1.19822e+011
1.19689e+011
1.19423e+011
1.19017e+011
1.18464e+011
1.17755e+011
1.16885e+011
1.15847e+011
1.14636e+011
1.13247e+011
1.11676e+011
1.0992e+011
1.07976e+011
1.05842e+011
1.03518e+011
1.01001e+011
9.82918e+010
9.53924e+010
9.23054e+010
8.90354e+010
8.55885e+010
8.19794e+010
7.82216e+010
7.43319e+010
7.03343e+010
6.62626e+010
6.2163e+010
5.80975e+010
5.41483e+010
5.04222e+010
4.70521e+010
4.4194e+010
4.20125e+010
4.06539e+010
2.90263e+008
5.58594e+008
8.20107e+008
1.06281e+009
1.29063e+009
1.50608e+009
1.71111e+009
1.90711e+009
2.09515e+009
2.27604e+009
2.45043e+009
2.61882e+009
2.78161e+009
2.93914e+009
3.09172e+009
3.23958e+009
3.38296e+009
3.52203e+009
3.65696e+009
3.7879e+009
3.91497e+009
4.03827e+009
4.1579e+009
4.27393e+009
4.38642e+009
4.49543e+009
4.60097e+009
4.70309e+009
4.80182e+009
4.89715e+009
4.98909e+009
5.07767e+009
5.16289e+009
5.24476e+009
5.32327e+009
5.39842e+009
5.47022e+009
5.53868e+009
5.60379e+009
5.66555e+009
5.72397e+009
5.77903e+009
5.83075e+009
5.87917e+009
5.92432e+009
5.96625e+009
6.00499e+009
6.0406e+009
6.07313e+009
6.10267e+009
6.12929e+009
6.15308e+009
6.17417e+009
6.19265e+009
6.20867e+009
6.22237e+009
6.23392e+009
6.2435e+009
6.25136e+009
6.2576e+009
6.26256e+009
6.2666e+009
6.27007e+009
6.27338e+009
6.27698e+009
6.28135e+009
6.28703e+009
6.29464e+009
6.30488e+009
6.31845e+009
6.33606e+009
6.35849e+009
6.38658e+009
6.42125e+009
6.46349e+009
6.51438e+009
6.57502e+009
6.64657e+009
6.73023e+009
6.82726e+009
6.93894e+009
7.06655e+009
7.21139e+009
7.37478e+009
7.55798e+009
7.76232e+009
7.9891e+009
8.23939e+009
8.51464e+009
8.81621e+009
9.14538e+009
9.50338e+009
9.89142e+009
1.03107e+010
1.07623e+010
1.12474e+010
1.17668e+010
1.23213e+010
1.29107e+010
1.35358e+010
1.41974e+010
1.48963e+010
1.56327e+010
1.64067e+010
1.72186e+010
1.80683e+010
1.89556e+010
1.98805e+010
2.08425e+010
2.18412e+010
2.2876e+010
2.39463e+010
2.50512e+010
2.619e+010
2.7362e+010
2.85649e+010
2.97982e+010
3.10611e+010
3.23526e+010
3.36717e+010
3.50168e+010
3.63865e+010
3.77792e+010
3.91931e+010
4.06263e+010
4.20768e+010
4.35432e+010
4.50243e+010
4.6515e+010
4.80128e+010
4.95147e+010
5.10175e+010
5.25182e+010
5.40136e+010
5.55005e+010
5.69758e+010
5.84359e+010
5.98778e+010
6.12979e+010
6.2693e+010
6.40598e+010
6.5395e+010
6.66954e+010
6.79578e+010
6.918e+010
7.03577e+010
7.14898e+010
7.25756e+010
7.36144e+010
7.46057e+010
7.5549e+010
7.64439e+010
7.72903e+010
7.80881e+010
7.88378e+010
7.95395e+010
8.0191e+010
8.0791e+010
8.13374e+010
8.18273e+010
8.22599e+010
8.2635e+010
8.29491e+010
8.31983e+010
8.33783e+010
8.34848e+010
8.35128e+010
8.34571e+010
8.33122e+010
8.30719e+010
8.27301e+010
8.22807e+010
8.17172e+010
8.10346e+010
8.02275e+010
7.92929e+010
7.82284e+010
7.70315e+010
7.56999e+010
7.42316e+010
7.2625e+010
7.08793e+010
6.89938e+010
6.69692e+010
6.48077e+010
6.25125e+010
6.00869e+010
5.75462e+010
5.48972e+010
5.21512e+010
4.9326e+010
4.64468e+010
4.3548e+010
4.06753e+010
3.7889e+010
3.52659e+010
3.29e+010
3.08979e+010
2.93669e+010
2.83898e+010
8.07889e+007
1.77691e+008
2.77912e+008
3.68409e+008
4.51849e+008
5.29986e+008
6.03899e+008
6.74304e+008
7.41642e+008
8.06267e+008
8.68453e+008
9.2842e+008
9.86343e+008
1.04235e+009
1.09655e+009
1.14903e+009
1.19989e+009
1.2492e+009
1.29702e+009
1.34339e+009
1.38838e+009
1.43201e+009
1.47433e+009
1.51535e+009
1.55511e+009
1.59361e+009
1.63088e+009
1.66692e+009
1.70177e+009
1.73546e+009
1.76794e+009
1.79923e+009
1.82932e+009
1.85821e+009
1.88592e+009
1.91243e+009
1.93775e+009
1.96189e+009
1.98485e+009
2.00662e+009
2.02724e+009
2.04669e+009
2.06496e+009
2.08208e+009
2.09806e+009
2.11291e+009
2.12665e+009
2.13929e+009
2.15086e+009
2.16138e+009
2.1709e+009
2.17943e+009
2.18702e+009
2.19371e+009
2.19954e+009
2.20457e+009
2.20885e+009
2.21245e+009
2.21565e+009
2.21838e+009
2.22066e+009
2.22263e+009
2.22441e+009
2.22614e+009
2.22796e+009
2.23003e+009
2.23247e+009
2.23555e+009
2.23962e+009
2.24493e+009
2.25172e+009
2.26018e+009
2.27053e+009
2.28309e+009
2.29823e+009
2.31631e+009
2.33772e+009
2.36286e+009
2.39215e+009
2.42602e+009
2.46492e+009
2.5093e+009
2.55963e+009
2.61634e+009
2.67986e+009
2.75064e+009
2.82993e+009
2.91767e+009
3.01416e+009
3.1199e+009
3.23537e+009
3.36103e+009
3.49731e+009
3.64468e+009
3.80358e+009
3.97445e+009
4.15756e+009
4.35354e+009
4.56239e+009
4.78398e+009
5.01877e+009
5.26706e+009
5.52891e+009
5.80436e+009
6.09344e+009
6.39615e+009
6.71245e+009
7.04224e+009
7.38539e+009
7.74172e+009
8.11098e+009
8.4929e+009
8.88715e+009
9.29348e+009
9.71312e+009
1.01453e+010
1.05881e+010
1.10414e+010
1.15049e+010
1.1978e+010
1.24603e+010
1.29511e+010
1.34498e+010
1.39556e+010
1.44676e+010
1.49845e+010
1.55067e+010
1.60351e+010
1.65676e+010
1.71028e+010
1.7639e+010
1.81739e+010
1.87068e+010
1.92368e+010
1.97626e+010
2.02831e+010
2.07969e+010
2.13028e+010
2.17996e+010
2.2286e+010
2.2761e+010
2.32232e+010
2.36716e+010
2.41045e+010
2.45212e+010
2.49303e+010
2.53225e+010
2.56976e+010
2.60555e+010
2.63962e+010
2.67196e+010
2.70259e+010
2.7315e+010
2.75874e+010
2.78435e+010
2.80839e+010
2.83076e+010
2.85151e+010
2.87074e+010
2.88816e+010
2.90371e+010
2.91744e+010
2.9292e+010
2.93881e+010
2.94612e+010
2.95094e+010
2.9531e+010
2.9524e+010
2.9486e+010
2.94146e+010
2.93074e+010
2.9162e+010
2.89796e+010
2.8768e+010
2.85101e+010
2.8205e+010
2.7852e+010
2.74498e+010
2.69971e+010
2.6493e+010
2.59366e+010
2.53271e+010
2.4664e+010
2.39455e+010
2.31742e+010
2.23535e+010
2.1485e+010
2.05771e+010
1.96283e+010
1.86402e+010
1.76197e+010
1.65775e+010
1.55268e+010
1.44854e+010
1.3476e+010
1.25278e+010
1.16761e+010
1.09596e+010
1.04209e+010
1.00718e+010
)
;

boundaryField
{
    walls
    {
        type            kqRWallFunction;
        value           nonuniform List<scalar> 
400
(
7.77871e+007
1.73221e+008
2.72284e+008
3.62073e+008
4.44975e+008
5.22652e+008
5.96147e+008
6.66178e+008
7.33182e+008
7.97517e+008
8.59457e+008
9.19215e+008
9.76977e+008
1.03287e+009
1.08703e+009
1.13955e+009
1.19052e+009
1.24003e+009
1.28814e+009
1.33489e+009
1.38034e+009
1.42452e+009
1.46746e+009
1.50919e+009
1.54972e+009
1.58906e+009
1.62723e+009
1.66423e+009
1.70009e+009
1.73482e+009
1.76837e+009
1.80075e+009
1.83194e+009
1.86196e+009
1.89078e+009
1.9184e+009
1.94481e+009
1.97e+009
1.99394e+009
2.01665e+009
2.03816e+009
2.05844e+009
2.07747e+009
2.09522e+009
2.11167e+009
2.12681e+009
2.14064e+009
2.15316e+009
2.16438e+009
2.17429e+009
2.18291e+009
2.19026e+009
2.19636e+009
2.20124e+009
2.20494e+009
2.20751e+009
2.20901e+009
2.20949e+009
2.20925e+009
2.20833e+009
2.20677e+009
2.20471e+009
2.20234e+009
2.19985e+009
2.19746e+009
2.19543e+009
2.19403e+009
2.19351e+009
2.19418e+009
2.19644e+009
2.20057e+009
2.20691e+009
2.21587e+009
2.22786e+009
2.24327e+009
2.26254e+009
2.28611e+009
2.31442e+009
2.34793e+009
2.38709e+009
2.43235e+009
2.48415e+009
2.54291e+009
2.60902e+009
2.68287e+009
2.76483e+009
2.85599e+009
2.95604e+009
3.06511e+009
3.18356e+009
3.31168e+009
3.44967e+009
3.59775e+009
3.75605e+009
3.92463e+009
4.10353e+009
4.29319e+009
4.4942e+009
4.70631e+009
4.92936e+009
5.16317e+009
5.40742e+009
5.66226e+009
5.92775e+009
6.20384e+009
6.4905e+009
6.78769e+009
7.09536e+009
7.41345e+009
7.74191e+009
8.08067e+009
8.42964e+009
8.78871e+009
9.15764e+009
9.53739e+009
9.92914e+009
1.03308e+010
1.07425e+010
1.11642e+010
1.1596e+010
1.20376e+010
1.24892e+010
1.29505e+010
1.34215e+010
1.39023e+010
1.43927e+010
1.48922e+010
1.5401e+010
1.59188e+010
1.64436e+010
1.69753e+010
1.75138e+010
1.80583e+010
1.86078e+010
1.91613e+010
1.97178e+010
2.02763e+010
2.08357e+010
2.13948e+010
2.19521e+010
2.25063e+010
2.30558e+010
2.3599e+010
2.41342e+010
2.46601e+010
2.51832e+010
2.56925e+010
2.61867e+010
2.66648e+010
2.71251e+010
2.75659e+010
2.79855e+010
2.8382e+010
2.87535e+010
2.90977e+010
2.94111e+010
2.96947e+010
2.99508e+010
3.01772e+010
3.03717e+010
3.05302e+010
3.06482e+010
3.0725e+010
3.076e+010
3.07521e+010
3.07005e+010
3.06043e+010
3.04628e+010
3.02757e+010
3.00425e+010
2.9763e+010
2.94363e+010
2.90621e+010
2.86601e+010
2.82143e+010
2.77252e+010
2.71946e+010
2.66238e+010
2.60141e+010
2.53666e+010
2.46824e+010
2.3962e+010
2.32064e+010
2.24159e+010
2.15882e+010
2.07192e+010
1.98113e+010
1.88631e+010
1.78679e+010
1.68212e+010
1.57163e+010
1.45441e+010
1.32938e+010
1.19523e+010
1.05024e+010
8.92277e+009
7.19584e+009
5.29501e+009
3.21262e+009
1.33842e+009
8.07889e+007
1.77691e+008
2.77912e+008
3.68409e+008
4.51849e+008
5.29986e+008
6.03899e+008
6.74304e+008
7.41642e+008
8.06267e+008
8.68453e+008
9.2842e+008
9.86343e+008
1.04235e+009
1.09655e+009
1.14903e+009
1.19989e+009
1.2492e+009
1.29702e+009
1.34339e+009
1.38838e+009
1.43201e+009
1.47433e+009
1.51535e+009
1.55511e+009
1.59361e+009
1.63088e+009
1.66692e+009
1.70177e+009
1.73546e+009
1.76794e+009
1.79923e+009
1.82932e+009
1.85821e+009
1.88592e+009
1.91243e+009
1.93775e+009
1.96189e+009
1.98485e+009
2.00662e+009
2.02724e+009
2.04669e+009
2.06496e+009
2.08208e+009
2.09806e+009
2.11291e+009
2.12665e+009
2.13929e+009
2.15086e+009
2.16138e+009
2.1709e+009
2.17943e+009
2.18702e+009
2.19371e+009
2.19954e+009
2.20457e+009
2.20885e+009
2.21245e+009
2.21565e+009
2.21838e+009
2.22066e+009
2.22263e+009
2.22441e+009
2.22614e+009
2.22796e+009
2.23003e+009
2.23247e+009
2.23555e+009
2.23962e+009
2.24493e+009
2.25172e+009
2.26018e+009
2.27053e+009
2.28309e+009
2.29823e+009
2.31631e+009
2.33772e+009
2.36286e+009
2.39215e+009
2.42602e+009
2.46492e+009
2.5093e+009
2.55963e+009
2.61634e+009
2.67986e+009
2.75064e+009
2.82993e+009
2.91767e+009
3.01416e+009
3.1199e+009
3.23537e+009
3.36103e+009
3.49731e+009
3.64468e+009
3.80358e+009
3.97445e+009
4.15756e+009
4.35354e+009
4.56239e+009
4.78398e+009
5.01877e+009
5.26706e+009
5.52891e+009
5.80436e+009
6.09344e+009
6.39615e+009
6.71245e+009
7.04224e+009
7.38539e+009
7.74172e+009
8.11098e+009
8.4929e+009
8.88715e+009
9.29348e+009
9.71312e+009
1.01453e+010
1.05881e+010
1.10414e+010
1.15049e+010
1.1978e+010
1.24603e+010
1.29511e+010
1.34498e+010
1.39556e+010
1.44676e+010
1.49845e+010
1.55067e+010
1.60351e+010
1.65676e+010
1.71028e+010
1.7639e+010
1.81739e+010
1.87068e+010
1.92368e+010
1.97626e+010
2.02831e+010
2.07969e+010
2.13028e+010
2.17996e+010
2.2286e+010
2.2761e+010
2.32232e+010
2.36716e+010
2.41045e+010
2.45212e+010
2.49303e+010
2.53225e+010
2.56976e+010
2.60555e+010
2.63962e+010
2.67196e+010
2.70259e+010
2.7315e+010
2.75874e+010
2.78435e+010
2.80839e+010
2.83076e+010
2.85151e+010
2.87074e+010
2.88816e+010
2.90371e+010
2.91744e+010
2.9292e+010
2.93881e+010
2.94612e+010
2.95094e+010
2.9531e+010
2.9524e+010
2.9486e+010
2.94146e+010
2.93074e+010
2.9162e+010
2.89796e+010
2.8768e+010
2.85101e+010
2.8205e+010
2.7852e+010
2.74498e+010
2.69971e+010
2.6493e+010
2.59366e+010
2.53271e+010
2.4664e+010
2.39455e+010
2.31742e+010
2.23535e+010
2.1485e+010
2.05771e+010
1.96283e+010
1.86402e+010
1.76197e+010
1.65775e+010
1.55268e+010
1.44854e+010
1.3476e+010
1.25278e+010
1.16761e+010
1.09596e+010
1.04209e+010
1.00718e+010
)
;
    }
    inlet
    {
        type            fixedValue;
        value           uniform 0.01;
    }
    outlet
    {
        type            freestream;
        freestreamValue uniform 0.01;
        value           nonuniform List<scalar> 
20
(
0.01
0.01
0.01
0.01
0.01
0.01
0.01
0.01
0.01
0.01
5.83089e+010
6.35646e+010
6.53947e+010
6.46405e+010
6.16919e+010
5.67291e+010
4.97874e+010
4.06539e+010
2.83898e+010
1.00718e+010
)
;
    }
    frontAndBack
    {
        type            empty;
    }
}


// ************************************************************************* //
