/*--------------------------------*- C++ -*----------------------------------*\
| =========                 |                                                 |
| \\      /  F ield         | OpenFOAM: The Open Source CFD Toolbox           |
|  \\    /   O peration     | Version:  5.x                                   |
|   \\  /    A nd           | Web:      www.OpenFOAM.org                      |
|    \\/     M anipulation  |                                                 |
\*---------------------------------------------------------------------------*/
/*   Windows 32 and 64 bit porting by blueCAPE: http://www.bluecape.com.pt   *\
|  Based on Windows porting (2.0.x v4) by Symscape: http://www.symscape.com   |
\*---------------------------------------------------------------------------*/
FoamFile
{
    version     2.0;
    format      ascii;
    class       volScalarField;
    location    "5000";
    object      p;
}
// * * * * * * * * * * * * * * * * * * * * * * * * * * * * * * * * * * * * * //

dimensions      [0 2 -2 0 0 0 0];

internalField   nonuniform List<scalar> 
4000
(
-5.05623e+007
-5.05209e+007
-5.04881e+007
-5.0486e+007
-5.0537e+007
-5.06397e+007
-5.07874e+007
-5.0965e+007
-5.11576e+007
-5.13529e+007
-5.15394e+007
-5.171e+007
-5.18589e+007
-5.1979e+007
-5.20614e+007
-5.2095e+007
-5.20746e+007
-5.19978e+007
-5.18615e+007
-5.16638e+007
-5.14042e+007
-5.1083e+007
-5.07018e+007
-5.0263e+007
-4.97702e+007
-4.92264e+007
-4.86372e+007
-4.80089e+007
-4.73471e+007
-4.66632e+007
-4.59678e+007
-4.52683e+007
-4.45738e+007
-4.38941e+007
-4.32401e+007
-4.26231e+007
-4.20545e+007
-4.15482e+007
-4.11201e+007
-4.07731e+007
-4.05068e+007
-4.03316e+007
-4.02601e+007
-4.03234e+007
-4.05365e+007
-4.08996e+007
-4.14233e+007
-4.21145e+007
-4.29786e+007
-4.40189e+007
-4.52365e+007
-4.66297e+007
-4.81938e+007
-4.9921e+007
-5.18015e+007
-5.3824e+007
-5.59681e+007
-5.82133e+007
-6.05358e+007
-6.28912e+007
-6.52409e+007
-6.75554e+007
-6.97978e+007
-7.19288e+007
-7.3906e+007
-7.56987e+007
-7.72302e+007
-7.84753e+007
-7.94661e+007
-8.01662e+007
-8.05488e+007
-8.05349e+007
-8.00577e+007
-7.9108e+007
-7.76666e+007
-7.57104e+007
-7.32209e+007
-7.01829e+007
-6.65842e+007
-6.24167e+007
-5.76767e+007
-5.23666e+007
-4.64881e+007
-4.00565e+007
-3.30978e+007
-2.56257e+007
-1.77095e+007
-9.46643e+006
-978633
7.67259e+006
1.63785e+007
2.50125e+007
3.34287e+007
4.14675e+007
4.89619e+007
5.56637e+007
6.14732e+007
6.6408e+007
7.0321e+007
7.30575e+007
7.41758e+007
7.34455e+007
7.08501e+007
6.6236e+007
5.95074e+007
5.05916e+007
3.94432e+007
2.60477e+007
1.04217e+007
-7.38581e+006
-2.72867e+007
-4.92066e+007
-7.30028e+007
-9.8458e+007
-1.25413e+008
-1.53474e+008
-1.82242e+008
-2.1146e+008
-2.40811e+008
-2.69945e+008
-2.98483e+008
-3.26025e+008
-3.52148e+008
-3.76418e+008
-3.98452e+008
-4.17445e+008
-4.33272e+008
-4.4629e+008
-4.56063e+008
-4.62367e+008
-4.63996e+008
-4.60286e+008
-4.51365e+008
-4.36885e+008
-4.16634e+008
-3.90454e+008
-3.58254e+008
-3.20009e+008
-2.75773e+008
-2.25686e+008
-1.69978e+008
-1.08958e+008
-4.30419e+007
2.73167e+007
1.01515e+008
1.78393e+008
2.56676e+008
3.35386e+008
4.13517e+008
4.89913e+008
5.63341e+008
6.32507e+008
6.96084e+008
7.52719e+008
8.01395e+008
8.39984e+008
8.6789e+008
8.86341e+008
8.94675e+008
8.92251e+008
8.7697e+008
8.47869e+008
8.05607e+008
7.50493e+008
6.83104e+008
6.04289e+008
5.15125e+008
4.169e+008
3.1109e+008
1.99318e+008
8.33263e+007
-3.52022e+007
-1.54358e+008
-2.71477e+008
-3.839e+008
-4.8983e+008
-5.87765e+008
-6.76179e+008
-7.53703e+008
-8.19144e+008
-8.71514e+008
-9.10001e+008
-9.34521e+008
-9.43325e+008
-9.37347e+008
-9.19393e+008
-8.89081e+008
-8.47356e+008
-7.93291e+008
-7.26689e+008
-6.49783e+008
-5.64545e+008
-4.73345e+008
-3.79285e+008
-2.86286e+008
-1.99067e+008
-1.23569e+008
-7.01686e+007
-5.67797e+007
-1.55499e+007
-5.06376e+007
-5.05934e+007
-5.06139e+007
-5.06218e+007
-5.06382e+007
-5.06693e+007
-5.07187e+007
-5.07912e+007
-5.0886e+007
-5.09995e+007
-5.11204e+007
-5.12262e+007
-5.13072e+007
-5.13566e+007
-5.13646e+007
-5.13427e+007
-5.12938e+007
-5.12059e+007
-5.10749e+007
-5.08991e+007
-5.06776e+007
-5.04105e+007
-5.00987e+007
-4.97441e+007
-4.93495e+007
-4.89175e+007
-4.84533e+007
-4.79718e+007
-4.74788e+007
-4.69635e+007
-4.64319e+007
-4.58995e+007
-4.53761e+007
-4.48706e+007
-4.43922e+007
-4.39502e+007
-4.35513e+007
-4.31807e+007
-4.28403e+007
-4.25896e+007
-4.2456e+007
-4.24295e+007
-4.25562e+007
-4.27902e+007
-4.30979e+007
-4.35228e+007
-4.40776e+007
-4.47661e+007
-4.55901e+007
-4.65493e+007
-4.7641e+007
-4.88603e+007
-5.01999e+007
-5.16498e+007
-5.31972e+007
-5.48289e+007
-5.65181e+007
-5.8211e+007
-5.98935e+007
-6.16001e+007
-6.33038e+007
-6.4949e+007
-6.65033e+007
-6.79389e+007
-6.9226e+007
-7.03661e+007
-7.1482e+007
-7.24082e+007
-7.29165e+007
-7.31037e+007
-7.2844e+007
-7.21909e+007
-7.13072e+007
-7.01443e+007
-6.86196e+007
-6.67103e+007
-6.44053e+007
-6.16975e+007
-5.85831e+007
-5.50618e+007
-5.11354e+007
-4.68139e+007
-4.21056e+007
-3.70314e+007
-3.16672e+007
-2.61216e+007
-2.03713e+007
-1.43203e+007
-8.05099e+006
-1.71479e+006
4.59633e+006
1.07868e+007
1.67541e+007
2.24036e+007
2.78462e+007
3.32712e+007
3.79341e+007
4.12312e+007
4.34233e+007
4.37102e+007
4.27205e+007
4.10427e+007
3.80338e+007
3.34814e+007
2.7312e+007
1.94729e+007
9.93992e+006
-1.28599e+006
-1.41771e+007
-2.86876e+007
-4.4722e+007
-6.22008e+007
-8.09641e+007
-1.00518e+008
-1.20564e+008
-1.41542e+008
-1.63364e+008
-1.85514e+008
-2.07624e+008
-2.294e+008
-2.50539e+008
-2.70734e+008
-2.89683e+008
-3.0711e+008
-3.23362e+008
-3.39445e+008
-3.53052e+008
-3.6196e+008
-3.67284e+008
-3.66859e+008
-3.62523e+008
-3.5633e+008
-3.46683e+008
-3.3285e+008
-3.14645e+008
-2.91958e+008
-2.64757e+008
-2.33072e+008
-1.96996e+008
-1.56689e+008
-1.12394e+008
-6.44133e+007
-1.3211e+007
4.00657e+007
9.43777e+007
1.50274e+008
2.08038e+008
2.6637e+008
3.23884e+008
3.7964e+008
4.32695e+008
4.82092e+008
5.26923e+008
5.66308e+008
6.00555e+008
6.33584e+008
6.59228e+008
6.70383e+008
6.71433e+008
6.57813e+008
6.33238e+008
6.03577e+008
5.66656e+008
5.20883e+008
4.66547e+008
4.0433e+008
3.35129e+008
2.60012e+008
1.80189e+008
9.69724e+007
1.18204e+007
-7.27098e+007
-1.54127e+008
-2.33011e+008
-3.10222e+008
-3.83649e+008
-4.50985e+008
-5.11052e+008
-5.62959e+008
-6.05975e+008
-6.39602e+008
-6.6348e+008
-6.78863e+008
-6.9093e+008
-6.9316e+008
-6.77808e+008
-6.50641e+008
-6.09156e+008
-5.58278e+008
-5.04941e+008
-4.48127e+008
-3.87009e+008
-3.23427e+008
-2.6008e+008
-2.00832e+008
-1.52065e+008
-1.15735e+008
-8.45024e+007
-7.4481e+007
-1.41907e+007
-5.07288e+007
-5.05935e+007
-5.06211e+007
-5.06383e+007
-5.06375e+007
-5.06243e+007
-5.06102e+007
-5.0603e+007
-5.06058e+007
-5.06182e+007
-5.06347e+007
-5.06438e+007
-5.06413e+007
-5.06235e+007
-5.05833e+007
-5.05239e+007
-5.0448e+007
-5.03507e+007
-5.02294e+007
-5.00828e+007
-4.99097e+007
-4.97099e+007
-4.94837e+007
-4.9232e+007
-4.89565e+007
-4.86592e+007
-4.83432e+007
-4.80166e+007
-4.7683e+007
-4.7341e+007
-4.6996e+007
-4.66565e+007
-4.63294e+007
-4.60217e+007
-4.57404e+007
-4.54917e+007
-4.52815e+007
-4.51079e+007
-4.49783e+007
-4.49246e+007
-4.49563e+007
-4.5071e+007
-4.52915e+007
-4.56071e+007
-4.59957e+007
-4.64706e+007
-4.70357e+007
-4.7691e+007
-4.84344e+007
-4.92622e+007
-5.01684e+007
-5.11451e+007
-5.21829e+007
-5.32703e+007
-5.43941e+007
-5.55409e+007
-5.66902e+007
-5.78113e+007
-5.88916e+007
-5.99343e+007
-6.09205e+007
-6.18225e+007
-6.26216e+007
-6.33028e+007
-6.38527e+007
-6.42694e+007
-6.45891e+007
-6.47136e+007
-6.45724e+007
-6.42058e+007
-6.35619e+007
-6.26364e+007
-6.15102e+007
-6.01876e+007
-5.86438e+007
-5.68721e+007
-5.4871e+007
-5.26417e+007
-5.01883e+007
-4.7517e+007
-4.46357e+007
-4.15574e+007
-3.82948e+007
-3.48674e+007
-3.132e+007
-2.76976e+007
-2.40108e+007
-2.02448e+007
-1.64454e+007
-1.26867e+007
-9.02353e+006
-5.51248e+006
-2.207e+006
839795
3.64412e+006
6.22304e+006
8.16626e+006
9.27546e+006
9.64554e+006
8.91302e+006
7.17316e+006
4.76774e+006
1.48111e+006
-2.77763e+006
-8.05365e+006
-1.43765e+007
-2.17539e+007
-3.01752e+007
-3.96096e+007
-5.00132e+007
-6.13094e+007
-7.34265e+007
-8.62596e+007
-9.95329e+007
-1.13096e+008
-1.2703e+008
-1.41217e+008
-1.55406e+008
-1.69377e+008
-1.8293e+008
-1.95867e+008
-2.08001e+008
-2.19167e+008
-2.29212e+008
-2.38197e+008
-2.46313e+008
-2.52258e+008
-2.55375e+008
-2.56125e+008
-2.53589e+008
-2.47986e+008
-2.40439e+008
-2.30541e+008
-2.18022e+008
-2.02788e+008
-1.84797e+008
-1.6407e+008
-1.40673e+008
-1.14721e+008
-8.63738e+007
-5.58505e+007
-2.34152e+007
1.0592e+007
4.55805e+007
8.10254e+007
1.16881e+008
1.52997e+008
1.88696e+008
2.23262e+008
2.56119e+008
2.86701e+008
3.14475e+008
3.38994e+008
3.5987e+008
3.77105e+008
3.91759e+008
4.0034e+008
4.00982e+008
3.95448e+008
3.81934e+008
3.61115e+008
3.36062e+008
3.06628e+008
2.72533e+008
2.34081e+008
1.91747e+008
1.46157e+008
9.80409e+007
4.82086e+007
-2.47507e+006
-5.31112e+007
-1.02488e+008
-1.49406e+008
-1.93745e+008
-2.35644e+008
-2.74215e+008
-3.08584e+008
-3.38275e+008
-3.62969e+008
-3.82481e+008
-3.96808e+008
-4.06028e+008
-4.10729e+008
-4.12444e+008
-4.07648e+008
-3.94951e+008
-3.76872e+008
-3.52323e+008
-3.22551e+008
-2.91231e+008
-2.58995e+008
-2.26177e+008
-1.94089e+008
-1.64419e+008
-1.39024e+008
-1.19784e+008
-1.05092e+008
-8.70337e+007
-7.51679e+007
-2.24074e+007
-5.07627e+007
-5.05604e+007
-5.05582e+007
-5.05653e+007
-5.05553e+007
-5.05232e+007
-5.04778e+007
-5.04269e+007
-5.0376e+007
-5.03275e+007
-5.02805e+007
-5.02304e+007
-5.01751e+007
-5.01131e+007
-5.00414e+007
-4.99617e+007
-4.98746e+007
-4.9778e+007
-4.96707e+007
-4.95513e+007
-4.94191e+007
-4.92734e+007
-4.91143e+007
-4.89421e+007
-4.8758e+007
-4.85634e+007
-4.83605e+007
-4.81536e+007
-4.79453e+007
-4.77366e+007
-4.75313e+007
-4.73351e+007
-4.71532e+007
-4.69911e+007
-4.68542e+007
-4.67474e+007
-4.66755e+007
-4.6641e+007
-4.66499e+007
-4.67183e+007
-4.68539e+007
-4.70572e+007
-4.7337e+007
-4.76867e+007
-4.8096e+007
-4.85677e+007
-4.91007e+007
-4.96921e+007
-5.0337e+007
-5.10296e+007
-5.17619e+007
-5.25248e+007
-5.33078e+007
-5.40989e+007
-5.4885e+007
-5.56525e+007
-5.63852e+007
-5.7064e+007
-5.76779e+007
-5.8223e+007
-5.8687e+007
-5.90549e+007
-5.93157e+007
-5.94614e+007
-5.94865e+007
-5.93878e+007
-5.91782e+007
-5.88179e+007
-5.82725e+007
-5.75577e+007
-5.66577e+007
-5.5585e+007
-5.43812e+007
-5.30578e+007
-5.16148e+007
-5.00567e+007
-4.83908e+007
-4.66242e+007
-4.47666e+007
-4.28285e+007
-4.08212e+007
-3.87588e+007
-3.66561e+007
-3.45311e+007
-3.24093e+007
-3.03159e+007
-2.82604e+007
-2.62416e+007
-2.42836e+007
-2.24235e+007
-2.06922e+007
-1.9121e+007
-1.77364e+007
-1.65663e+007
-1.56216e+007
-1.49164e+007
-1.46379e+007
-1.49064e+007
-1.57061e+007
-1.71789e+007
-1.92647e+007
-2.18226e+007
-2.49313e+007
-2.86171e+007
-3.28972e+007
-3.77803e+007
-4.32598e+007
-4.93169e+007
-5.59197e+007
-6.30257e+007
-7.05729e+007
-7.84919e+007
-8.66971e+007
-9.50439e+007
-1.03438e+008
-1.11878e+008
-1.20283e+008
-1.28513e+008
-1.36432e+008
-1.43906e+008
-1.50812e+008
-1.57034e+008
-1.62483e+008
-1.67071e+008
-1.70767e+008
-1.73581e+008
-1.74937e+008
-1.74445e+008
-1.72227e+008
-1.67946e+008
-1.61798e+008
-1.54275e+008
-1.45255e+008
-1.34698e+008
-1.22595e+008
-1.08963e+008
-9.38614e+007
-7.73786e+007
-5.96376e+007
-4.07919e+007
-2.10323e+007
-585041
2.02884e+007
4.12478e+007
6.1992e+007
8.24158e+007
1.02378e+008
1.21519e+008
1.39451e+008
1.55833e+008
1.70348e+008
1.82722e+008
1.92751e+008
2.00293e+008
2.0526e+008
2.0798e+008
2.07045e+008
2.01488e+008
1.9195e+008
1.77899e+008
1.6003e+008
1.39788e+008
1.1741e+008
9.30663e+007
6.70871e+007
3.98539e+007
1.18287e+007
-1.64793e+007
-4.45309e+007
-7.17689e+007
-9.76502e+007
-1.21577e+008
-1.43046e+008
-1.62058e+008
-1.78763e+008
-1.92938e+008
-2.04372e+008
-2.13012e+008
-2.18904e+008
-2.22194e+008
-2.23138e+008
-2.22047e+008
-2.19289e+008
-2.15548e+008
-2.09544e+008
-2.0057e+008
-1.89591e+008
-1.7644e+008
-1.62124e+008
-1.48359e+008
-1.35687e+008
-1.24526e+008
-1.15553e+008
-1.09427e+008
-1.06409e+008
-1.05926e+008
-1.04615e+008
-9.71124e+007
-7.99237e+007
-3.70233e+007
-5.07255e+007
-5.05161e+007
-5.04898e+007
-5.04812e+007
-5.04609e+007
-5.04171e+007
-5.03544e+007
-5.02792e+007
-5.01975e+007
-5.01135e+007
-5.0029e+007
-4.99436e+007
-4.98571e+007
-4.97697e+007
-4.96804e+007
-4.95907e+007
-4.95006e+007
-4.94095e+007
-4.9317e+007
-4.92217e+007
-4.91232e+007
-4.9021e+007
-4.89147e+007
-4.88043e+007
-4.86903e+007
-4.85736e+007
-4.84555e+007
-4.83383e+007
-4.82241e+007
-4.81141e+007
-4.80114e+007
-4.79197e+007
-4.78428e+007
-4.7785e+007
-4.77503e+007
-4.77425e+007
-4.77656e+007
-4.78226e+007
-4.79182e+007
-4.8061e+007
-4.82554e+007
-4.85023e+007
-4.88048e+007
-4.91584e+007
-4.9557e+007
-4.99979e+007
-5.04781e+007
-5.09927e+007
-5.15343e+007
-5.2097e+007
-5.26715e+007
-5.32485e+007
-5.38174e+007
-5.43671e+007
-5.48855e+007
-5.53608e+007
-5.57802e+007
-5.61306e+007
-5.64029e+007
-5.65918e+007
-5.66896e+007
-5.66883e+007
-5.65825e+007
-5.63691e+007
-5.60473e+007
-5.56166e+007
-5.50839e+007
-5.44344e+007
-5.36566e+007
-5.27625e+007
-5.17521e+007
-5.06412e+007
-4.94563e+007
-4.82164e+007
-4.69313e+007
-4.56112e+007
-4.42723e+007
-4.29234e+007
-4.15784e+007
-4.02493e+007
-3.89483e+007
-3.76883e+007
-3.64817e+007
-3.53413e+007
-3.42823e+007
-3.33183e+007
-3.24554e+007
-3.16941e+007
-3.10452e+007
-3.0524e+007
-3.01435e+007
-2.99165e+007
-2.98531e+007
-2.99653e+007
-3.02619e+007
-3.07568e+007
-3.15361e+007
-3.26558e+007
-3.41138e+007
-3.59622e+007
-3.81691e+007
-4.06512e+007
-4.34304e+007
-4.6505e+007
-4.98666e+007
-5.35084e+007
-5.74133e+007
-6.15583e+007
-6.59123e+007
-7.0438e+007
-7.50876e+007
-7.98086e+007
-8.45407e+007
-8.92024e+007
-9.37314e+007
-9.81058e+007
-1.02273e+008
-1.06155e+008
-1.09676e+008
-1.12762e+008
-1.15346e+008
-1.17366e+008
-1.18776e+008
-1.19533e+008
-1.19601e+008
-1.18954e+008
-1.17332e+008
-1.14554e+008
-1.10676e+008
-1.05579e+008
-9.93885e+007
-9.24088e+007
-8.46202e+007
-7.60789e+007
-6.68428e+007
-5.69701e+007
-4.65448e+007
-3.56642e+007
-2.44442e+007
-1.30163e+007
-1.52838e+006
9.85531e+006
2.09616e+007
3.15932e+007
4.15743e+007
5.08158e+007
5.92236e+007
6.66223e+007
7.28303e+007
7.7693e+007
8.10786e+007
8.28893e+007
8.30709e+007
8.16048e+007
7.84645e+007
7.37834e+007
6.69953e+007
5.77592e+007
4.63978e+007
3.28889e+007
1.77413e+007
1.73358e+006
-1.47296e+007
-3.13736e+007
-4.78497e+007
-6.38371e+007
-7.89921e+007
-9.29754e+007
-1.0546e+008
-1.16146e+008
-1.24779e+008
-1.3114e+008
-1.35111e+008
-1.3682e+008
-1.36501e+008
-1.34297e+008
-1.3038e+008
-1.2501e+008
-1.18507e+008
-1.11243e+008
-1.03632e+008
-9.60926e+007
-8.89824e+007
-8.27484e+007
-7.69703e+007
-7.15214e+007
-6.68605e+007
-6.30266e+007
-6.06656e+007
-6.05738e+007
-6.30984e+007
-6.84024e+007
-7.655e+007
-8.72561e+007
-9.9443e+007
-1.10846e+008
-1.16153e+008
-1.11417e+008
-8.179e+007
-4.54486e+007
-5.06243e+007
-5.04424e+007
-5.04025e+007
-5.03809e+007
-5.03531e+007
-5.03048e+007
-5.02369e+007
-5.01539e+007
-5.00613e+007
-4.99639e+007
-4.98647e+007
-4.97654e+007
-4.96674e+007
-4.95719e+007
-4.94786e+007
-4.93898e+007
-4.93047e+007
-4.92236e+007
-4.9147e+007
-4.90731e+007
-4.90019e+007
-4.89327e+007
-4.88652e+007
-4.87991e+007
-4.87346e+007
-4.86721e+007
-4.86122e+007
-4.85563e+007
-4.85058e+007
-4.84618e+007
-4.84265e+007
-4.84025e+007
-4.83926e+007
-4.83997e+007
-4.8427e+007
-4.84775e+007
-4.8554e+007
-4.86592e+007
-4.87964e+007
-4.89701e+007
-4.91828e+007
-4.94348e+007
-4.97267e+007
-5.00544e+007
-5.04149e+007
-5.0801e+007
-5.12117e+007
-5.16404e+007
-5.20773e+007
-5.25193e+007
-5.29559e+007
-5.33788e+007
-5.37781e+007
-5.41438e+007
-5.44658e+007
-5.47339e+007
-5.49384e+007
-5.50698e+007
-5.5121e+007
-5.50876e+007
-5.49648e+007
-5.47488e+007
-5.44376e+007
-5.40311e+007
-5.35312e+007
-5.29404e+007
-5.22648e+007
-5.1502e+007
-5.06521e+007
-4.97264e+007
-4.87325e+007
-4.76881e+007
-4.66102e+007
-4.55257e+007
-4.44447e+007
-4.3376e+007
-4.23465e+007
-4.13598e+007
-4.04329e+007
-3.95768e+007
-3.88032e+007
-3.81226e+007
-3.75447e+007
-3.70779e+007
-3.67303e+007
-3.65083e+007
-3.64138e+007
-3.64453e+007
-3.66047e+007
-3.68954e+007
-3.73196e+007
-3.78788e+007
-3.85735e+007
-3.94054e+007
-4.03765e+007
-4.14921e+007
-4.27891e+007
-4.42884e+007
-4.59893e+007
-4.78999e+007
-5.0005e+007
-5.2222e+007
-5.45635e+007
-5.70246e+007
-5.95756e+007
-6.22044e+007
-6.48868e+007
-6.7598e+007
-7.03091e+007
-7.29877e+007
-7.55972e+007
-7.80985e+007
-8.04504e+007
-8.26049e+007
-8.45229e+007
-8.61849e+007
-8.75608e+007
-8.86117e+007
-8.92997e+007
-8.95897e+007
-8.94519e+007
-8.88626e+007
-8.78064e+007
-8.62694e+007
-8.42386e+007
-8.17021e+007
-7.85511e+007
-7.47146e+007
-7.02404e+007
-6.51036e+007
-5.93972e+007
-5.34231e+007
-4.71186e+007
-4.05688e+007
-3.38771e+007
-2.71104e+007
-2.03617e+007
-1.37224e+007
-7.29154e+006
-1.17268e+006
4.52645e+006
9.69481e+006
1.42236e+007
1.80037e+007
2.09433e+007
2.29935e+007
2.41143e+007
2.42402e+007
2.33095e+007
2.12788e+007
1.81247e+007
1.38489e+007
8.48054e+006
2.07041e+006
-5.34183e+006
-1.36503e+007
-2.30418e+007
-3.3552e+007
-4.50338e+007
-5.72143e+007
-6.96675e+007
-8.20376e+007
-9.38093e+007
-1.04792e+008
-1.1463e+008
-1.23066e+008
-1.29836e+008
-1.34713e+008
-1.37503e+008
-1.38063e+008
-1.36313e+008
-1.32236e+008
-1.25916e+008
-1.17576e+008
-1.07529e+008
-9.60991e+007
-8.36507e+007
-7.06052e+007
-5.74222e+007
-4.45892e+007
-3.26021e+007
-2.19389e+007
-1.29973e+007
-6.19778e+006
-1.46732e+006
954100
905711
-1.6608e+006
-7.33169e+006
-1.6339e+007
-2.88326e+007
-4.46713e+007
-6.34318e+007
-8.41341e+007
-1.04735e+008
-1.21877e+008
-1.28578e+008
-1.21951e+008
-7.66515e+007
-4.78115e+007
-5.04712e+007
-5.03287e+007
-5.02853e+007
-5.02589e+007
-5.02289e+007
-5.01831e+007
-5.01199e+007
-5.00421e+007
-4.99543e+007
-4.98607e+007
-4.97649e+007
-4.96694e+007
-4.9576e+007
-4.94867e+007
-4.94011e+007
-4.9323e+007
-4.92493e+007
-4.91814e+007
-4.91217e+007
-4.90664e+007
-4.9017e+007
-4.89723e+007
-4.8932e+007
-4.88959e+007
-4.88637e+007
-4.88356e+007
-4.8812e+007
-4.87936e+007
-4.87812e+007
-4.87758e+007
-4.87787e+007
-4.87918e+007
-4.8817e+007
-4.88565e+007
-4.89125e+007
-4.89871e+007
-4.90824e+007
-4.92004e+007
-4.93432e+007
-4.95131e+007
-4.97115e+007
-4.99379e+007
-5.01921e+007
-5.04698e+007
-5.0772e+007
-5.10852e+007
-5.14161e+007
-5.17562e+007
-5.20899e+007
-5.24223e+007
-5.27404e+007
-5.3038e+007
-5.33069e+007
-5.35385e+007
-5.37249e+007
-5.38579e+007
-5.39301e+007
-5.39348e+007
-5.38669e+007
-5.37229e+007
-5.35002e+007
-5.31972e+007
-5.28139e+007
-5.23519e+007
-5.18143e+007
-5.12054e+007
-5.05311e+007
-4.97949e+007
-4.90019e+007
-4.81635e+007
-4.72891e+007
-4.63983e+007
-4.54942e+007
-4.46197e+007
-4.37717e+007
-4.29497e+007
-4.22047e+007
-4.15219e+007
-4.09229e+007
-4.04156e+007
-4.00094e+007
-3.97121e+007
-3.953e+007
-3.9468e+007
-3.95293e+007
-3.97157e+007
-4.00262e+007
-4.04574e+007
-4.10066e+007
-4.16715e+007
-4.24487e+007
-4.33346e+007
-4.43251e+007
-4.54169e+007
-4.66075e+007
-4.78959e+007
-4.92956e+007
-5.08072e+007
-5.24312e+007
-5.41576e+007
-5.60082e+007
-5.78434e+007
-5.97059e+007
-6.16043e+007
-6.34798e+007
-6.53258e+007
-6.71139e+007
-6.88207e+007
-7.04199e+007
-7.18845e+007
-7.31861e+007
-7.42961e+007
-7.51862e+007
-7.58277e+007
-7.61969e+007
-7.62807e+007
-7.60644e+007
-7.55321e+007
-7.467e+007
-7.34678e+007
-7.19198e+007
-7.00256e+007
-6.77903e+007
-6.5221e+007
-6.23245e+007
-5.91084e+007
-5.55421e+007
-5.16108e+007
-4.73801e+007
-4.2823e+007
-3.79732e+007
-3.33242e+007
-2.85914e+007
-2.38793e+007
-1.93523e+007
-1.50506e+007
-1.10643e+007
-7.46459e+006
-4.32608e+006
-1.7207e+006
282168
1.6169e+006
2.22458e+006
2.0541e+006
1.06695e+006
-752562
-3.40784e+006
-6.90553e+006
-1.12457e+007
-1.64153e+007
-2.23862e+007
-2.91136e+007
-3.65366e+007
-4.45806e+007
-5.31778e+007
-6.22257e+007
-7.17608e+007
-8.1631e+007
-9.19401e+007
-1.02129e+008
-1.11861e+008
-1.21278e+008
-1.29532e+008
-1.36684e+008
-1.42332e+008
-1.46294e+008
-1.48362e+008
-1.48375e+008
-1.46217e+008
-1.41825e+008
-1.35201e+008
-1.26418e+008
-1.15635e+008
-1.03105e+008
-8.91562e+007
-7.41697e+007
-5.85695e+007
-4.28262e+007
-2.74386e+007
-1.29215e+007
215173
1.1483e+007
2.04775e+007
2.67399e+007
3.03026e+007
3.04686e+007
2.74916e+007
2.14769e+007
1.14535e+007
-2.27625e+006
-1.97964e+007
-4.07657e+007
-6.45145e+007
-8.97351e+007
-1.13937e+008
-1.33322e+008
-1.39758e+008
-1.31994e+008
-7.20358e+007
-5.2012e+007
-5.02756e+007
-5.01736e+007
-5.01349e+007
-5.01119e+007
-5.00859e+007
-5.00488e+007
-4.99981e+007
-4.99355e+007
-4.98644e+007
-4.97881e+007
-4.97098e+007
-4.96318e+007
-4.95557e+007
-4.9484e+007
-4.94141e+007
-4.93534e+007
-4.9295e+007
-4.92449e+007
-4.92048e+007
-4.91664e+007
-4.91346e+007
-4.91076e+007
-4.90856e+007
-4.9068e+007
-4.90548e+007
-4.90459e+007
-4.90413e+007
-4.90416e+007
-4.90472e+007
-4.90586e+007
-4.90769e+007
-4.91031e+007
-4.91386e+007
-4.91848e+007
-4.92431e+007
-4.93151e+007
-4.94021e+007
-4.95054e+007
-4.96263e+007
-4.97659e+007
-4.99249e+007
-5.01026e+007
-5.02991e+007
-5.05097e+007
-5.07461e+007
-5.09793e+007
-5.12231e+007
-5.14678e+007
-5.16934e+007
-5.19256e+007
-5.21416e+007
-5.23383e+007
-5.25089e+007
-5.2647e+007
-5.27465e+007
-5.28017e+007
-5.28072e+007
-5.27584e+007
-5.26518e+007
-5.24852e+007
-5.2257e+007
-5.19669e+007
-5.16159e+007
-5.12059e+007
-5.07405e+007
-5.02238e+007
-4.96617e+007
-4.90591e+007
-4.84224e+007
-4.77617e+007
-4.70835e+007
-4.64092e+007
-4.57051e+007
-4.50591e+007
-4.4481e+007
-4.39084e+007
-4.34399e+007
-4.3012e+007
-4.26654e+007
-4.24032e+007
-4.22326e+007
-4.21584e+007
-4.21836e+007
-4.23099e+007
-4.25377e+007
-4.2866e+007
-4.32922e+007
-4.38122e+007
-4.4422e+007
-4.51177e+007
-4.58949e+007
-4.67492e+007
-4.76762e+007
-4.86721e+007
-4.97339e+007
-5.08587e+007
-5.20527e+007
-5.33082e+007
-5.46418e+007
-5.60664e+007
-5.76496e+007
-5.89241e+007
-6.02337e+007
-6.16207e+007
-6.2941e+007
-6.42032e+007
-6.53733e+007
-6.64302e+007
-6.73507e+007
-6.81121e+007
-6.86921e+007
-6.9069e+007
-6.92232e+007
-6.91365e+007
-6.87947e+007
-6.81904e+007
-6.73186e+007
-6.61759e+007
-6.47622e+007
-6.30814e+007
-6.11413e+007
-5.89545e+007
-5.65378e+007
-5.39105e+007
-5.10926e+007
-4.81059e+007
-4.49527e+007
-4.16271e+007
-3.82173e+007
-3.45e+007
-3.04148e+007
-2.7698e+007
-2.47487e+007
-2.17418e+007
-1.90586e+007
-1.66815e+007
-1.4701e+007
-1.31618e+007
-1.21086e+007
-1.15796e+007
-1.16082e+007
-1.22227e+007
-1.34442e+007
-1.52863e+007
-1.77548e+007
-2.08442e+007
-2.45394e+007
-2.88241e+007
-3.36781e+007
-3.9074e+007
-4.4976e+007
-5.13399e+007
-5.81132e+007
-6.52357e+007
-7.26525e+007
-8.02858e+007
-8.81806e+007
-9.60684e+007
-1.04811e+008
-1.13226e+008
-1.19663e+008
-1.26281e+008
-1.31672e+008
-1.36414e+008
-1.39801e+008
-1.41716e+008
-1.41966e+008
-1.40423e+008
-1.36995e+008
-1.31642e+008
-1.24376e+008
-1.15277e+008
-1.04495e+008
-9.22483e+007
-7.88228e+007
-6.45639e+007
-4.98633e+007
-3.51519e+007
-2.08877e+007
-7.5429e+006
4.41601e+006
1.45383e+007
2.24643e+007
2.76884e+007
3.06608e+007
2.96586e+007
2.53455e+007
1.8603e+007
7.3229e+006
-7.28796e+006
-2.55598e+007
-4.71306e+007
-7.13757e+007
-9.70899e+007
-1.21941e+008
-1.42385e+008
-1.49912e+008
-1.44422e+008
-7.58129e+007
-6.34502e+007
-5.00488e+007
-4.99846e+007
-4.99582e+007
-4.99437e+007
-4.99263e+007
-4.99023e+007
-4.98697e+007
-4.98293e+007
-4.97832e+007
-4.97336e+007
-4.96826e+007
-4.96318e+007
-4.95822e+007
-4.95365e+007
-4.94876e+007
-4.94653e+007
-4.94319e+007
-4.93819e+007
-4.93636e+007
-4.93398e+007
-4.93225e+007
-4.93086e+007
-4.92983e+007
-4.92913e+007
-4.92876e+007
-4.92868e+007
-4.92892e+007
-4.92948e+007
-4.93039e+007
-4.93168e+007
-4.9334e+007
-4.93563e+007
-4.93843e+007
-4.94188e+007
-4.94608e+007
-4.95111e+007
-4.95704e+007
-4.96397e+007
-4.97195e+007
-4.98103e+007
-4.99124e+007
-5.00252e+007
-5.01491e+007
-5.02755e+007
-5.0434e+007
-5.05006e+007
-5.06653e+007
-5.08921e+007
-5.10061e+007
-5.11484e+007
-5.12752e+007
-5.1389e+007
-5.14848e+007
-5.15587e+007
-5.16067e+007
-5.16253e+007
-5.16111e+007
-5.15613e+007
-5.14738e+007
-5.13472e+007
-5.11809e+007
-5.09749e+007
-5.07302e+007
-5.04486e+007
-5.01329e+007
-4.97865e+007
-4.94138e+007
-4.90192e+007
-4.86082e+007
-4.81884e+007
-4.77633e+007
-4.73664e+007
-4.6898e+007
-4.67405e+007
-4.63627e+007
-4.58497e+007
-4.5648e+007
-4.5433e+007
-4.52809e+007
-4.51871e+007
-4.51553e+007
-4.51868e+007
-4.52818e+007
-4.54394e+007
-4.5658e+007
-4.59353e+007
-4.62683e+007
-4.66538e+007
-4.70887e+007
-4.75703e+007
-4.80964e+007
-4.86653e+007
-4.92756e+007
-4.99268e+007
-5.06187e+007
-5.13498e+007
-5.21251e+007
-5.29258e+007
-5.37619e+007
-5.45487e+007
-5.5467e+007
-5.66354e+007
-5.74314e+007
-5.84258e+007
-5.93036e+007
-6.01378e+007
-6.08974e+007
-6.1566e+007
-6.21243e+007
-6.25534e+007
-6.28352e+007
-6.29526e+007
-6.28908e+007
-6.26374e+007
-6.21834e+007
-6.15249e+007
-6.06616e+007
-5.95964e+007
-5.83359e+007
-5.68906e+007
-5.52749e+007
-5.35068e+007
-5.16078e+007
-4.9602e+007
-4.75161e+007
-4.53822e+007
-4.32204e+007
-4.10411e+007
-3.91274e+007
-3.69331e+007
-3.51789e+007
-3.30767e+007
-3.16095e+007
-2.98984e+007
-2.87455e+007
-2.78747e+007
-2.73426e+007
-2.71526e+007
-2.73125e+007
-2.78254e+007
-2.86913e+007
-2.99063e+007
-3.14627e+007
-3.33494e+007
-3.55538e+007
-3.80606e+007
-4.08525e+007
-4.39145e+007
-4.72338e+007
-5.07978e+007
-5.45949e+007
-5.86125e+007
-6.2837e+007
-6.72521e+007
-7.18433e+007
-7.65714e+007
-8.15095e+007
-8.5961e+007
-9.22055e+007
-9.37007e+007
-9.91632e+007
-1.06653e+008
-1.09956e+008
-1.13465e+008
-1.16006e+008
-1.17602e+008
-1.18077e+008
-1.17311e+008
-1.15203e+008
-1.11689e+008
-1.06747e+008
-1.00402e+008
-9.27383e+007
-8.38901e+007
-7.40499e+007
-6.34675e+007
-5.24355e+007
-4.12846e+007
-3.03743e+007
-2.00814e+007
-1.07833e+007
-2.85302e+006
3.42139e+006
7.45175e+006
1.0723e+007
6.04222e+006
2.62764e+006
216363
-1.00981e+007
-2.26579e+007
-3.84036e+007
-5.71483e+007
-7.85207e+007
-1.01719e+008
-1.25015e+008
-1.45658e+008
-1.5593e+008
-1.55047e+008
-9.13774e+007
-8.14119e+007
-4.9801e+007
-4.97768e+007
-4.97672e+007
-4.97622e+007
-4.97559e+007
-4.97475e+007
-4.9736e+007
-4.97219e+007
-4.97058e+007
-4.96886e+007
-4.9671e+007
-4.96537e+007
-4.96373e+007
-4.96249e+007
-4.96078e+007
-4.95983e+007
-4.95823e+007
-4.95674e+007
-4.95716e+007
-4.95585e+007
-4.95524e+007
-4.95482e+007
-4.95457e+007
-4.95445e+007
-4.95444e+007
-4.95453e+007
-4.95472e+007
-4.95501e+007
-4.9554e+007
-4.95591e+007
-4.95655e+007
-4.95735e+007
-4.95833e+007
-4.95953e+007
-4.96096e+007
-4.96267e+007
-4.96469e+007
-4.96704e+007
-4.96974e+007
-4.97281e+007
-4.97622e+007
-4.97987e+007
-4.98357e+007
-4.98555e+007
-4.99335e+007
-4.99793e+007
-5.00362e+007
-5.00968e+007
-5.01174e+007
-5.0193e+007
-5.02454e+007
-5.02901e+007
-5.03268e+007
-5.03549e+007
-5.03731e+007
-5.03801e+007
-5.03745e+007
-5.03553e+007
-5.03215e+007
-5.02726e+007
-5.02084e+007
-5.01289e+007
-5.00349e+007
-4.99274e+007
-4.98078e+007
-4.96782e+007
-4.95412e+007
-4.94002e+007
-4.9259e+007
-4.91241e+007
-4.90034e+007
-4.89622e+007
-4.87043e+007
-4.8614e+007
-4.85936e+007
-4.85175e+007
-4.84962e+007
-4.84314e+007
-4.84232e+007
-4.84443e+007
-4.84891e+007
-4.85536e+007
-4.86342e+007
-4.87274e+007
-4.883e+007
-4.89392e+007
-4.90525e+007
-4.91683e+007
-4.9286e+007
-4.9406e+007
-4.953e+007
-4.96606e+007
-4.98015e+007
-4.99566e+007
-5.01281e+007
-5.03198e+007
-5.05331e+007
-5.07166e+007
-5.08104e+007
-5.14727e+007
-5.22828e+007
-5.2455e+007
-5.24397e+007
-5.32333e+007
-5.37932e+007
-5.43174e+007
-5.48059e+007
-5.52526e+007
-5.56451e+007
-5.59692e+007
-5.621e+007
-5.63539e+007
-5.6389e+007
-5.63058e+007
-5.6098e+007
-5.57633e+007
-5.53036e+007
-5.4724e+007
-5.40341e+007
-5.3247e+007
-5.23795e+007
-5.14516e+007
-5.04863e+007
-4.95098e+007
-4.85532e+007
-4.76588e+007
-4.68884e+007
-4.63292e+007
-4.67077e+007
-4.46281e+007
-4.27299e+007
-4.3985e+007
-4.54733e+007
-4.44216e+007
-4.44476e+007
-4.47714e+007
-4.53196e+007
-4.60339e+007
-4.68737e+007
-4.78024e+007
-4.87855e+007
-4.97894e+007
-5.07821e+007
-5.17349e+007
-5.26244e+007
-5.34337e+007
-5.41535e+007
-5.47845e+007
-5.53368e+007
-5.5831e+007
-5.62962e+007
-5.6768e+007
-5.72852e+007
-5.78816e+007
-5.85763e+007
-5.93351e+007
-6.00591e+007
-5.92431e+007
-6.47708e+007
-6.82623e+007
-6.81587e+007
-6.93298e+007
-7.25549e+007
-7.63304e+007
-7.92224e+007
-8.17028e+007
-8.3713e+007
-8.51637e+007
-8.5945e+007
-8.59523e+007
-8.50996e+007
-8.33302e+007
-8.06247e+007
-7.70047e+007
-7.25364e+007
-6.73362e+007
-6.1561e+007
-5.54068e+007
-4.9103e+007
-4.2907e+007
-3.70976e+007
-3.19786e+007
-2.78655e+007
-2.56446e+007
-2.26011e+007
-2.23252e+007
-2.44708e+007
-2.80018e+007
-3.39416e+007
-4.22563e+007
-5.32327e+007
-6.69886e+007
-8.35163e+007
-1.02652e+008
-1.23724e+008
-1.45556e+008
-1.63457e+008
-1.76077e+008
-1.47843e+008
-1.22712e+008
-4.95442e+007
-4.95635e+007
-4.95721e+007
-4.95761e+007
-4.95817e+007
-4.95896e+007
-4.96004e+007
-4.96139e+007
-4.96294e+007
-4.96462e+007
-4.96635e+007
-4.96807e+007
-4.96973e+007
-4.97105e+007
-4.97277e+007
-4.9738e+007
-4.97555e+007
-4.97713e+007
-4.97693e+007
-4.97845e+007
-4.97928e+007
-4.97992e+007
-4.98039e+007
-4.98071e+007
-4.98089e+007
-4.98093e+007
-4.98083e+007
-4.98058e+007
-4.98017e+007
-4.97959e+007
-4.97882e+007
-4.97784e+007
-4.97665e+007
-4.9752e+007
-4.97349e+007
-4.9715e+007
-4.96922e+007
-4.96663e+007
-4.96374e+007
-4.96056e+007
-4.95715e+007
-4.95362e+007
-4.95017e+007
-4.94869e+007
-4.94132e+007
-4.93773e+007
-4.93306e+007
-4.92796e+007
-4.92665e+007
-4.92115e+007
-4.9175e+007
-4.91471e+007
-4.91267e+007
-4.91137e+007
-4.91088e+007
-4.91124e+007
-4.9125e+007
-4.91469e+007
-4.91784e+007
-4.92197e+007
-4.92708e+007
-4.93318e+007
-4.94029e+007
-4.94841e+007
-4.95756e+007
-4.96772e+007
-4.97889e+007
-4.99109e+007
-5.00419e+007
-5.01785e+007
-5.03154e+007
-5.03892e+007
-5.06968e+007
-5.08633e+007
-5.09876e+007
-5.1174e+007
-5.13327e+007
-5.15412e+007
-5.1705e+007
-5.18423e+007
-5.19512e+007
-5.20277e+007
-5.20669e+007
-5.20638e+007
-5.20144e+007
-5.19155e+007
-5.17658e+007
-5.15656e+007
-5.13172e+007
-5.1025e+007
-5.06952e+007
-5.03363e+007
-4.99583e+007
-4.95732e+007
-4.91957e+007
-4.88422e+007
-4.85328e+007
-4.8322e+007
-4.83019e+007
-4.78044e+007
-4.7263e+007
-4.74821e+007
-4.79722e+007
-4.7744e+007
-4.78209e+007
-4.79846e+007
-4.82101e+007
-4.84749e+007
-4.87619e+007
-4.90553e+007
-4.93412e+007
-4.96073e+007
-4.98436e+007
-5.00422e+007
-5.01985e+007
-5.03109e+007
-5.03823e+007
-5.04192e+007
-5.04326e+007
-5.04368e+007
-5.04489e+007
-5.04886e+007
-5.05763e+007
-5.0732e+007
-5.0971e+007
-5.1296e+007
-5.17139e+007
-5.21606e+007
-5.19306e+007
-5.44238e+007
-5.71192e+007
-5.70054e+007
-5.68761e+007
-5.95828e+007
-6.14646e+007
-6.32346e+007
-6.49032e+007
-6.64497e+007
-6.78278e+007
-6.89813e+007
-6.98501e+007
-7.03755e+007
-7.0504e+007
-7.01919e+007
-6.94081e+007
-6.81372e+007
-6.63819e+007
-6.41637e+007
-6.1523e+007
-5.8521e+007
-5.52383e+007
-5.17741e+007
-4.82453e+007
-4.47866e+007
-4.15523e+007
-3.87464e+007
-3.66202e+007
-3.69505e+007
-3.18541e+007
-2.96571e+007
-3.2013e+007
-3.41772e+007
-3.49749e+007
-3.62966e+007
-3.8897e+007
-4.22052e+007
-4.59963e+007
-5.00723e+007
-5.42443e+007
-5.83298e+007
-6.21555e+007
-6.55639e+007
-6.8417e+007
-7.06093e+007
-7.20686e+007
-7.27624e+007
-7.2697e+007
-7.19159e+007
-7.04978e+007
-6.85492e+007
-6.61988e+007
-6.3582e+007
-6.08394e+007
-5.75944e+007
-5.72948e+007
-5.44373e+007
-5.37002e+007
-5.52656e+007
-5.57346e+007
-5.98431e+007
-6.53424e+007
-7.31578e+007
-8.36356e+007
-9.70284e+007
-1.13174e+008
-1.31375e+008
-1.48326e+008
-1.60261e+008
-1.53651e+008
-1.31947e+008
-4.92955e+007
-4.93546e+007
-4.93801e+007
-4.93938e+007
-4.94107e+007
-4.94343e+007
-4.94665e+007
-4.95065e+007
-4.95522e+007
-4.96014e+007
-4.96522e+007
-4.9703e+007
-4.97526e+007
-4.97987e+007
-4.98479e+007
-4.98701e+007
-4.99058e+007
-4.99585e+007
-4.99779e+007
-5.00036e+007
-5.0023e+007
-5.00391e+007
-5.00514e+007
-5.00603e+007
-5.00658e+007
-5.00678e+007
-5.00663e+007
-5.0061e+007
-5.00516e+007
-5.00379e+007
-5.00193e+007
-4.99951e+007
-4.99647e+007
-4.99275e+007
-4.98826e+007
-4.98293e+007
-4.9767e+007
-4.96952e+007
-4.96133e+007
-4.95212e+007
-4.94187e+007
-4.93068e+007
-4.91851e+007
-4.90624e+007
-4.89055e+007
-4.88531e+007
-4.87084e+007
-4.84851e+007
-4.83815e+007
-4.82552e+007
-4.8144e+007
-4.80467e+007
-4.79672e+007
-4.79086e+007
-4.78741e+007
-4.78663e+007
-4.78878e+007
-4.79404e+007
-4.80257e+007
-4.81445e+007
-4.82974e+007
-4.84846e+007
-4.87058e+007
-4.89603e+007
-4.92472e+007
-4.9565e+007
-4.99121e+007
-5.02867e+007
-5.06866e+007
-5.11076e+007
-5.15491e+007
-5.19809e+007
-5.25079e+007
-5.27323e+007
-5.31961e+007
-5.3834e+007
-5.41718e+007
-5.45345e+007
-5.48436e+007
-5.50968e+007
-5.52829e+007
-5.53926e+007
-5.54169e+007
-5.53483e+007
-5.5181e+007
-5.49113e+007
-5.45384e+007
-5.40643e+007
-5.34937e+007
-5.28342e+007
-5.20962e+007
-5.12927e+007
-5.04392e+007
-4.95527e+007
-4.86523e+007
-4.77565e+007
-4.6879e+007
-4.6054e+007
-4.52864e+007
-4.46805e+007
-4.40274e+007
-4.32267e+007
-4.29224e+007
-4.24997e+007
-4.22686e+007
-4.21313e+007
-4.20947e+007
-4.21462e+007
-4.2275e+007
-4.24695e+007
-4.27193e+007
-4.3015e+007
-4.3349e+007
-4.37164e+007
-4.41144e+007
-4.45432e+007
-4.50074e+007
-4.55168e+007
-4.6085e+007
-4.67297e+007
-4.74709e+007
-4.83307e+007
-4.93323e+007
-5.04995e+007
-5.1856e+007
-5.34212e+007
-5.52091e+007
-5.72608e+007
-5.93349e+007
-6.20103e+007
-6.4516e+007
-6.76674e+007
-7.05569e+007
-7.39583e+007
-7.70374e+007
-8.00232e+007
-8.27923e+007
-8.52624e+007
-8.73378e+007
-8.89212e+007
-8.99162e+007
-9.02328e+007
-8.97915e+007
-8.85295e+007
-8.64045e+007
-8.34e+007
-7.95272e+007
-7.48239e+007
-6.93558e+007
-6.32177e+007
-5.65335e+007
-4.94526e+007
-4.21464e+007
-3.48031e+007
-2.76174e+007
-2.08089e+007
-1.44771e+007
-9.40904e+006
-3.34255e+006
-3.52994e+006
-828708
3.60027e+006
2.76171e+006
1.25161e+006
-1.75519e+006
-6.02241e+006
-1.14338e+007
-1.78102e+007
-2.49457e+007
-3.26111e+007
-4.05646e+007
-4.85609e+007
-5.63535e+007
-6.37179e+007
-7.04546e+007
-7.63932e+007
-8.14017e+007
-8.53854e+007
-8.82879e+007
-9.0089e+007
-9.08057e+007
-9.04824e+007
-8.92402e+007
-8.69375e+007
-8.46792e+007
-7.98179e+007
-7.78558e+007
-7.65964e+007
-7.31026e+007
-7.16263e+007
-7.1423e+007
-7.32769e+007
-7.7692e+007
-8.50871e+007
-9.53968e+007
-1.07707e+008
-1.18755e+008
-1.23289e+008
-1.08772e+008
-7.82631e+007
-4.90668e+007
-4.91636e+007
-4.92017e+007
-4.92241e+007
-4.925e+007
-4.92872e+007
-4.93378e+007
-4.94003e+007
-4.94713e+007
-4.95474e+007
-4.96256e+007
-4.97037e+007
-4.97799e+007
-4.98519e+007
-4.99224e+007
-4.99835e+007
-5.00434e+007
-5.00953e+007
-5.01369e+007
-5.01773e+007
-5.02112e+007
-5.02403e+007
-5.02645e+007
-5.0284e+007
-5.02989e+007
-5.03091e+007
-5.03143e+007
-5.03142e+007
-5.03082e+007
-5.02957e+007
-5.02758e+007
-5.02473e+007
-5.02091e+007
-5.01599e+007
-5.00982e+007
-5.00228e+007
-4.99324e+007
-4.9826e+007
-4.97026e+007
-4.95612e+007
-4.94016e+007
-4.92245e+007
-4.90301e+007
-4.88237e+007
-4.85925e+007
-4.83687e+007
-4.81398e+007
-4.79019e+007
-4.76892e+007
-4.74728e+007
-4.72731e+007
-4.70933e+007
-4.69395e+007
-4.68172e+007
-4.67316e+007
-4.66876e+007
-4.66897e+007
-4.67415e+007
-4.68458e+007
-4.70043e+007
-4.72185e+007
-4.74889e+007
-4.78154e+007
-4.81971e+007
-4.86323e+007
-4.9119e+007
-4.96539e+007
-5.02351e+007
-5.08594e+007
-5.15202e+007
-5.22138e+007
-5.29215e+007
-5.36797e+007
-5.43997e+007
-5.50699e+007
-5.57646e+007
-5.63692e+007
-5.69472e+007
-5.74528e+007
-5.78762e+007
-5.82025e+007
-5.84185e+007
-5.85121e+007
-5.84731e+007
-5.82932e+007
-5.79673e+007
-5.74945e+007
-5.68776e+007
-5.61224e+007
-5.52381e+007
-5.42373e+007
-5.31362e+007
-5.19539e+007
-5.0711e+007
-4.94295e+007
-4.81296e+007
-4.68239e+007
-4.55373e+007
-4.42672e+007
-4.30147e+007
-4.17074e+007
-4.08206e+007
-4.00062e+007
-3.92032e+007
-3.85432e+007
-3.79932e+007
-3.75618e+007
-3.72403e+007
-3.70209e+007
-3.6895e+007
-3.68556e+007
-3.68972e+007
-3.7017e+007
-3.72151e+007
-3.74922e+007
-3.78517e+007
-3.83035e+007
-3.88641e+007
-3.9555e+007
-4.04012e+007
-4.14301e+007
-4.2671e+007
-4.41532e+007
-4.5907e+007
-4.79634e+007
-5.03516e+007
-5.31109e+007
-5.62912e+007
-5.98424e+007
-6.40187e+007
-6.88802e+007
-7.27053e+007
-7.7085e+007
-8.1809e+007
-8.64565e+007
-9.0991e+007
-9.52518e+007
-9.91132e+007
-1.0244e+008
-1.05097e+008
-1.06951e+008
-1.07876e+008
-1.07761e+008
-1.06515e+008
-1.04076e+008
-1.00419e+008
-9.55543e+007
-8.95226e+007
-8.24e+007
-7.43e+007
-6.53735e+007
-5.58073e+007
-4.5818e+007
-3.56436e+007
-2.55285e+007
-1.57313e+007
-6.38156e+006
2.11633e+006
1.05314e+007
1.75137e+007
2.13326e+007
2.46075e+007
2.56316e+007
2.52068e+007
2.28673e+007
1.87406e+007
1.2927e+007
5.60758e+006
-2.99403e+006
-1.26154e+007
-2.2968e+007
-3.37478e+007
-4.4626e+007
-5.52842e+007
-6.54279e+007
-7.47835e+007
-8.31168e+007
-9.02281e+007
-9.59562e+007
-1.0018e+008
-1.02824e+008
-1.03854e+008
-1.03333e+008
-1.01255e+008
-9.82033e+007
-9.38025e+007
-8.86244e+007
-8.28375e+007
-7.65294e+007
-7.1008e+007
-6.6401e+007
-6.35266e+007
-6.30684e+007
-6.55798e+007
-7.10968e+007
-7.87006e+007
-8.55191e+007
-8.68189e+007
-7.37095e+007
-4.65006e+007
-4.88683e+007
-4.90057e+007
-4.90489e+007
-4.90752e+007
-4.91056e+007
-4.9152e+007
-4.92156e+007
-4.92938e+007
-4.93818e+007
-4.94754e+007
-4.95712e+007
-4.96668e+007
-4.97604e+007
-4.98501e+007
-4.99363e+007
-5.0015e+007
-5.009e+007
-5.01594e+007
-5.02207e+007
-5.0278e+007
-5.03295e+007
-5.03764e+007
-5.04188e+007
-5.0457e+007
-5.04908e+007
-5.05201e+007
-5.05443e+007
-5.05627e+007
-5.05744e+007
-5.05785e+007
-5.05736e+007
-5.0558e+007
-5.05296e+007
-5.04864e+007
-5.04265e+007
-5.03478e+007
-5.02484e+007
-5.01266e+007
-4.99806e+007
-4.98082e+007
-4.96085e+007
-4.93821e+007
-4.91294e+007
-4.88552e+007
-4.85583e+007
-4.82533e+007
-4.7934e+007
-4.76044e+007
-4.72845e+007
-4.6968e+007
-4.66667e+007
-4.63864e+007
-4.61349e+007
-4.59194e+007
-4.57475e+007
-4.5626e+007
-4.55618e+007
-4.55603e+007
-4.56257e+007
-4.5761e+007
-4.59687e+007
-4.62508e+007
-4.66079e+007
-4.70397e+007
-4.75449e+007
-4.81216e+007
-4.87663e+007
-4.94791e+007
-5.0258e+007
-5.1095e+007
-5.19841e+007
-5.29082e+007
-5.38666e+007
-5.48167e+007
-5.57618e+007
-5.67053e+007
-5.75892e+007
-5.84256e+007
-5.9187e+007
-5.98588e+007
-6.04234e+007
-6.08643e+007
-6.11656e+007
-6.13133e+007
-6.12957e+007
-6.11049e+007
-6.07383e+007
-6.01984e+007
-5.94898e+007
-5.86204e+007
-5.76021e+007
-5.64509e+007
-5.51862e+007
-5.38287e+007
-5.24004e+007
-5.09201e+007
-4.93939e+007
-4.78399e+007
-4.62712e+007
-4.47113e+007
-4.31414e+007
-4.17017e+007
-4.0344e+007
-3.90455e+007
-3.78487e+007
-3.67359e+007
-3.57079e+007
-3.47576e+007
-3.38787e+007
-3.30655e+007
-3.23163e+007
-3.16323e+007
-3.10183e+007
-3.0485e+007
-3.00383e+007
-2.9687e+007
-2.94518e+007
-2.93631e+007
-2.94569e+007
-2.97738e+007
-3.03565e+007
-3.12491e+007
-3.24945e+007
-3.41377e+007
-3.62241e+007
-3.87993e+007
-4.194e+007
-4.57046e+007
-5.00659e+007
-5.50829e+007
-6.07251e+007
-6.65051e+007
-7.27063e+007
-7.91871e+007
-8.57396e+007
-9.22658e+007
-9.86025e+007
-1.04593e+008
-1.10069e+008
-1.14858e+008
-1.18785e+008
-1.21683e+008
-1.23394e+008
-1.23783e+008
-1.22758e+008
-1.20271e+008
-1.16318e+008
-1.10919e+008
-1.04133e+008
-9.6064e+007
-8.68621e+007
-7.67215e+007
-6.58757e+007
-5.45855e+007
-4.31185e+007
-3.17563e+007
-2.06448e+007
-1.00912e+007
-102987
8.64402e+006
1.57917e+007
2.16429e+007
2.53362e+007
2.71141e+007
2.67963e+007
2.44665e+007
2.02183e+007
1.42166e+007
6.67265e+006
-2.15614e+006
-1.19831e+007
-2.25017e+007
-3.33463e+007
-4.41477e+007
-5.45701e+007
-6.43002e+007
-7.30635e+007
-8.06145e+007
-8.67417e+007
-9.127e+007
-9.40664e+007
-9.50418e+007
-9.41953e+007
-9.15187e+007
-8.73403e+007
-8.16991e+007
-7.50899e+007
-6.77231e+007
-5.97536e+007
-5.19403e+007
-4.47647e+007
-3.90614e+007
-3.56069e+007
-3.50263e+007
-3.74307e+007
-4.19869e+007
-4.62829e+007
-4.63932e+007
-3.55292e+007
-1.34549e+007
-4.8711e+007
-4.88889e+007
-4.89289e+007
-4.89511e+007
-4.89801e+007
-4.90294e+007
-4.90983e+007
-4.9182e+007
-4.92749e+007
-4.93725e+007
-4.94719e+007
-4.95714e+007
-4.96696e+007
-4.97657e+007
-4.98596e+007
-4.99491e+007
-5.00354e+007
-5.0118e+007
-5.01963e+007
-5.02724e+007
-5.03458e+007
-5.04173e+007
-5.04872e+007
-5.05554e+007
-5.06218e+007
-5.06857e+007
-5.07462e+007
-5.08018e+007
-5.08514e+007
-5.08937e+007
-5.09267e+007
-5.09477e+007
-5.09539e+007
-5.09425e+007
-5.09104e+007
-5.0855e+007
-5.07735e+007
-5.06635e+007
-5.05221e+007
-5.03449e+007
-5.01298e+007
-4.98768e+007
-4.95856e+007
-4.92605e+007
-4.89048e+007
-4.85259e+007
-4.81253e+007
-4.7708e+007
-4.7285e+007
-4.68589e+007
-4.64394e+007
-4.60343e+007
-4.56525e+007
-4.53032e+007
-4.49958e+007
-4.47394e+007
-4.45432e+007
-4.44151e+007
-4.43609e+007
-4.43845e+007
-4.44908e+007
-4.46839e+007
-4.49666e+007
-4.53402e+007
-4.58047e+007
-4.63601e+007
-4.70029e+007
-4.77394e+007
-4.85732e+007
-4.94957e+007
-5.05035e+007
-5.15813e+007
-5.27142e+007
-5.38768e+007
-5.50592e+007
-5.62526e+007
-5.74259e+007
-5.85715e+007
-5.96666e+007
-6.06928e+007
-6.16302e+007
-6.24587e+007
-6.31584e+007
-6.37108e+007
-6.40983e+007
-6.4308e+007
-6.43352e+007
-6.41805e+007
-6.38439e+007
-6.33278e+007
-6.26391e+007
-6.1789e+007
-6.07933e+007
-5.96682e+007
-5.84328e+007
-5.7099e+007
-5.56511e+007
-5.40898e+007
-5.2428e+007
-5.06738e+007
-4.88477e+007
-4.70296e+007
-4.52022e+007
-4.3356e+007
-4.15026e+007
-3.96295e+007
-3.77315e+007
-3.58009e+007
-3.38323e+007
-3.18229e+007
-2.97788e+007
-2.77107e+007
-2.56373e+007
-2.35883e+007
-2.15757e+007
-1.96147e+007
-1.77447e+007
-1.60203e+007
-1.45034e+007
-1.32606e+007
-1.23612e+007
-1.18742e+007
-1.18658e+007
-1.24044e+007
-1.35572e+007
-1.53952e+007
-1.80778e+007
-2.17176e+007
-2.63066e+007
-3.19066e+007
-3.84315e+007
-4.55783e+007
-5.34071e+007
-6.17984e+007
-7.06026e+007
-7.96903e+007
-8.88916e+007
-9.80258e+007
-1.06893e+008
-1.15286e+008
-1.22983e+008
-1.29764e+008
-1.3541e+008
-1.39719e+008
-1.4254e+008
-1.43802e+008
-1.43462e+008
-1.41487e+008
-1.37878e+008
-1.32687e+008
-1.2602e+008
-1.18039e+008
-1.08957e+008
-9.90192e+007
-8.84837e+007
-7.76253e+007
-6.64598e+007
-5.51351e+007
-4.39046e+007
-3.31335e+007
-2.32881e+007
-1.46497e+007
-7.64457e+006
-2.28701e+006
1.29772e+006
3.13233e+006
3.27254e+006
1.83231e+006
-1.03498e+006
-5.13071e+006
-1.0242e+007
-1.61511e+007
-2.25164e+007
-2.89685e+007
-3.52045e+007
-4.09683e+007
-4.60387e+007
-5.02113e+007
-5.33046e+007
-5.51577e+007
-5.56363e+007
-5.46353e+007
-5.21336e+007
-4.80963e+007
-4.28456e+007
-3.66473e+007
-2.97271e+007
-2.23246e+007
-1.46345e+007
-7.00038e+006
98619.4
5.87103e+006
9.52119e+006
1.03546e+007
8.09677e+006
3.28112e+006
-2.36865e+006
-5.80103e+006
-1.59746e+006
1.35059e+007
-4.86053e+007
-4.88126e+007
-4.88394e+007
-4.88492e+007
-4.8871e+007
-4.89163e+007
-4.89803e+007
-4.90563e+007
-4.91384e+007
-4.92224e+007
-4.93071e+007
-4.9393e+007
-4.94798e+007
-4.9568e+007
-4.96582e+007
-4.97487e+007
-4.98401e+007
-4.99329e+007
-5.00275e+007
-5.01251e+007
-5.02262e+007
-5.03312e+007
-5.04403e+007
-5.05534e+007
-5.06697e+007
-5.07881e+007
-5.09069e+007
-5.10236e+007
-5.11367e+007
-5.12448e+007
-5.13449e+007
-5.14332e+007
-5.15057e+007
-5.15585e+007
-5.15876e+007
-5.15894e+007
-5.15601e+007
-5.1497e+007
-5.13958e+007
-5.12481e+007
-5.10498e+007
-5.08005e+007
-5.04972e+007
-5.0145e+007
-4.97498e+007
-4.9315e+007
-4.88436e+007
-4.834e+007
-4.78119e+007
-4.72647e+007
-4.6707e+007
-4.61476e+007
-4.55958e+007
-4.50621e+007
-4.45577e+007
-4.40938e+007
-4.36826e+007
-4.33356e+007
-4.30591e+007
-4.28587e+007
-4.27423e+007
-4.27178e+007
-4.27918e+007
-4.29687e+007
-4.32514e+007
-4.36426e+007
-4.41379e+007
-4.47574e+007
-4.55165e+007
-4.64054e+007
-4.74289e+007
-4.85738e+007
-4.98151e+007
-5.11367e+007
-5.25283e+007
-5.39791e+007
-5.54691e+007
-5.69852e+007
-5.85074e+007
-6.00159e+007
-6.14898e+007
-6.29064e+007
-6.42416e+007
-6.54708e+007
-6.65678e+007
-6.75116e+007
-6.82953e+007
-6.8917e+007
-6.93677e+007
-6.96381e+007
-6.97244e+007
-6.96275e+007
-6.9354e+007
-6.89109e+007
-6.83133e+007
-6.75614e+007
-6.65934e+007
-6.53803e+007
-6.3932e+007
-6.22191e+007
-6.02811e+007
-5.81934e+007
-5.59314e+007
-5.34816e+007
-5.08332e+007
-4.79671e+007
-4.48692e+007
-4.15284e+007
-3.79378e+007
-3.40969e+007
-3.00225e+007
-2.57387e+007
-2.12866e+007
-1.67304e+007
-1.20859e+007
-7.37075e+006
-2.65453e+006
1.96752e+006
6.39378e+006
1.05171e+007
1.42279e+007
1.74183e+007
1.99881e+007
2.18347e+007
2.28689e+007
2.29946e+007
2.18942e+007
1.93504e+007
1.53771e+007
9.80627e+006
2.76214e+006
-5.44134e+006
-1.48327e+007
-2.53164e+007
-3.67844e+007
-4.91119e+007
-6.21327e+007
-7.5654e+007
-8.94537e+007
-1.03293e+008
-1.169e+008
-1.29992e+008
-1.42267e+008
-1.53408e+008
-1.63188e+008
-1.71504e+008
-1.78262e+008
-1.8332e+008
-1.86563e+008
-1.87937e+008
-1.87449e+008
-1.8517e+008
-1.81246e+008
-1.75865e+008
-1.69248e+008
-1.61663e+008
-1.52784e+008
-1.42508e+008
-1.31242e+008
-1.19051e+008
-1.06516e+008
-9.43725e+007
-8.28678e+007
-7.21041e+007
-6.21862e+007
-5.31379e+007
-4.49644e+007
-3.76412e+007
-3.11301e+007
-2.53552e+007
-2.02805e+007
-1.59196e+007
-1.20231e+007
-8.26665e+006
-4.48224e+006
-607359
3.39523e+006
7.57533e+006
1.19807e+007
1.66689e+007
2.17061e+007
2.71688e+007
3.30689e+007
3.95372e+007
4.60788e+007
5.21719e+007
5.78582e+007
6.29642e+007
6.7484e+007
7.16322e+007
7.51402e+007
7.7305e+007
7.73802e+007
7.46086e+007
6.84773e+007
5.90522e+007
4.71962e+007
3.53088e+007
2.71133e+007
3.17534e+007
-4.85632e+007
-4.87669e+007
-4.87696e+007
-4.87639e+007
-4.87755e+007
-4.88092e+007
-4.88559e+007
-4.89073e+007
-4.89583e+007
-4.90063e+007
-4.90535e+007
-4.91044e+007
-4.91602e+007
-4.92237e+007
-4.92967e+007
-4.93773e+007
-4.94661e+007
-4.95648e+007
-4.96748e+007
-4.97973e+007
-4.9933e+007
-5.00822e+007
-5.02449e+007
-5.04207e+007
-5.06079e+007
-5.0805e+007
-5.10089e+007
-5.12153e+007
-5.14224e+007
-5.16294e+007
-5.18318e+007
-5.20242e+007
-5.22012e+007
-5.23575e+007
-5.24877e+007
-5.25872e+007
-5.26514e+007
-5.26785e+007
-5.26622e+007
-5.25869e+007
-5.24456e+007
-5.22376e+007
-5.1955e+007
-5.16047e+007
-5.11967e+007
-5.07291e+007
-5.02028e+007
-4.96209e+007
-4.89881e+007
-4.83096e+007
-4.7593e+007
-4.68466e+007
-4.60795e+007
-4.53028e+007
-4.45291e+007
-4.37716e+007
-4.30467e+007
-4.23709e+007
-4.17507e+007
-4.11911e+007
-4.07053e+007
-4.03079e+007
-4.00111e+007
-3.98241e+007
-3.97549e+007
-3.98088e+007
-3.99742e+007
-4.02997e+007
-4.08242e+007
-4.15311e+007
-4.2444e+007
-4.35516e+007
-4.48133e+007
-4.62228e+007
-4.77793e+007
-4.9477e+007
-5.13049e+007
-5.32514e+007
-5.52997e+007
-5.74313e+007
-5.9626e+007
-6.18596e+007
-6.41039e+007
-6.63276e+007
-6.84898e+007
-7.05569e+007
-7.25225e+007
-7.43859e+007
-7.61223e+007
-7.77022e+007
-7.9103e+007
-8.03081e+007
-8.13089e+007
-8.20981e+007
-8.26939e+007
-8.30861e+007
-8.31178e+007
-8.27074e+007
-8.18663e+007
-8.04907e+007
-7.8652e+007
-7.64698e+007
-7.38682e+007
-7.08051e+007
-6.72438e+007
-6.31491e+007
-5.84937e+007
-5.32607e+007
-4.74392e+007
-4.10278e+007
-3.40596e+007
-2.65728e+007
-1.86472e+007
-1.0413e+007
-1.8751e+006
6.96627e+006
1.59943e+007
2.50472e+007
3.39638e+007
4.25784e+007
5.07217e+007
5.82292e+007
6.49534e+007
7.07482e+007
7.5528e+007
7.92068e+007
8.1145e+007
8.09288e+007
7.8641e+007
7.38614e+007
6.68092e+007
5.8004e+007
4.72785e+007
3.46442e+007
2.01464e+007
3.87492e+006
-1.40222e+007
-3.33515e+007
-5.38746e+007
-7.53295e+007
-9.73942e+007
-1.19712e+008
-1.41868e+008
-1.63354e+008
-1.83827e+008
-2.03193e+008
-2.21301e+008
-2.37829e+008
-2.52456e+008
-2.64944e+008
-2.75123e+008
-2.82904e+008
-2.88304e+008
-2.91402e+008
-2.9242e+008
-2.91709e+008
-2.88171e+008
-2.81194e+008
-2.71435e+008
-2.58459e+008
-2.43113e+008
-2.26818e+008
-2.09544e+008
-1.91305e+008
-1.72179e+008
-1.52232e+008
-1.31566e+008
-1.10301e+008
-8.85909e+007
-6.65528e+007
-4.44766e+007
-2.28504e+007
-1.57782e+006
1.96484e+007
4.07421e+007
6.137e+007
8.11987e+007
9.99708e+007
1.1746e+008
1.33499e+008
1.47995e+008
1.60943e+008
1.72349e+008
1.82644e+008
1.90851e+008
1.95908e+008
1.98329e+008
1.98032e+008
1.95398e+008
1.91664e+008
1.86976e+008
1.80715e+008
1.72299e+008
1.60997e+008
1.46095e+008
1.27128e+008
1.03988e+008
7.86726e+007
5.20299e+007
4.10968e+007
-4.8593e+007
-4.87313e+007
-4.8705e+007
-4.86898e+007
-4.86918e+007
-4.87064e+007
-4.87212e+007
-4.87284e+007
-4.8725e+007
-4.87109e+007
-4.86946e+007
-4.8687e+007
-4.86901e+007
-4.87105e+007
-4.8753e+007
-4.88132e+007
-4.88916e+007
-4.89921e+007
-4.91171e+007
-4.9268e+007
-4.94455e+007
-4.965e+007
-4.98813e+007
-5.01382e+007
-5.04185e+007
-5.07199e+007
-5.10375e+007
-5.1363e+007
-5.16954e+007
-5.20359e+007
-5.23782e+007
-5.27138e+007
-5.30355e+007
-5.33365e+007
-5.36102e+007
-5.38502e+007
-5.40512e+007
-5.42157e+007
-5.43358e+007
-5.43803e+007
-5.43407e+007
-5.42187e+007
-5.39926e+007
-5.36737e+007
-5.32835e+007
-5.28097e+007
-5.22484e+007
-5.15998e+007
-5.08657e+007
-5.00496e+007
-4.91569e+007
-4.81943e+007
-4.7169e+007
-4.60919e+007
-4.4976e+007
-4.38354e+007
-4.26937e+007
-4.15771e+007
-4.04874e+007
-3.94254e+007
-3.84132e+007
-3.7477e+007
-3.66366e+007
-3.59087e+007
-3.53093e+007
-3.48419e+007
-3.44675e+007
-3.43014e+007
-3.4419e+007
-3.47732e+007
-3.54299e+007
-3.63924e+007
-3.75774e+007
-3.89918e+007
-4.0658e+007
-4.25806e+007
-4.47576e+007
-4.71827e+007
-4.98447e+007
-5.27283e+007
-5.58188e+007
-5.9093e+007
-6.25214e+007
-6.60668e+007
-6.96616e+007
-7.3249e+007
-7.68352e+007
-8.04315e+007
-8.39856e+007
-8.74325e+007
-9.07241e+007
-9.38191e+007
-9.6683e+007
-9.92876e+007
-1.01689e+008
-1.03878e+008
-1.05493e+008
-1.06399e+008
-1.06653e+008
-1.05957e+008
-1.04434e+008
-1.0237e+008
-9.95651e+007
-9.59124e+007
-9.13473e+007
-8.5812e+007
-7.92638e+007
-7.1677e+007
-6.30293e+007
-5.33068e+007
-4.25612e+007
-3.08341e+007
-1.82693e+007
-5.15558e+006
8.57296e+006
2.29928e+007
3.78966e+007
5.30057e+007
6.80831e+007
8.28955e+007
9.71979e+007
1.10746e+008
1.23316e+008
1.34694e+008
1.44908e+008
1.53994e+008
1.60591e+008
1.64058e+008
1.64792e+008
1.61704e+008
1.55111e+008
1.46224e+008
1.34493e+008
1.19726e+008
1.01897e+008
8.10429e+007
5.72779e+007
3.07808e+007
1.79083e+006
-2.94391e+007
-6.25516e+007
-9.71361e+007
-1.32635e+008
-1.68174e+008
-2.03247e+008
-2.379e+008
-2.71956e+008
-3.04754e+008
-3.35644e+008
-3.64143e+008
-3.89845e+008
-4.12418e+008
-4.31652e+008
-4.47425e+008
-4.6017e+008
-4.7064e+008
-4.75851e+008
-4.74589e+008
-4.68413e+008
-4.55549e+008
-4.37026e+008
-4.15956e+008
-3.91664e+008
-3.63778e+008
-3.32387e+008
-2.97633e+008
-2.59749e+008
-2.19048e+008
-1.75908e+008
-1.30592e+008
-8.39215e+007
-3.73829e+007
9.01522e+006
5.57427e+007
1.02259e+008
1.47493e+008
1.90522e+008
2.30675e+008
2.67335e+008
2.99982e+008
3.28242e+008
3.51907e+008
3.71069e+008
3.87044e+008
3.97489e+008
4.00281e+008
3.97244e+008
3.88163e+008
3.736e+008
3.56842e+008
3.38743e+008
3.18508e+008
2.95882e+008
2.70399e+008
2.41339e+008
2.0774e+008
1.68543e+008
1.25039e+008
7.19597e+007
4.10943e+007
-4.8684e+007
-4.87296e+007
-4.8712e+007
-4.87052e+007
-4.8688e+007
-4.8657e+007
-4.86076e+007
-4.85338e+007
-4.84373e+007
-4.83197e+007
-4.8198e+007
-4.80961e+007
-4.80167e+007
-4.79731e+007
-4.79679e+007
-4.79899e+007
-4.80427e+007
-4.81358e+007
-4.82727e+007
-4.8455e+007
-4.86832e+007
-4.8957e+007
-4.92756e+007
-4.96371e+007
-5.00381e+007
-5.04759e+007
-5.09431e+007
-5.14247e+007
-5.19176e+007
-5.24329e+007
-5.29624e+007
-5.34908e+007
-5.40083e+007
-5.45063e+007
-5.49758e+007
-5.54075e+007
-5.57954e+007
-5.61557e+007
-5.64845e+007
-5.67223e+007
-5.68446e+007
-5.68589e+007
-5.67226e+007
-5.64815e+007
-5.61676e+007
-5.57387e+007
-5.51824e+007
-5.44953e+007
-5.36754e+007
-5.27228e+007
-5.16398e+007
-5.04304e+007
-4.90997e+007
-4.76567e+007
-4.61133e+007
-4.44829e+007
-4.27983e+007
-4.11073e+007
-3.94083e+007
-3.76742e+007
-3.5939e+007
-3.42542e+007
-3.26529e+007
-3.11645e+007
-2.98216e+007
-2.86208e+007
-2.74359e+007
-2.64597e+007
-2.59306e+007
-2.57262e+007
-2.6003e+007
-2.66901e+007
-2.76263e+007
-2.88857e+007
-3.0544e+007
-3.26205e+007
-3.51222e+007
-3.80507e+007
-4.14011e+007
-4.51636e+007
-4.93277e+007
-5.38723e+007
-5.87725e+007
-6.39889e+007
-6.94232e+007
-7.49535e+007
-8.06075e+007
-8.64808e+007
-9.24817e+007
-9.847e+007
-1.04358e+008
-1.10068e+008
-1.15516e+008
-1.20642e+008
-1.2563e+008
-1.3058e+008
-1.3479e+008
-1.37797e+008
-1.39723e+008
-1.39966e+008
-1.39154e+008
-1.37748e+008
-1.3515e+008
-1.31149e+008
-1.25652e+008
-1.18575e+008
-1.09854e+008
-9.94552e+007
-8.73478e+007
-7.35194e+007
-5.80256e+007
-4.09002e+007
-2.2354e+007
-2.96511e+006
1.72941e+007
3.89121e+007
6.15994e+007
8.47915e+007
1.08138e+008
1.31315e+008
1.53968e+008
1.75727e+008
1.96224e+008
2.15144e+008
2.32881e+008
2.50104e+008
2.64318e+008
2.73553e+008
2.78879e+008
2.77783e+008
2.72414e+008
2.6489e+008
2.53269e+008
2.36963e+008
2.15877e+008
1.89997e+008
1.59399e+008
1.2424e+008
8.47599e+007
4.12249e+007
-5.95659e+006
-5.63641e+007
-1.093e+008
-1.63384e+008
-2.17464e+008
-2.72114e+008
-3.27639e+008
-3.82767e+008
-4.36167e+008
-4.86976e+008
-5.34426e+008
-5.7778e+008
-6.16389e+008
-6.49748e+008
-6.78952e+008
-7.06875e+008
-7.27843e+008
-7.36313e+008
-7.35707e+008
-7.21452e+008
-6.98741e+008
-6.73128e+008
-6.41173e+008
-6.01533e+008
-5.54355e+008
-4.99958e+008
-4.38809e+008
-3.71538e+008
-2.98907e+008
-2.21471e+008
-1.40639e+008
-5.96203e+007
2.0685e+007
1.02224e+008
1.84419e+008
2.64561e+008
3.4058e+008
4.11147e+008
4.75016e+008
5.31068e+008
5.78389e+008
6.16295e+008
6.45152e+008
6.69243e+008
6.84573e+008
6.84167e+008
6.71585e+008
6.46172e+008
6.10846e+008
5.73125e+008
5.34002e+008
4.91663e+008
4.467e+008
3.9976e+008
3.51019e+008
2.99817e+008
2.4497e+008
1.8712e+008
1.08536e+008
4.78355e+007
-4.87637e+007
-4.8806e+007
-4.8838e+007
-4.88379e+007
-4.87841e+007
-4.86785e+007
-4.85282e+007
-4.8349e+007
-4.81553e+007
-4.79603e+007
-4.77746e+007
-4.7604e+007
-4.7456e+007
-4.73376e+007
-4.72598e+007
-4.72324e+007
-4.72594e+007
-4.73436e+007
-4.74882e+007
-4.76945e+007
-4.7963e+007
-4.8293e+007
-4.86834e+007
-4.91316e+007
-4.96336e+007
-5.01855e+007
-5.07792e+007
-5.14085e+007
-5.20714e+007
-5.27558e+007
-5.34493e+007
-5.4145e+007
-5.48338e+007
-5.55058e+007
-5.61504e+007
-5.67561e+007
-5.73121e+007
-5.78043e+007
-5.82181e+007
-5.85516e+007
-5.88045e+007
-5.89664e+007
-5.90251e+007
-5.89493e+007
-5.87247e+007
-5.83522e+007
-5.78212e+007
-5.71252e+007
-5.62586e+007
-5.5218e+007
-5.40024e+007
-5.2612e+007
-5.10485e+007
-4.93186e+007
-4.7432e+007
-4.54023e+007
-4.32539e+007
-4.10023e+007
-3.8662e+007
-3.62783e+007
-3.38928e+007
-3.15348e+007
-2.92423e+007
-2.70564e+007
-2.5022e+007
-2.3174e+007
-2.15894e+007
-2.0297e+007
-1.92704e+007
-1.85493e+007
-1.81682e+007
-1.82209e+007
-1.87729e+007
-1.98311e+007
-2.14184e+007
-2.35555e+007
-2.6257e+007
-2.95326e+007
-3.33848e+007
-3.78119e+007
-4.2812e+007
-4.83727e+007
-5.4473e+007
-6.10709e+007
-6.81027e+007
-7.55486e+007
-8.33706e+007
-9.14407e+007
-9.96563e+007
-1.07945e+008
-1.16207e+008
-1.2433e+008
-1.3219e+008
-1.39656e+008
-1.46576e+008
-1.52744e+008
-1.58126e+008
-1.62733e+008
-1.66415e+008
-1.69043e+008
-1.70191e+008
-1.69634e+008
-1.6737e+008
-1.63229e+008
-1.57091e+008
-1.4885e+008
-1.38428e+008
-1.25772e+008
-1.10833e+008
-9.3586e+007
-7.40784e+007
-5.23746e+007
-2.86985e+007
-3.20527e+006
2.4105e+007
5.28085e+007
8.24466e+007
1.12775e+008
1.43435e+008
1.74034e+008
2.04137e+008
2.33281e+008
2.60964e+008
2.86678e+008
3.09918e+008
3.29962e+008
3.46587e+008
3.59959e+008
3.69725e+008
3.75527e+008
3.76026e+008
3.70639e+008
3.5953e+008
3.42379e+008
3.19049e+008
2.89475e+008
2.53674e+008
2.11763e+008
1.63933e+008
1.1041e+008
5.15477e+007
-1.21897e+007
-8.00052e+007
-1.50997e+008
-2.24808e+008
-3.00516e+008
-3.76605e+008
-4.52014e+008
-5.25833e+008
-5.97015e+008
-6.64492e+008
-7.27183e+008
-7.84016e+008
-8.33961e+008
-8.76223e+008
-9.09045e+008
-9.32482e+008
-9.47746e+008
-9.54039e+008
-9.51318e+008
-9.3711e+008
-9.10389e+008
-8.72254e+008
-8.22627e+008
-7.61827e+008
-6.90337e+008
-6.08816e+008
-5.18122e+008
-4.1912e+008
-3.12682e+008
-2.00763e+008
-8.51077e+007
3.34115e+007
1.52154e+008
2.68295e+008
3.80172e+008
4.85971e+008
5.83855e+008
6.72075e+008
7.49022e+008
8.1329e+008
8.63721e+008
8.99669e+008
9.20135e+008
9.2544e+008
9.17643e+008
8.97982e+008
8.674e+008
8.25982e+008
7.74505e+008
7.15273e+008
6.50713e+008
5.82977e+008
5.1401e+008
4.45209e+008
3.77133e+008
3.09387e+008
2.39044e+008
1.61841e+008
8.23679e+007
)
;

boundaryField
{
    walls
    {
        type            zeroGradient;
    }
    inlet
    {
        type            zeroGradient;
    }
    outlet
    {
        type            fixedValue;
        value           uniform 0;
    }
    frontAndBack
    {
        type            empty;
    }
}


// ************************************************************************* //
