/*--------------------------------*- C++ -*----------------------------------*\
| =========                 |                                                 |
| \\      /  F ield         | OpenFOAM: The Open Source CFD Toolbox           |
|  \\    /   O peration     | Version:  5.x                                   |
|   \\  /    A nd           | Web:      www.OpenFOAM.org                      |
|    \\/     M anipulation  |                                                 |
\*---------------------------------------------------------------------------*/
/*   Windows 32 and 64 bit porting by blueCAPE: http://www.bluecape.com.pt   *\
|  Based on Windows porting (2.0.x v4) by Symscape: http://www.symscape.com   |
\*---------------------------------------------------------------------------*/
FoamFile
{
    version     2.0;
    format      ascii;
    class       volScalarField;
    location    "1000";
    object      p;
}
// * * * * * * * * * * * * * * * * * * * * * * * * * * * * * * * * * * * * * //

dimensions      [0 2 -2 0 0 0 0];

internalField   nonuniform List<scalar> 
4000
(
0.0140081
0.00853732
0.00581551
0.00428913
0.00304542
0.00203003
0.00119784
0.00049639
-0.000127478
-0.000690664
-0.00119543
-0.00165004
-0.0020672
-0.00244873
-0.00279752
-0.00311871
-0.00341591
-0.0036925
-0.00395187
-0.00419564
-0.00442403
-0.00463838
-0.0048402
-0.0050303
-0.00520985
-0.00538037
-0.00554296
-0.00569894
-0.00584975
-0.00599595
-0.00613759
-0.0062755
-0.00641025
-0.00654164
-0.00666982
-0.00679486
-0.00691622
-0.00703423
-0.00715
-0.00726367
-0.00737515
-0.00748468
-0.0075906
-0.00768928
-0.00777794
-0.00785703
-0.00792926
-0.00799742
-0.00806308
-0.00812647
-0.00818737
-0.00824545
-0.00829991
-0.00835056
-0.00839874
-0.00844445
-0.00848631
-0.00852373
-0.00855738
-0.00858835
-0.00861834
-0.00864899
-0.00868143
-0.00871533
-0.00874968
-0.00878378
-0.0088173
-0.00885059
-0.00888426
-0.00891832
-0.00895221
-0.00898553
-0.00901813
-0.00905036
-0.00908331
-0.00911793
-0.00915456
-0.00919275
-0.0092316
-0.00926983
-0.00930676
-0.00934197
-0.00937496
-0.00940509
-0.0094271
-0.00944763
-0.00948047
-0.00952257
-0.00956834
-0.00961647
-0.00966679
-0.0097189
-0.00977246
-0.00982698
-0.00988199
-0.0099372
-0.00999269
-0.0100485
-0.0101048
-0.0101615
-0.0102187
-0.0102762
-0.0103341
-0.0103922
-0.0104504
-0.0105087
-0.0105672
-0.0106252
-0.0106825
-0.0107391
-0.0107949
-0.0108497
-0.0109034
-0.0109558
-0.0110068
-0.0110563
-0.0111042
-0.0111503
-0.0111945
-0.0112367
-0.0112766
-0.0113142
-0.011349
-0.0113811
-0.0114101
-0.0114359
-0.0114584
-0.0114781
-0.0114944
-0.0115075
-0.011517
-0.0115235
-0.0115258
-0.0115228
-0.0115141
-0.0115006
-0.0114822
-0.0114592
-0.0114314
-0.0113987
-0.0113606
-0.0113174
-0.0112688
-0.0112149
-0.0111553
-0.0110897
-0.0110179
-0.0109401
-0.0108565
-0.0107677
-0.0106733
-0.0105734
-0.0104674
-0.0103559
-0.010239
-0.0101172
-0.00999001
-0.00985694
-0.0097176
-0.00957246
-0.0094217
-0.00926604
-0.00910592
-0.00894226
-0.00877486
-0.00860338
-0.00842715
-0.00824648
-0.00806181
-0.00787378
-0.00768218
-0.00748763
-0.00729001
-0.0070896
-0.00688644
-0.00668155
-0.00647372
-0.00626102
-0.00604305
-0.00582024
-0.00559269
-0.00536064
-0.00512336
-0.00488097
-0.00463307
-0.00437974
-0.00412092
-0.00385794
-0.00359101
-0.0033209
-0.00304789
-0.0027714
-0.00248975
-0.00220379
-0.00191126
-0.00161717
-0.00130253
-0.00101915
-0.000606127
-0.000577898
0.00623265
0.00564724
0.00473157
0.00380281
0.00289788
0.00208666
0.00138068
0.000747589
0.000151689
-0.000402497
-0.000904874
-0.00136224
-0.00178945
-0.00217945
-0.00253771
-0.00287092
-0.00318184
-0.00347263
-0.00374566
-0.00400132
-0.0042384
-0.00445906
-0.00466567
-0.00486068
-0.00504518
-0.00521879
-0.00538179
-0.00553654
-0.00568633
-0.00583298
-0.00597804
-0.00612001
-0.00625636
-0.00638736
-0.00651348
-0.00663527
-0.00675263
-0.00686977
-0.00698779
-0.00710247
-0.00721353
-0.00732279
-0.00742992
-0.00753072
-0.00762174
-0.00770186
-0.0077724
-0.00783723
-0.00789999
-0.00796222
-0.00802421
-0.00808614
-0.00814729
-0.00820658
-0.00826312
-0.00831363
-0.00835456
-0.00838548
-0.00841048
-0.00843347
-0.00845842
-0.00848933
-0.00852492
-0.00856191
-0.00859962
-0.00863783
-0.00867613
-0.00871405
-0.00875129
-0.0087879
-0.0088242
-0.00886044
-0.00889693
-0.00893381
-0.00897095
-0.00900814
-0.00904539
-0.00908261
-0.00911946
-0.00915582
-0.00919215
-0.00922883
-0.00926632
-0.00930508
-0.00934839
-0.00939442
-0.00943788
-0.00948057
-0.00952445
-0.00956992
-0.0096172
-0.00966648
-0.00971747
-0.00976947
-0.00982192
-0.00987484
-0.0099285
-0.009983
-0.0100383
-0.0100943
-0.0101508
-0.0102079
-0.0102654
-0.0103231
-0.010381
-0.0104393
-0.010498
-0.010556
-0.0106133
-0.0106702
-0.0107265
-0.0107819
-0.0108362
-0.0108892
-0.0109408
-0.0109909
-0.0110392
-0.0110858
-0.0111304
-0.0111729
-0.011213
-0.0112506
-0.0112854
-0.0113173
-0.0113461
-0.0113717
-0.011394
-0.0114137
-0.0114302
-0.0114427
-0.0114513
-0.0114567
-0.0114573
-0.0114518
-0.0114412
-0.0114265
-0.0114073
-0.0113834
-0.0113543
-0.01132
-0.0112803
-0.0112357
-0.0111856
-0.0111301
-0.0110687
-0.0110013
-0.0109275
-0.0108478
-0.0107627
-0.0106728
-0.0105775
-0.0104765
-0.0103695
-0.0102569
-0.010139
-0.0100164
-0.00988807
-0.00975353
-0.00961279
-0.00946635
-0.00931446
-0.00915761
-0.0089964
-0.00883175
-0.00866343
-0.00849082
-0.00831325
-0.00813079
-0.00794362
-0.00775212
-0.00755758
-0.00736155
-0.00716403
-0.00696451
-0.00676329
-0.00656165
-0.00635739
-0.00614699
-0.00592981
-0.00570699
-0.00547935
-0.00524788
-0.00501252
-0.00477278
-0.00452852
-0.00428033
-0.00402838
-0.00377311
-0.00351546
-0.00325563
-0.0029919
-0.00272316
-0.00244844
-0.00216895
-0.00187991
-0.00159053
-0.00127031
-0.000994169
-0.000539887
-0.000512565
0.00373666
0.0043196
0.00370921
0.00302211
0.00234495
0.00168481
0.00107724
0.000509419
-1.6479e-005
-0.000522226
-0.000970261
-0.00138059
-0.00177461
-0.00213123
-0.00245892
-0.00276693
-0.0030563
-0.00332933
-0.00359069
-0.00383559
-0.00406073
-0.00427146
-0.00446995
-0.00465738
-0.00483475
-0.00500285
-0.00516292
-0.00531721
-0.00546619
-0.00560955
-0.00574845
-0.00588327
-0.00601392
-0.00614071
-0.00626395
-0.00638386
-0.00650135
-0.00661283
-0.00671732
-0.00681983
-0.00692084
-0.00701827
-0.00711165
-0.0072039
-0.00729725
-0.00739166
-0.00748425
-0.00757062
-0.00764897
-0.00772
-0.00778319
-0.00783676
-0.00787516
-0.00790736
-0.00794748
-0.00799315
-0.00804178
-0.00809221
-0.00814208
-0.00818956
-0.00823313
-0.008272
-0.00830762
-0.00834274
-0.00837909
-0.00841667
-0.0084549
-0.0084932
-0.00853123
-0.00856895
-0.00860658
-0.0086442
-0.00868203
-0.00872024
-0.00875889
-0.00879784
-0.00883737
-0.00887758
-0.00891724
-0.00895572
-0.00899411
-0.00903301
-0.00907296
-0.00911407
-0.00916031
-0.00920915
-0.00925387
-0.0092975
-0.0093427
-0.0093897
-0.00943887
-0.00949065
-0.0095447
-0.00959941
-0.00965351
-0.00970741
-0.00976182
-0.00981686
-0.00987257
-0.00992889
-0.00998567
-0.0100428
-0.0101001
-0.0101577
-0.0102149
-0.0102732
-0.0103329
-0.0103907
-0.0104479
-0.0105048
-0.0105608
-0.0106159
-0.0106697
-0.0107222
-0.0107733
-0.010823
-0.0108711
-0.0109176
-0.0109622
-0.0110048
-0.0110451
-0.0110829
-0.0111179
-0.01115
-0.0111789
-0.0112043
-0.0112271
-0.0112478
-0.011265
-0.0112772
-0.0112854
-0.0112936
-0.0112968
-0.0112908
-0.0112806
-0.0112664
-0.0112474
-0.0112235
-0.0111945
-0.0111601
-0.0111208
-0.0110769
-0.0110278
-0.0109735
-0.0109129
-0.0108457
-0.0107719
-0.010692
-0.0106074
-0.0105185
-0.0104243
-0.0103242
-0.0102179
-0.0101059
-0.00998915
-0.00986816
-0.00974109
-0.0096069
-0.00946637
-0.00932009
-0.00916834
-0.00901154
-0.00885071
-0.00868724
-0.00852024
-0.00834848
-0.00817108
-0.00798817
-0.00780021
-0.00760755
-0.00741236
-0.00721691
-0.00701977
-0.00681991
-0.00661739
-0.00641143
-0.00620104
-0.00598599
-0.0057665
-0.00554274
-0.00531534
-0.00508545
-0.00485252
-0.00461541
-0.00437423
-0.00412979
-0.00388229
-0.00363293
-0.00338372
-0.00313435
-0.00288092
-0.00262125
-0.00235421
-0.00208418
-0.00180319
-0.0015277
-0.00121512
-0.000963656
-0.000546511
-0.000500661
0.00135408
0.00207406
0.00205188
0.00181599
0.00145729
0.00103461
0.000572739
0.000105574
-0.000305848
-0.000686534
-0.00103317
-0.00138007
-0.00169831
-0.00199266
-0.00228057
-0.00255771
-0.00282203
-0.00307071
-0.003306
-0.00352061
-0.00371779
-0.00390545
-0.00408414
-0.00425368
-0.0044149
-0.0045696
-0.00471982
-0.00486681
-0.00500833
-0.00514274
-0.00527005
-0.00539215
-0.00551112
-0.00562703
-0.00573994
-0.00584969
-0.00595766
-0.00605951
-0.00615397
-0.00624571
-0.00633519
-0.00641979
-0.00650002
-0.00658084
-0.00666548
-0.00675466
-0.00684615
-0.00693516
-0.00701765
-0.00709263
-0.00715988
-0.00722045
-0.00727531
-0.00732525
-0.00737258
-0.00742357
-0.00748067
-0.00754393
-0.007609
-0.0076718
-0.00772862
-0.00777651
-0.00781843
-0.00786094
-0.00790642
-0.0079527
-0.00799789
-0.00804173
-0.00808464
-0.00812675
-0.00816796
-0.00820816
-0.00824758
-0.0082867
-0.00832622
-0.00836643
-0.00840911
-0.00845415
-0.00849616
-0.00853392
-0.00857161
-0.00861061
-0.00865066
-0.00869162
-0.00873476
-0.00877876
-0.0088208
-0.0088618
-0.00890314
-0.00894587
-0.00899187
-0.00904314
-0.00909838
-0.00915197
-0.00920153
-0.00925077
-0.00930181
-0.00935405
-0.00940723
-0.00946126
-0.00951589
-0.00957094
-0.00962605
-0.00968107
-0.00973385
-0.00979376
-0.00985656
-0.00991184
-0.00996682
-0.010023
-0.0100788
-0.0101336
-0.0101872
-0.0102397
-0.0102911
-0.0103412
-0.0103901
-0.0104378
-0.010484
-0.0105285
-0.0105709
-0.0106109
-0.0106481
-0.0106825
-0.0107136
-0.0107405
-0.0107656
-0.0107903
-0.0108109
-0.0108223
-0.0108331
-0.0108587
-0.0108714
-0.0108631
-0.0108553
-0.0108455
-0.0108312
-0.0108116
-0.0107871
-0.0107564
-0.0107215
-0.0106828
-0.0106393
-0.0105921
-0.0105383
-0.0104767
-0.0104078
-0.0103323
-0.0102535
-0.0101714
-0.0100839
-0.00998993
-0.00988951
-0.00978349
-0.00967346
-0.00956028
-0.00944018
-0.00931121
-0.00917563
-0.00903366
-0.00888612
-0.00873332
-0.00857687
-0.00841971
-0.00825877
-0.00809216
-0.00791834
-0.00773782
-0.0075523
-0.007361
-0.00716768
-0.00697685
-0.00678449
-0.00658898
-0.00639241
-0.00619511
-0.00599262
-0.00578023
-0.00556047
-0.00533582
-0.00510843
-0.00488039
-0.00464962
-0.00441452
-0.00417621
-0.00393523
-0.00369154
-0.00344785
-0.00320709
-0.00296794
-0.0027244
-0.00247342
-0.00221566
-0.00195732
-0.00169247
-0.00143234
-0.001146
-0.000904437
-0.000536906
-0.000492908
0.00039692
0.000819054
0.000853101
0.000743467
0.00052924
0.000251866
-5.80683e-005
-0.00038246
-0.000689206
-0.000968336
-0.00126114
-0.00157101
-0.00183212
-0.00207677
-0.00232308
-0.00255482
-0.0027714
-0.00297424
-0.00315411
-0.0033182
-0.00348295
-0.00364598
-0.00380417
-0.00395662
-0.00410396
-0.00424814
-0.00439143
-0.00453021
-0.00466084
-0.00478471
-0.00490233
-0.00501527
-0.00512518
-0.00523219
-0.00533625
-0.00543723
-0.00553528
-0.00563141
-0.00572568
-0.00581628
-0.0059032
-0.00598655
-0.00606749
-0.00614719
-0.0062259
-0.00630277
-0.00637766
-0.00645094
-0.00652178
-0.00658932
-0.00665414
-0.00671875
-0.00679088
-0.00686221
-0.00692109
-0.00697389
-0.00702441
-0.0070738
-0.0071215
-0.00716731
-0.0072107
-0.00725126
-0.00728965
-0.00732677
-0.00736354
-0.00740074
-0.00743769
-0.00747349
-0.00750792
-0.00754144
-0.00757442
-0.00760712
-0.00763977
-0.00767252
-0.00770559
-0.0077389
-0.0077718
-0.0078046
-0.00783769
-0.00787035
-0.00790272
-0.00793586
-0.00796989
-0.00800477
-0.00804142
-0.00807968
-0.00811811
-0.00815684
-0.00819695
-0.00823898
-0.00828276
-0.00832792
-0.00837508
-0.00842441
-0.00847354
-0.00852042
-0.0085672
-0.00861604
-0.00866632
-0.00871768
-0.00876977
-0.00882256
-0.00887607
-0.00893134
-0.00898589
-0.00903862
-0.00909038
-0.00914648
-0.00920214
-0.0092574
-0.00931231
-0.00936582
-0.00941779
-0.00946892
-0.00951927
-0.00956841
-0.00961677
-0.00966485
-0.00971225
-0.00975833
-0.00980306
-0.00984615
-0.00988598
-0.00992334
-0.00995571
-0.00998076
-0.0100113
-0.0100487
-0.0100786
-0.0101003
-0.0101181
-0.0101331
-0.0101427
-0.0101466
-0.0101445
-0.0101444
-0.010138
-0.0101251
-0.0101065
-0.0100778
-0.0100492
-0.0100192
-0.00998606
-0.00995334
-0.00990974
-0.00985511
-0.00978978
-0.00971746
-0.00964829
-0.0095784
-0.00950083
-0.00941609
-0.00932532
-0.00922854
-0.00913023
-0.0090338
-0.00892647
-0.0088055
-0.00867875
-0.00854334
-0.00840187
-0.00825106
-0.00809953
-0.00795692
-0.00781203
-0.00765889
-0.00749142
-0.00731276
-0.00712702
-0.00692673
-0.00673142
-0.00655143
-0.00636474
-0.00617132
-0.00598608
-0.00581431
-0.0056268
-0.00540884
-0.00518313
-0.00495703
-0.00473115
-0.00450835
-0.00428236
-0.00405034
-0.00381578
-0.00358017
-0.00334305
-0.00310904
-0.00288409
-0.00266376
-0.00243768
-0.00220203
-0.00196159
-0.00172587
-0.00149104
-0.00126294
-0.00101901
-0.000809768
-0.000503877
-0.000492383
-0.000293723
-4.6121e-005
-1.76091e-005
-8.15109e-005
-0.000220319
-0.000411138
-0.000632849
-0.000871153
-0.00110886
-0.00133896
-0.00156926
-0.00179789
-0.0020134
-0.00221695
-0.00241888
-0.00261279
-0.00279276
-0.00296744
-0.00313295
-0.00329221
-0.00344774
-0.0035989
-0.00374542
-0.00388734
-0.00402502
-0.00415892
-0.00428948
-0.00441586
-0.0045375
-0.00465465
-0.0047674
-0.00487644
-0.00498241
-0.00508544
-0.00518561
-0.00528306
-0.00537809
-0.00547159
-0.00556274
-0.00565026
-0.00573451
-0.00581596
-0.00589447
-0.00597013
-0.00604388
-0.00611614
-0.00618755
-0.00625856
-0.00632863
-0.00639703
-0.00646382
-0.00652913
-0.00659384
-0.00665355
-0.00670607
-0.0067539
-0.00679874
-0.00684216
-0.00688535
-0.00692962
-0.00697494
-0.00702025
-0.00706418
-0.00710357
-0.00713754
-0.00716942
-0.00720171
-0.00723445
-0.00726685
-0.0072987
-0.00733055
-0.00736287
-0.00739576
-0.00742893
-0.00746181
-0.00749412
-0.00752325
-0.00754958
-0.00757997
-0.00761517
-0.00765018
-0.00768443
-0.00771868
-0.00775321
-0.00778856
-0.00782542
-0.00786397
-0.00790407
-0.00794569
-0.0079882
-0.00802969
-0.00806753
-0.00810318
-0.00814325
-0.00818959
-0.00823662
-0.00828235
-0.00832854
-0.00837585
-0.0084241
-0.00847305
-0.0085227
-0.00857295
-0.00862481
-0.00867971
-0.00872659
-0.00877052
-0.00882359
-0.00887736
-0.00893028
-0.00898199
-0.00903229
-0.00908178
-0.00913075
-0.00917949
-0.00922778
-0.009275
-0.00932114
-0.00936675
-0.00941138
-0.00945487
-0.00949693
-0.00953633
-0.00957442
-0.00961317
-0.00964731
-0.00967437
-0.00970122
-0.00972967
-0.00975693
-0.00977244
-0.0097673
-0.00976986
-0.00978319
-0.00978496
-0.00978317
-0.00977639
-0.00976666
-0.00975335
-0.00973168
-0.00970392
-0.00967106
-0.009627
-0.0095741
-0.00952637
-0.00947387
-0.00940796
-0.0093347
-0.00926025
-0.00918831
-0.00911057
-0.00902167
-0.00892498
-0.00882591
-0.00873387
-0.00863904
-0.00852459
-0.00839872
-0.00826867
-0.00813044
-0.00798578
-0.00783571
-0.00768654
-0.00754209
-0.00738906
-0.00722074
-0.00704273
-0.00685559
-0.00666403
-0.00646808
-0.00626484
-0.00606491
-0.00587414
-0.00568112
-0.00548891
-0.00530667
-0.00512988
-0.00495019
-0.00474453
-0.00450999
-0.00428362
-0.00407329
-0.00384806
-0.0036022
-0.00335558
-0.00311204
-0.00286648
-0.00263914
-0.00244458
-0.00225376
-0.00203988
-0.00180064
-0.00156459
-0.00136084
-0.00117906
-0.00100799
-0.000825446
-0.000661152
-0.0003971
-0.000464742
-0.000811501
-0.000655111
-0.000635544
-0.000682601
-0.00078391
-0.000925937
-0.00109409
-0.001278
-0.00146718
-0.0016561
-0.00184663
-0.00203794
-0.00222248
-0.00240052
-0.00257538
-0.0027458
-0.002907
-0.00306297
-0.00321307
-0.00335795
-0.00349935
-0.00363758
-0.00377262
-0.00390444
-0.00403319
-0.00415904
-0.00428216
-0.00440213
-0.00451843
-0.00463108
-0.00474013
-0.00484594
-0.00494886
-0.00504908
-0.00514673
-0.00524198
-0.00533501
-0.00542608
-0.00551459
-0.00559998
-0.00568241
-0.00576203
-0.00583873
-0.00591282
-0.00598507
-0.00605592
-0.00612585
-0.00619506
-0.00626328
-0.00633016
-0.00639572
-0.00645986
-0.00652282
-0.00658275
-0.00663815
-0.0066898
-0.00673874
-0.00678611
-0.00683284
-0.00687931
-0.00692516
-0.00696958
-0.00701171
-0.00705064
-0.00708642
-0.00712036
-0.00715393
-0.00718787
-0.00722222
-0.00725661
-0.00729102
-0.00732551
-0.00735997
-0.00739424
-0.00742797
-0.00746096
-0.0074929
-0.00752438
-0.0075581
-0.00759426
-0.00763056
-0.00766646
-0.00770234
-0.00773848
-0.00777523
-0.00781304
-0.00785188
-0.00789141
-0.00793136
-0.00797117
-0.0080102
-0.00804804
-0.00808547
-0.00812513
-0.00816898
-0.00821609
-0.00826394
-0.00831135
-0.00835888
-0.00840673
-0.00845511
-0.00850393
-0.00855312
-0.00860271
-0.00865337
-0.00870264
-0.00875338
-0.00880429
-0.00885356
-0.0089031
-0.00895288
-0.00900299
-0.00905318
-0.00910282
-0.00915199
-0.00920107
-0.00924878
-0.00929402
-0.00933754
-0.00937978
-0.00942071
-0.00946059
-0.00949962
-0.00953635
-0.00957524
-0.00961587
-0.00964254
-0.00965759
-0.00967792
-0.00970021
-0.00971181
-0.00971433
-0.00972373
-0.00973464
-0.00973751
-0.00973378
-0.00972549
-0.0097134
-0.00970072
-0.00968601
-0.00965635
-0.00961969
-0.00957522
-0.00951084
-0.00944325
-0.00938536
-0.00933434
-0.0092772
-0.00920777
-0.00912672
-0.0090402
-0.00894914
-0.00885436
-0.00875697
-0.00865895
-0.0085488
-0.00841999
-0.00828362
-0.00814471
-0.00800521
-0.00786053
-0.00771501
-0.0075615
-0.00739217
-0.00721556
-0.00703377
-0.00685039
-0.00666359
-0.00647322
-0.00628992
-0.00610352
-0.00590587
-0.00571205
-0.00551935
-0.0053145
-0.00509508
-0.00488365
-0.00469982
-0.00451627
-0.00429544
-0.00405355
-0.00382503
-0.00359513
-0.00334673
-0.0030972
-0.00284427
-0.00258756
-0.00235538
-0.00216435
-0.00199319
-0.00181124
-0.00161048
-0.00141489
-0.00123914
-0.00105831
-0.000887574
-0.00073228
-0.000601662
-0.000378679
-0.000503326
-0.00126524
-0.00116378
-0.00115108
-0.00118592
-0.00126096
-0.00136832
-0.00149813
-0.00164288
-0.00179555
-0.00195172
-0.00211058
-0.00227081
-0.00242855
-0.00258327
-0.0027361
-0.00288607
-0.00303089
-0.00317124
-0.00330784
-0.00344148
-0.00357286
-0.00370168
-0.00382797
-0.00395176
-0.00407307
-0.00419196
-0.00430844
-0.00442229
-0.00453329
-0.00464139
-0.00474661
-0.0048491
-0.00494905
-0.00504658
-0.0051418
-0.00523482
-0.00532572
-0.00541456
-0.00550104
-0.0055849
-0.00566614
-0.0057448
-0.00582087
-0.00589462
-0.00596651
-0.00603687
-0.00610599
-0.006174
-0.00624078
-0.00630613
-0.00636996
-0.00643207
-0.00649234
-0.00654988
-0.0066041
-0.00665541
-0.00670437
-0.00675171
-0.00679803
-0.00684358
-0.00688819
-0.00693134
-0.00697242
-0.0070111
-0.00704765
-0.00708292
-0.00711772
-0.00715242
-0.0071871
-0.0072217
-0.00725619
-0.00729053
-0.00732469
-0.00735858
-0.00739203
-0.00742505
-0.00745798
-0.00749119
-0.00752537
-0.00756054
-0.00759619
-0.00763195
-0.00766793
-0.00770424
-0.00774108
-0.00777869
-0.00781703
-0.00785595
-0.00789522
-0.00793454
-0.00797377
-0.00801309
-0.00805314
-0.00809529
-0.00814046
-0.00818769
-0.00823514
-0.00828245
-0.00832997
-0.00837789
-0.00842635
-0.00847522
-0.00852452
-0.00857433
-0.008625
-0.00867535
-0.00872555
-0.0087755
-0.00882512
-0.00887492
-0.00892536
-0.0089765
-0.00902735
-0.00907737
-0.00912652
-0.00917492
-0.00922226
-0.00926795
-0.00931166
-0.00935366
-0.00939433
-0.00943456
-0.00947452
-0.00951284
-0.00955005
-0.00958447
-0.00961104
-0.00963358
-0.00965709
-0.00967776
-0.00969215
-0.00970152
-0.00971102
-0.00971682
-0.0097171
-0.009716
-0.00971247
-0.00970037
-0.00968444
-0.00966662
-0.00963644
-0.00959813
-0.00955851
-0.00951625
-0.0094592
-0.00939839
-0.00934312
-0.00928497
-0.00921679
-0.00913906
-0.0090525
-0.00895771
-0.00885501
-0.0087428
-0.00863006
-0.00851666
-0.00839181
-0.00825524
-0.00811351
-0.00797118
-0.00782299
-0.00767102
-0.00751109
-0.00733423
-0.00715047
-0.00696959
-0.00679258
-0.00661512
-0.00643544
-0.00625117
-0.00606043
-0.00587098
-0.0056856
-0.00548979
-0.00527436
-0.00504664
-0.00481485
-0.00458022
-0.00436395
-0.00416544
-0.0039395
-0.00369604
-0.00346865
-0.00325117
-0.00303254
-0.00280413
-0.00257179
-0.00234717
-0.00214274
-0.00196719
-0.00180352
-0.00163888
-0.00146876
-0.00128391
-0.00108155
-0.000890585
-0.000717256
-0.000587085
-0.000412763
-0.000589339
-0.00167822
-0.00161448
-0.00160886
-0.00163636
-0.00169312
-0.00177455
-0.00187431
-0.00198731
-0.00210895
-0.00223595
-0.00236692
-0.0025005
-0.00263434
-0.00276764
-0.00290046
-0.00303212
-0.00316135
-0.00328821
-0.00341237
-0.00353442
-0.00365518
-0.00377467
-0.0038924
-0.00400836
-0.00412254
-0.00423489
-0.00434535
-0.00445374
-0.00455991
-0.00466378
-0.00476532
-0.00486457
-0.00496162
-0.00505654
-0.00514939
-0.00524024
-0.00532912
-0.00541604
-0.00550086
-0.00558339
-0.00566362
-0.00574153
-0.00581711
-0.00589053
-0.00596206
-0.00603194
-0.00610038
-0.00616745
-0.0062331
-0.00629722
-0.00635971
-0.00642042
-0.0064792
-0.00653565
-0.00658946
-0.00664082
-0.00669007
-0.00673765
-0.00678392
-0.00682904
-0.00687296
-0.00691545
-0.00695626
-0.00699535
-0.00703284
-0.00706915
-0.00710476
-0.00713997
-0.00717497
-0.00720981
-0.00724447
-0.00727894
-0.00731319
-0.00734719
-0.00738094
-0.00741451
-0.00744812
-0.00748186
-0.00751607
-0.00755111
-0.00758671
-0.00762261
-0.00765881
-0.00769533
-0.00773229
-0.00776983
-0.00780798
-0.00784669
-0.00788584
-0.00792534
-0.00796517
-0.00800547
-0.00804653
-0.00808903
-0.00813345
-0.00817936
-0.00822593
-0.00827294
-0.00832039
-0.00836834
-0.00841683
-0.00846576
-0.00851511
-0.00856482
-0.008615
-0.00866513
-0.00871515
-0.00876517
-0.00881536
-0.008866
-0.00891725
-0.00896846
-0.00901901
-0.0090688
-0.00911782
-0.00916608
-0.00921361
-0.00925998
-0.00930463
-0.00934741
-0.00938905
-0.0094303
-0.00947079
-0.00950981
-0.00954729
-0.0095824
-0.00961253
-0.00963851
-0.00966215
-0.00968191
-0.00969673
-0.0097069
-0.00971465
-0.0097184
-0.0097201
-0.00972105
-0.00971844
-0.00970576
-0.00968627
-0.0096642
-0.00963553
-0.0095986
-0.00955563
-0.00951036
-0.00945805
-0.00939637
-0.00933179
-0.00926868
-0.00919504
-0.00911371
-0.00902763
-0.00893342
-0.00882617
-0.00870239
-0.00857652
-0.00846053
-0.00834511
-0.0082125
-0.00807005
-0.00792449
-0.00777418
-0.00761588
-0.00744861
-0.00727665
-0.00710096
-0.00691859
-0.00673489
-0.00655181
-0.00636925
-0.0061856
-0.00598988
-0.00578513
-0.00558536
-0.00538119
-0.00515893
-0.00492712
-0.004705
-0.00448421
-0.00426128
-0.00405759
-0.00385132
-0.00362362
-0.00340554
-0.00320484
-0.00300012
-0.00279988
-0.00260267
-0.00238958
-0.00217041
-0.00197275
-0.00179164
-0.00160651
-0.00141305
-0.00122034
-0.00104389
-0.000876607
-0.000705553
-0.000578141
-0.000407794
-0.000622291
-0.00206436
-0.00203009
-0.00203181
-0.00205531
-0.00209871
-0.00215951
-0.00223423
-0.00231993
-0.00241389
-0.00251401
-0.00261904
-0.00272785
-0.00283893
-0.0029515
-0.00306518
-0.00317936
-0.00329317
-0.00340639
-0.00351868
-0.00362996
-0.00374043
-0.00385058
-0.00396016
-0.00406867
-0.00417603
-0.00428215
-0.00438691
-0.00449015
-0.00459174
-0.00469155
-0.00478951
-0.00488561
-0.00497984
-0.00507222
-0.00516278
-0.00525156
-0.00533856
-0.00542378
-0.00550713
-0.00558849
-0.00566779
-0.005745
-0.00582004
-0.00589299
-0.00596404
-0.00603336
-0.00610113
-0.0061674
-0.00623211
-0.00629517
-0.00635651
-0.006416
-0.00647352
-0.00652889
-0.00658198
-0.00663291
-0.00668188
-0.00672918
-0.00677504
-0.00681959
-0.00686283
-0.00690469
-0.00694508
-0.00698404
-0.0070217
-0.00705835
-0.00709434
-0.00712989
-0.00716517
-0.00720023
-0.00723507
-0.00726967
-0.00730401
-0.00733808
-0.00737197
-0.0074058
-0.00743973
-0.00747386
-0.00750839
-0.00754356
-0.00757928
-0.00761539
-0.00765181
-0.00768854
-0.00772562
-0.00776318
-0.00780128
-0.00783991
-0.00787904
-0.00791864
-0.00795875
-0.00799949
-0.00804108
-0.00808384
-0.00812798
-0.00817332
-0.00821945
-0.00826621
-0.00831355
-0.00836146
-0.00840997
-0.00845903
-0.00850853
-0.00855834
-0.00860852
-0.00865893
-0.00870951
-0.00876031
-0.0088114
-0.00886278
-0.00891444
-0.00896554
-0.00901585
-0.00906554
-0.00911463
-0.00916338
-0.00921185
-0.00925963
-0.00930581
-0.00934964
-0.00939189
-0.00943348
-0.00947386
-0.00951295
-0.00955064
-0.00958602
-0.00961788
-0.00964631
-0.00967188
-0.00969346
-0.00971049
-0.00972288
-0.00973209
-0.00973689
-0.00973662
-0.00973406
-0.00972935
-0.00971552
-0.00969367
-0.00966889
-0.00964013
-0.00960322
-0.00955965
-0.00951334
-0.00946166
-0.00939533
-0.00932321
-0.00925367
-0.00918207
-0.00910095
-0.00900986
-0.00891029
-0.00879834
-0.00867611
-0.00855358
-0.00843677
-0.00831681
-0.0081833
-0.0080412
-0.00789135
-0.00773561
-0.00757441
-0.0074052
-0.00723074
-0.007053
-0.00687102
-0.00668405
-0.00649327
-0.00629936
-0.00610337
-0.00590352
-0.00569873
-0.00549013
-0.00527878
-0.00505932
-0.00483201
-0.00460976
-0.00439474
-0.00418041
-0.00396955
-0.00376363
-0.00355176
-0.00333921
-0.00313658
-0.00293989
-0.00275216
-0.00256127
-0.00234745
-0.00211908
-0.00190811
-0.00172516
-0.00155041
-0.00136708
-0.00119147
-0.00103219
-0.0008734
-0.000713382
-0.000598103
-0.00042494
-0.000653822
-0.00242988
-0.00242233
-0.00243194
-0.00245368
-0.00248646
-0.00252961
-0.00258213
-0.00264307
-0.00271138
-0.00278612
-0.00286654
-0.0029519
-0.00304119
-0.00313371
-0.00322896
-0.00332632
-0.00342511
-0.00352492
-0.00362532
-0.00372605
-0.00382692
-0.00392794
-0.00402938
-0.00413069
-0.00423149
-0.00433165
-0.004431
-0.00452938
-0.00462664
-0.00472262
-0.00481719
-0.00491026
-0.00500179
-0.00509173
-0.0051801
-0.00526689
-0.00535214
-0.00543584
-0.00551791
-0.00559824
-0.00567677
-0.00575338
-0.0058279
-0.00590032
-0.00597077
-0.00603945
-0.00610656
-0.00617213
-0.00623604
-0.00629822
-0.0063586
-0.00641707
-0.00647357
-0.00652802
-0.00658039
-0.00663078
-0.00667932
-0.00672621
-0.0067716
-0.00681561
-0.00685827
-0.0068996
-0.00693959
-0.00697833
-0.00701598
-0.00705277
-0.00708899
-0.00712481
-0.00716036
-0.00719568
-0.00723075
-0.00726551
-0.00729995
-0.00733407
-0.00736804
-0.00740205
-0.00743621
-0.00747059
-0.00750533
-0.00754071
-0.00757675
-0.00761325
-0.00765004
-0.00768703
-0.00772426
-0.00776185
-0.00779994
-0.00783857
-0.00787772
-0.0079174
-0.00795768
-0.00799867
-0.00804047
-0.00808325
-0.00812714
-0.00817204
-0.00821775
-0.00826423
-0.00831136
-0.00835908
-0.00840754
-0.00845673
-0.00850637
-0.00855623
-0.00860643
-0.008657
-0.00870786
-0.00875904
-0.00881055
-0.00886231
-0.00891432
-0.00896501
-0.00901474
-0.00906415
-0.00911321
-0.00916239
-0.00921174
-0.00926075
-0.00930791
-0.00935173
-0.0093939
-0.00943669
-0.00947734
-0.00951675
-0.00955627
-0.00959402
-0.00962828
-0.00965912
-0.0096869
-0.00971028
-0.00972993
-0.00974383
-0.00975031
-0.00975116
-0.00974939
-0.00974736
-0.00974103
-0.00972566
-0.00970448
-0.00968244
-0.00965695
-0.00962191
-0.00957817
-0.00953301
-0.00948196
-0.00941293
-0.00933745
-0.00926637
-0.00919247
-0.00910609
-0.00901189
-0.00891104
-0.00879494
-0.00866604
-0.00853886
-0.00841841
-0.00829157
-0.00815393
-0.00800945
-0.00785808
-0.007699
-0.00753373
-0.00736147
-0.00718415
-0.00700273
-0.00681791
-0.00662929
-0.00643667
-0.00623784
-0.00603163
-0.00581949
-0.0056061
-0.00539368
-0.00517936
-0.0049625
-0.0047438
-0.00452408
-0.0043081
-0.00409333
-0.00387703
-0.00366512
-0.00345814
-0.00325262
-0.00304955
-0.00285415
-0.00266675
-0.00247529
-0.00227053
-0.00206132
-0.00186585
-0.00168838
-0.00151992
-0.00134938
-0.00118198
-0.00102234
-0.000873434
-0.000733027
-0.000631838
-0.000456967
-0.000678523
-0.00277906
-0.00280028
-0.00281943
-0.00284059
-0.00286367
-0.00289004
-0.00292125
-0.00295833
-0.00300185
-0.00305196
-0.00310856
-0.00317127
-0.00323948
-0.00331257
-0.00339
-0.00347116
-0.00355538
-0.00364215
-0.00373092
-0.00382128
-0.00391292
-0.00400549
-0.00409907
-0.00419345
-0.00428802
-0.00438251
-0.00447676
-0.00457058
-0.0046638
-0.0047562
-0.00484761
-0.00493786
-0.00502684
-0.00511448
-0.00520077
-0.00528571
-0.00536934
-0.0054517
-0.0055327
-0.00561221
-0.00569023
-0.00576652
-0.00584067
-0.00591257
-0.00598238
-0.00605039
-0.00611693
-0.00618196
-0.00624525
-0.00630673
-0.00636632
-0.00642394
-0.00647957
-0.00653319
-0.00658485
-0.00663461
-0.00668262
-0.00672899
-0.00677387
-0.00681734
-0.00685947
-0.00690029
-0.00693984
-0.00697823
-0.00701562
-0.00705225
-0.00708839
-0.00712422
-0.00715985
-0.00719534
-0.00723056
-0.00726533
-0.00729964
-0.00733354
-0.00736733
-0.00740135
-0.00743553
-0.00746977
-0.00750427
-0.00753952
-0.00757566
-0.00761224
-0.00764897
-0.00768573
-0.00772257
-0.00775969
-0.00779733
-0.00783555
-0.00787439
-0.00791389
-0.00795409
-0.00799508
-0.00803696
-0.00807979
-0.00812357
-0.00816823
-0.00821369
-0.00825997
-0.0083068
-0.00835423
-0.00840258
-0.00845191
-0.00850177
-0.00855173
-0.00860187
-0.00865244
-0.00870354
-0.00875531
-0.00880807
-0.00886253
-0.00891984
-0.00897519
-0.00902607
-0.00907497
-0.00912294
-0.00917085
-0.00921973
-0.00926965
-0.00931915
-0.00936556
-0.00940882
-0.00945256
-0.00949453
-0.00953324
-0.0095716
-0.00960936
-0.00964475
-0.00967719
-0.00970653
-0.00973033
-0.00974998
-0.00976484
-0.00977273
-0.00977706
-0.00977873
-0.00977612
-0.00976779
-0.00975119
-0.00972602
-0.0097009
-0.0096751
-0.00964044
-0.00959943
-0.00955664
-0.00950421
-0.00943332
-0.00936013
-0.00928989
-0.00920989
-0.00911645
-0.00901734
-0.00891422
-0.00880077
-0.00867663
-0.00855177
-0.00842392
-0.00828747
-0.00814401
-0.00799301
-0.00783478
-0.00767039
-0.00750303
-0.00732963
-0.00714876
-0.00696187
-0.00677026
-0.00657338
-0.00637475
-0.00617492
-0.00597213
-0.00576547
-0.00555112
-0.0053294
-0.00510267
-0.0048787
-0.00466194
-0.0044428
-0.00422576
-0.00401097
-0.00379432
-0.00358214
-0.00337417
-0.00316987
-0.00297266
-0.0027777
-0.00258121
-0.00238372
-0.00218428
-0.00199243
-0.0018124
-0.00164179
-0.00147262
-0.00130045
-0.00113601
-0.000984528
-0.000844409
-0.00070273
-0.000586456
-0.000420788
-0.000660341
-0.00311747
-0.00317387
-0.00320494
-0.00322505
-0.00323741
-0.00324565
-0.00325439
-0.0032669
-0.00328528
-0.00331075
-0.0033438
-0.00338438
-0.00343207
-0.00348632
-0.00354658
-0.0036122
-0.00368248
-0.00375678
-0.00383442
-0.00391485
-0.00399765
-0.00408237
-0.00416871
-0.00425658
-0.00434534
-0.00443456
-0.00452408
-0.00461372
-0.00470327
-0.00479247
-0.00488103
-0.00496874
-0.00505541
-0.00514094
-0.00522528
-0.00530848
-0.00539063
-0.0054718
-0.0055519
-0.0056307
-0.00570842
-0.00578463
-0.00585844
-0.00592964
-0.00599852
-0.00606558
-0.00613149
-0.00619607
-0.00625878
-0.0063196
-0.00637841
-0.00643512
-0.00648977
-0.00654243
-0.00659317
-0.00664207
-0.00668925
-0.00673484
-0.00677896
-0.00682168
-0.00686305
-0.00690315
-0.00694202
-0.00697978
-0.00701667
-0.00705313
-0.00708958
-0.00712609
-0.00716243
-0.00719852
-0.00723444
-0.00726998
-0.00730483
-0.00733901
-0.00737275
-0.00740698
-0.00744166
-0.00747642
-0.00751135
-0.00754735
-0.00758476
-0.00762269
-0.00766055
-0.0076982
-0.0077357
-0.00777324
-0.00781111
-0.00784944
-0.00788836
-0.00792789
-0.00796816
-0.00800915
-0.00805103
-0.00809388
-0.00813764
-0.0081822
-0.00822758
-0.00827404
-0.00832104
-0.00836804
-0.00841591
-0.00846512
-0.00851537
-0.00856595
-0.00861669
-0.00866772
-0.00871899
-0.00877037
-0.0088219
-0.00887378
-0.00892891
-0.00898661
-0.00903994
-0.00908891
-0.00913601
-0.00918185
-0.00922908
-0.00927864
-0.00932862
-0.00937592
-0.0094227
-0.00946945
-0.00951385
-0.00955464
-0.00959299
-0.00962925
-0.00966276
-0.00969421
-0.00972266
-0.00974628
-0.00976464
-0.00977931
-0.00979325
-0.00980239
-0.00980749
-0.00981227
-0.00980817
-0.00979214
-0.00977046
-0.009751
-0.00972498
-0.00967998
-0.0096261
-0.00957712
-0.00952735
-0.00946773
-0.00940911
-0.00934202
-0.009249
-0.00913987
-0.00903249
-0.00892982
-0.00881684
-0.00869415
-0.00857457
-0.00844784
-0.00830468
-0.00815093
-0.00799374
-0.00782985
-0.00765868
-0.00748616
-0.00730708
-0.00711783
-0.00692614
-0.00673162
-0.0065201
-0.00630384
-0.00610343
-0.005908
-0.00570553
-0.0054929
-0.00527521
-0.00505062
-0.004828
-0.0046071
-0.00437296
-0.00414625
-0.00393824
-0.00372619
-0.00350963
-0.00329659
-0.00308969
-0.002887
-0.00268877
-0.00249872
-0.00231406
-0.00212443
-0.00193622
-0.00175267
-0.0015744
-0.00141107
-0.00126181
-0.00109917
-0.000918366
-0.000740852
-0.000589243
-0.000501365
-0.000372472
-0.000624663
-0.0034547
-0.00355898
-0.00360574
-0.0036231
-0.00362114
-0.00360706
-0.00358959
-0.00357457
-0.00356573
-0.00356523
-0.00357405
-0.0035923
-0.00361959
-0.00365535
-0.00369894
-0.00374965
-0.00380669
-0.00386924
-0.00393645
-0.00400762
-0.00408225
-0.00415981
-0.00423977
-0.00432186
-0.00440545
-0.00448998
-0.00457534
-0.00466137
-0.00474787
-0.00483444
-0.0049207
-0.00500635
-0.00509112
-0.00517484
-0.0052575
-0.00533919
-0.00542012
-0.00550052
-0.00558022
-0.00565895
-0.00573754
-0.00581521
-0.00588991
-0.00596114
-0.0060295
-0.00609602
-0.00616211
-0.00622717
-0.00629
-0.00635071
-0.00640919
-0.00646536
-0.00651935
-0.00657133
-0.00662154
-0.00667003
-0.00671683
-0.00676209
-0.00680596
-0.00684856
-0.0068898
-0.00692976
-0.00696854
-0.00700614
-0.00704261
-0.00707834
-0.0071143
-0.00715136
-0.00718941
-0.00722738
-0.00726446
-0.00730072
-0.0073361
-0.00737112
-0.00740612
-0.00744144
-0.00747654
-0.0075108
-0.00754437
-0.00757876
-0.0076157
-0.00765399
-0.00769245
-0.00773081
-0.00776915
-0.00780769
-0.00784659
-0.00788589
-0.00792563
-0.00796587
-0.00800669
-0.00804813
-0.0080902
-0.00813309
-0.00817682
-0.00822131
-0.00826653
-0.00831278
-0.00835999
-0.00840709
-0.0084549
-0.00850417
-0.00855426
-0.00860489
-0.0086562
-0.00870805
-0.00875994
-0.00881109
-0.00886044
-0.00891096
-0.00896343
-0.00901735
-0.00906989
-0.00911892
-0.00916909
-0.00921827
-0.00926364
-0.0093091
-0.00935585
-0.00940529
-0.00945711
-0.00950426
-0.00955147
-0.00960643
-0.009653
-0.00968834
-0.00972176
-0.00975185
-0.00978196
-0.00980692
-0.0098208
-0.00983516
-0.0098549
-0.00986844
-0.00987783
-0.00988533
-0.00987588
-0.00986257
-0.00984405
-0.00981196
-0.00977275
-0.00972475
-0.00967881
-0.00963964
-0.00959455
-0.00953622
-0.00947181
-0.0093951
-0.00929471
-0.00918627
-0.00908611
-0.0089902
-0.00886503
-0.00872101
-0.00859379
-0.00846766
-0.00832573
-0.00816795
-0.00800385
-0.007832
-0.00764966
-0.00747692
-0.00729284
-0.00708391
-0.00688863
-0.00669539
-0.0064635
-0.00622646
-0.00601978
-0.00581584
-0.00560547
-0.00539832
-0.00518998
-0.00496592
-0.00473494
-0.00450615
-0.00427267
-0.00404812
-0.00383953
-0.00362776
-0.00340902
-0.0031918
-0.00298044
-0.00278142
-0.00259133
-0.0024057
-0.00221992
-0.00203152
-0.00185477
-0.00168877
-0.00153095
-0.00138052
-0.00120681
-0.000997321
-0.000804449
-0.000670738
-0.000563422
-0.000491163
-0.000337743
-0.000553266
-0.00380878
-0.00398564
-0.00405463
-0.00406551
-0.00404095
-0.00399527
-0.00394331
-0.00389417
-0.00385325
-0.00382346
-0.00380597
-0.00380077
-0.0038072
-0.00382448
-0.00385183
-0.00388837
-0.00393316
-0.00398515
-0.0040431
-0.00410614
-0.00417385
-0.00424554
-0.00432048
-0.00439818
-0.00447786
-0.00455886
-0.00464116
-0.00472466
-0.00480923
-0.00489434
-0.00497936
-0.00506391
-0.00514759
-0.00523018
-0.00531163
-0.00539216
-0.0054722
-0.0055522
-0.00563153
-0.00570936
-0.00578775
-0.00586524
-0.00593872
-0.00600807
-0.00607395
-0.00613795
-0.00620322
-0.00626838
-0.00633075
-0.00639102
-0.00644898
-0.00650454
-0.00655775
-0.00660875
-0.00665774
-0.00670507
-0.00675083
-0.00679517
-0.00683816
-0.00687988
-0.00692027
-0.00695932
-0.00699705
-0.00703326
-0.00706755
-0.00709979
-0.00713132
-0.00716533
-0.007203
-0.00724107
-0.00727691
-0.0073115
-0.00734563
-0.00738
-0.00741494
-0.00744985
-0.00748444
-0.00751854
-0.00755408
-0.0075901
-0.00762546
-0.00766046
-0.00769574
-0.00773178
-0.00776878
-0.00780677
-0.00784555
-0.00788499
-0.007925
-0.00796565
-0.00800691
-0.00804887
-0.00809144
-0.00813471
-0.0081787
-0.00822336
-0.00826881
-0.00831497
-0.00836188
-0.00840978
-0.00845857
-0.00850786
-0.00855715
-0.00860724
-0.00865872
-0.00871163
-0.00876575
-0.0088213
-0.00887874
-0.00894293
-0.00901153
-0.0090687
-0.00911323
-0.00915804
-0.00920762
-0.00925966
-0.00931187
-0.00936674
-0.00942157
-0.00947346
-0.00952238
-0.00957387
-0.00962645
-0.00967371
-0.00971725
-0.00976353
-0.00980792
-0.00984239
-0.0098664
-0.00988726
-0.00991244
-0.00993877
-0.00995654
-0.00996917
-0.00997714
-0.0099753
-0.0099667
-0.00995394
-0.00993258
-0.00990341
-0.00987086
-0.00983641
-0.00980177
-0.00975767
-0.00969637
-0.00962787
-0.00955446
-0.00947477
-0.0093915
-0.00930742
-0.009216
-0.00910745
-0.00898055
-0.00885286
-0.00872379
-0.00858569
-0.00843898
-0.00828418
-0.00811692
-0.0079413
-0.00776039
-0.00757379
-0.00737443
-0.00717041
-0.00696786
-0.00675403
-0.00653588
-0.00632234
-0.00609973
-0.00586896
-0.00563992
-0.00541505
-0.00518634
-0.00495721
-0.00472749
-0.00449464
-0.00427129
-0.00404976
-0.00381948
-0.00359741
-0.00338875
-0.00318614
-0.00298439
-0.00278252
-0.00258026
-0.00237874
-0.00217962
-0.00199137
-0.00181585
-0.00164699
-0.00148651
-0.00132239
-0.00114949
-0.00100159
-0.000888323
-0.000785619
-0.000643897
-0.000506463
-0.000267491
-0.00041192
-0.00425237
-0.00456799
-0.00467353
-0.00466901
-0.0046038
-0.00450579
-0.0043996
-0.00429928
-0.00421231
-0.00414227
-0.00409027
-0.00405575
-0.0040373
-0.00403357
-0.00404319
-0.00406479
-0.00409719
-0.00413907
-0.00418871
-0.00424471
-0.00430663
-0.00437387
-0.00444544
-0.00452068
-0.00459836
-0.0046776
-0.00475891
-0.00484219
-0.00492685
-0.00501234
-0.00509791
-0.00518313
-0.00526746
-0.00535059
-0.00543237
-0.00551304
-0.00559346
-0.00567516
-0.00575702
-0.00583797
-0.00592731
-0.0060199
-0.00610085
-0.00617399
-0.00624523
-0.0063165
-0.00639071
-0.00646179
-0.00652491
-0.00658437
-0.00664132
-0.00669629
-0.00674961
-0.00680143
-0.00685176
-0.00690083
-0.00694879
-0.00699563
-0.00704122
-0.0070855
-0.00712858
-0.00717044
-0.00721108
-0.00725055
-0.0072888
-0.00732585
-0.00736145
-0.00739724
-0.00743389
-0.00746973
-0.00750447
-0.00753898
-0.00757388
-0.00760915
-0.0076452
-0.00768171
-0.00771893
-0.00775715
-0.00779697
-0.00783672
-0.00787469
-0.00791198
-0.00794962
-0.00798816
-0.00802765
-0.00806806
-0.00810923
-0.00815107
-0.00819352
-0.00823659
-0.00828025
-0.00832456
-0.0083696
-0.00841522
-0.00846143
-0.00850832
-0.00855604
-0.0086042
-0.00865247
-0.00870204
-0.00875263
-0.00880339
-0.00885448
-0.00890626
-0.00895904
-0.00901299
-0.00906817
-0.00912482
-0.00918344
-0.00924516
-0.0093084
-0.00936485
-0.00941573
-0.00947149
-0.00952864
-0.00958697
-0.00964832
-0.00970895
-0.00976559
-0.00981772
-0.00986968
-0.00992476
-0.0099748
-0.0100139
-0.0100572
-0.0101054
-0.0101468
-0.0101816
-0.0102079
-0.0102338
-0.010264
-0.0102872
-0.0102988
-0.0103079
-0.0103163
-0.0103176
-0.0103181
-0.0103104
-0.010301
-0.0102899
-0.010264
-0.0102288
-0.0101866
-0.0101327
-0.010065
-0.00999731
-0.00992709
-0.00984937
-0.00977142
-0.00968981
-0.00959183
-0.0094692
-0.0093497
-0.00924343
-0.00911598
-0.0089689
-0.0088156
-0.00866112
-0.00849553
-0.0083172
-0.00813529
-0.00793186
-0.00772432
-0.00753063
-0.00732003
-0.00709615
-0.00689469
-0.00668841
-0.00644738
-0.00620104
-0.00596373
-0.00572766
-0.00548783
-0.00525862
-0.00503025
-0.00478504
-0.00454975
-0.00432279
-0.00408871
-0.00386603
-0.00365906
-0.00345613
-0.00325497
-0.00304697
-0.00283615
-0.00263024
-0.00243083
-0.00224102
-0.00204553
-0.00184861
-0.00166842
-0.00150927
-0.00137539
-0.00126445
-0.00114225
-0.000985956
-0.000796655
-0.000621174
-0.000324154
-0.000373506
-0.00495265
-0.00547392
-0.00557752
-0.00548412
-0.00530773
-0.00511353
-0.00492844
-0.00476402
-0.00462463
-0.00451168
-0.00442485
-0.0043625
-0.00432214
-0.00430162
-0.00429844
-0.00430989
-0.00433437
-0.00437054
-0.00441695
-0.0044715
-0.00453262
-0.00459991
-0.00467261
-0.00475011
-0.00483114
-0.00491474
-0.00500235
-0.00509385
-0.00518615
-0.00527806
-0.00536982
-0.00546092
-0.00555101
-0.00564039
-0.00572929
-0.00581696
-0.00590191
-0.00598562
-0.00606882
-0.00615135
-0.00623508
-0.00631609
-0.00638607
-0.00645209
-0.00652527
-0.00661056
-0.00671796
-0.00682343
-0.00690424
-0.00697523
-0.00704226
-0.00710686
-0.00717
-0.00723195
-0.00729277
-0.0073523
-0.00741075
-0.00746801
-0.00752398
-0.00757862
-0.00763205
-0.00768435
-0.00773561
-0.00778604
-0.00783594
-0.00788587
-0.00793425
-0.00798092
-0.00802522
-0.00806712
-0.00810882
-0.00815061
-0.00819261
-0.0082347
-0.008277
-0.00831926
-0.00836154
-0.00840404
-0.00844565
-0.00848746
-0.00853015
-0.00857297
-0.00861587
-0.00865917
-0.00870302
-0.00874744
-0.00879244
-0.00883795
-0.00888398
-0.00893049
-0.00897752
-0.00902505
-0.00907316
-0.00912182
-0.00917104
-0.00922087
-0.00927138
-0.00932246
-0.00937398
-0.00942616
-0.00947904
-0.00953234
-0.00958607
-0.00964027
-0.00969506
-0.00975041
-0.00980614
-0.0098618
-0.0099165
-0.00996728
-0.0100123
-0.0100613
-0.0101214
-0.0101868
-0.0102517
-0.0103151
-0.0103769
-0.0104356
-0.0104914
-0.0105463
-0.0106004
-0.0106511
-0.0107004
-0.0107502
-0.0107962
-0.0108354
-0.0108705
-0.0109064
-0.0109418
-0.0109696
-0.0109888
-0.0110033
-0.0110133
-0.0110188
-0.0110207
-0.0110174
-0.0110103
-0.0109975
-0.0109789
-0.0109557
-0.0109232
-0.0108818
-0.0108313
-0.010771
-0.0107008
-0.0106239
-0.0105418
-0.0104531
-0.0103588
-0.0102578
-0.0101475
-0.0100247
-0.009894
-0.00975974
-0.00961667
-0.0094636
-0.00930217
-0.00913281
-0.00895499
-0.00876721
-0.00857263
-0.00836807
-0.00815668
-0.00794355
-0.00772409
-0.00749802
-0.00727213
-0.00704238
-0.00680283
-0.00655915
-0.00631554
-0.00607231
-0.00582914
-0.00558808
-0.0053483
-0.00510648
-0.00486823
-0.00463413
-0.00440206
-0.00417647
-0.00395865
-0.00374592
-0.00353713
-0.00333001
-0.00312596
-0.00292624
-0.00272871
-0.00253822
-0.00235196
-0.00216922
-0.00199323
-0.0018255
-0.00165792
-0.00149617
-0.00133043
-0.00115303
-0.000943154
-0.000753018
-0.000440187
-0.00041075
-0.00646877
-0.00706098
-0.00693981
-0.00663158
-0.00628906
-0.00595057
-0.00565438
-0.00540244
-0.0051937
-0.00502476
-0.00489216
-0.00479231
-0.00472151
-0.00467617
-0.00465268
-0.00464763
-0.00465839
-0.00468293
-0.00471991
-0.00476773
-0.00482427
-0.00488831
-0.00495921
-0.00503631
-0.00511908
-0.0052069
-0.00529892
-0.00539411
-0.00549076
-0.00558829
-0.00568703
-0.00578652
-0.00588656
-0.00598746
-0.00608923
-0.00619041
-0.00628917
-0.00638557
-0.00647854
-0.00656705
-0.00664367
-0.00671237
-0.00678369
-0.00685847
-0.00693674
-0.00701892
-0.00710605
-0.00718936
-0.00726088
-0.00732732
-0.00739086
-0.00745246
-0.00751297
-0.00757274
-0.00763204
-0.00769066
-0.00774902
-0.00780669
-0.00786329
-0.00791872
-0.00797302
-0.00802613
-0.00807811
-0.00812902
-0.00817885
-0.00822879
-0.00827702
-0.0083285
-0.00838157
-0.00842937
-0.00847434
-0.00851933
-0.00856465
-0.00861033
-0.00865639
-0.00870271
-0.00874916
-0.00879579
-0.00884258
-0.0088895
-0.00893605
-0.00898203
-0.00902798
-0.00907418
-0.00912074
-0.00916769
-0.00921505
-0.00926282
-0.009311
-0.00935958
-0.0094086
-0.00945806
-0.009508
-0.00955841
-0.00960932
-0.00966075
-0.00971268
-0.00976505
-0.0098179
-0.00987133
-0.00992532
-0.00997973
-0.0100345
-0.0100895
-0.0101448
-0.0102002
-0.0102555
-0.0103103
-0.0103642
-0.0104171
-0.0104685
-0.0105218
-0.0105802
-0.0106415
-0.010703
-0.0107643
-0.010825
-0.010884
-0.0109408
-0.0109955
-0.0110486
-0.0110996
-0.0111481
-0.0111947
-0.0112387
-0.0112792
-0.0113157
-0.0113489
-0.0113783
-0.011403
-0.0114218
-0.0114355
-0.0114436
-0.0114467
-0.0114449
-0.0114379
-0.0114253
-0.0114067
-0.0113815
-0.0113498
-0.0113095
-0.0112607
-0.0112035
-0.0111379
-0.0110635
-0.0109817
-0.010893
-0.0107969
-0.0106939
-0.0105841
-0.0104657
-0.0103375
-0.0102008
-0.0100579
-0.00990691
-0.00974691
-0.00957844
-0.00940238
-0.00921799
-0.00902498
-0.00882387
-0.00861447
-0.00839823
-0.00817758
-0.00795104
-0.00771898
-0.00748412
-0.00724562
-0.00700084
-0.0067522
-0.00650295
-0.006254
-0.00600546
-0.00575832
-0.0055125
-0.00526742
-0.00502486
-0.00478618
-0.00455119
-0.00432169
-0.00409891
-0.00388177
-0.00366955
-0.0034612
-0.00325651
-0.00305642
-0.00286176
-0.00267255
-0.0024871
-0.00230514
-0.00212752
-0.00195242
-0.00177815
-0.00160404
-0.00142093
-0.0012288
-0.00100024
-0.000799024
-0.000448826
-0.00040154
-0.00982334
-0.00860369
-0.0077399
-0.00713903
-0.00664048
-0.0062242
-0.005892
-0.00562547
-0.00541096
-0.00523997
-0.00510611
-0.00500429
-0.00493056
-0.00488108
-0.00485263
-0.00484272
-0.0048485
-0.00486754
-0.00489829
-0.0049402
-0.00499211
-0.00505215
-0.00511931
-0.00519293
-0.00527292
-0.00535867
-0.00544709
-0.00553676
-0.00562972
-0.0057267
-0.00582692
-0.00592997
-0.00603523
-0.00614184
-0.00624893
-0.00635576
-0.00646285
-0.00656793
-0.00666812
-0.0067633
-0.00685215
-0.00693797
-0.00702826
-0.00711888
-0.00719876
-0.00726235
-0.00730153
-0.00733886
-0.00739738
-0.00746441
-0.00753236
-0.0075999
-0.00766646
-0.00773167
-0.00779534
-0.00785749
-0.0079181
-0.00797717
-0.00803465
-0.0080906
-0.008145
-0.00819786
-0.00824912
-0.00829875
-0.00834671
-0.00839333
-0.00843884
-0.00848697
-0.00853715
-0.00858441
-0.00862906
-0.0086731
-0.00871707
-0.0087612
-0.00880552
-0.00885011
-0.00889493
-0.00894008
-0.00898553
-0.0090313
-0.00907715
-0.00912302
-0.00916897
-0.00921518
-0.0092617
-0.00930865
-0.00935603
-0.00940389
-0.00945219
-0.00950099
-0.00955024
-0.00960001
-0.00965027
-0.00970107
-0.00975241
-0.00980448
-0.00985719
-0.00991031
-0.00996379
-0.0100177
-0.0100721
-0.0101269
-0.0101819
-0.0102371
-0.0102925
-0.0103479
-0.0104033
-0.0104585
-0.0105133
-0.0105679
-0.0106225
-0.0106785
-0.0107369
-0.010797
-0.0108574
-0.0109175
-0.010977
-0.0110352
-0.0110918
-0.0111465
-0.0111996
-0.0112506
-0.0112996
-0.011346
-0.0113896
-0.0114297
-0.0114662
-0.0114988
-0.0115274
-0.0115506
-0.0115688
-0.0115817
-0.0115898
-0.0115923
-0.01159
-0.0115817
-0.0115677
-0.0115472
-0.0115203
-0.011486
-0.0114441
-0.0113938
-0.0113358
-0.0112695
-0.0111954
-0.0111132
-0.0110241
-0.0109274
-0.0108239
-0.0107127
-0.0105937
-0.0104651
-0.0103281
-0.0101832
-0.0100306
-0.00986907
-0.00969943
-0.00952162
-0.00933613
-0.00914225
-0.00894082
-0.00873141
-0.00851501
-0.00829242
-0.00806427
-0.00783018
-0.00759178
-0.00734932
-0.00710258
-0.00685239
-0.0066008
-0.00634872
-0.00609677
-0.00584567
-0.00559603
-0.00534785
-0.00510207
-0.00486007
-0.00462223
-0.00438958
-0.00416273
-0.00394169
-0.00372581
-0.00351486
-0.00330805
-0.00310619
-0.00290989
-0.00271773
-0.00252896
-0.00234338
-0.00216048
-0.00197893
-0.00179955
-0.0016164
-0.00142277
-0.00122177
-0.000989295
-0.000776806
-0.00042006
-0.000368882
-0.0138359
-0.0110915
-0.00913749
-0.0081318
-0.00743339
-0.00688799
-0.00647039
-0.00614418
-0.00588317
-0.00567307
-0.0055046
-0.00537111
-0.00526784
-0.00519106
-0.00513777
-0.00510543
-0.00509183
-0.00509489
-0.00511258
-0.00514298
-0.00518467
-0.00523643
-0.00529684
-0.00536468
-0.0054386
-0.00551742
-0.00560075
-0.00568831
-0.00577961
-0.00587421
-0.00597178
-0.00607239
-0.00617597
-0.00628149
-0.00638777
-0.00649437
-0.00659976
-0.00670247
-0.00680296
-0.00690142
-0.00699684
-0.00708837
-0.00717709
-0.00726142
-0.00733789
-0.00740516
-0.00746386
-0.00751956
-0.00757861
-0.00763924
-0.00770015
-0.0077615
-0.00782305
-0.0078842
-0.0079444
-0.00800337
-0.00806075
-0.00811666
-0.00817135
-0.00822478
-0.00827692
-0.0083277
-0.00837696
-0.0084244
-0.00846979
-0.00851164
-0.00854973
-0.00857682
-0.00859802
-0.00862859
-0.00866857
-0.00871245
-0.00875823
-0.00880523
-0.0088529
-0.00890086
-0.00894896
-0.00899709
-0.00904524
-0.00909333
-0.00914129
-0.00918904
-0.00923666
-0.00928424
-0.00933194
-0.00937981
-0.00942795
-0.00947638
-0.00952514
-0.00957424
-0.00962372
-0.00967357
-0.00972384
-0.0097745
-0.00982557
-0.00987693
-0.00992869
-0.00998107
-0.0100341
-0.0100875
-0.0101415
-0.0101958
-0.0102505
-0.0103053
-0.0103603
-0.0104153
-0.0104704
-0.0105254
-0.0105803
-0.0106353
-0.0106905
-0.0107467
-0.0108043
-0.010863
-0.010922
-0.0109809
-0.0110392
-0.0110965
-0.0111523
-0.0112066
-0.0112589
-0.0113095
-0.0113577
-0.0114036
-0.0114466
-0.0114865
-0.0115228
-0.0115554
-0.0115838
-0.0116075
-0.0116257
-0.0116388
-0.0116461
-0.011648
-0.0116443
-0.0116353
-0.0116201
-0.0115989
-0.011571
-0.0115367
-0.0114951
-0.0114462
-0.0113894
-0.011325
-0.0112526
-0.0111727
-0.0110853
-0.0109912
-0.0108895
-0.0107801
-0.0106622
-0.0105361
-0.0104015
-0.0102593
-0.0101087
-0.0099496
-0.00978167
-0.0096054
-0.00942071
-0.00922822
-0.00902811
-0.0088207
-0.00860586
-0.0083844
-0.00815649
-0.00792252
-0.00768323
-0.00743963
-0.00719183
-0.00694057
-0.00668705
-0.0064325
-0.0061776
-0.00592317
-0.00567001
-0.00541853
-0.00517009
-0.0049255
-0.00468521
-0.00444969
-0.00421971
-0.00399525
-0.00377628
-0.00356237
-0.00335327
-0.00314889
-0.00294945
-0.00275407
-0.00256194
-0.00237232
-0.00218481
-0.00199898
-0.0018139
-0.00162701
-0.00143248
-0.00123094
-0.00100419
-0.000792125
-0.000464966
-0.000434356
)
;

boundaryField
{
    walls
    {
        type            zeroGradient;
    }
    inlet
    {
        type            zeroGradient;
    }
    outlet
    {
        type            fixedValue;
        value           uniform 0;
    }
    frontAndBack
    {
        type            empty;
    }
}


// ************************************************************************* //
