/*--------------------------------*- C++ -*----------------------------------*\
| =========                 |                                                 |
| \\      /  F ield         | OpenFOAM: The Open Source CFD Toolbox           |
|  \\    /   O peration     | Version:  5.x                                   |
|   \\  /    A nd           | Web:      www.OpenFOAM.org                      |
|    \\/     M anipulation  |                                                 |
\*---------------------------------------------------------------------------*/
/*   Windows 32 and 64 bit porting by blueCAPE: http://www.bluecape.com.pt   *\
|  Based on Windows porting (2.0.x v4) by Symscape: http://www.symscape.com   |
\*---------------------------------------------------------------------------*/
FoamFile
{
    version     2.0;
    format      ascii;
    class       volScalarField;
    location    "4000";
    object      nut;
}
// * * * * * * * * * * * * * * * * * * * * * * * * * * * * * * * * * * * * * //

dimensions      [0 2 -1 0 0 0 0];

internalField   nonuniform List<scalar> 
4000
(
31.9073
47.532
59.5679
68.6907
76.1669
82.5906
88.2591
93.3602
98.0164
102.314
106.31
110.054
113.581
116.919
120.09
123.112
125.999
128.762
131.411
133.953
136.394
138.737
140.989
143.157
145.242
147.241
149.156
150.991
152.747
154.425
156.026
157.551
159.002
160.381
161.687
162.921
164.086
165.184
166.217
167.184
168.085
168.919
169.686
170.387
171.021
171.59
172.091
172.526
172.892
173.19
173.418
173.576
173.662
173.676
173.618
173.488
173.293
173.025
172.688
172.281
171.809
171.273
170.678
170.029
169.329
168.584
167.803
166.988
166.146
165.287
164.416
163.542
162.673
161.818
160.987
160.188
159.432
158.731
158.094
157.534
157.063
156.697
156.494
156.428
156.512
156.768
157.218
157.879
158.769
159.897
161.289
162.975
164.98
167.294
169.915
172.83
176.033
179.526
183.302
187.353
191.669
196.241
201.057
206.111
211.391
216.891
222.604
228.52
234.632
241.034
247.662
254.492
261.528
268.774
276.231
283.9
291.781
299.874
308.181
316.702
325.419
334.344
343.452
352.678
362.04
371.537
381.144
390.838
400.601
410.414
420.258
430.117
439.973
449.808
459.605
469.346
479.015
488.595
498.068
507.418
516.635
525.81
534.854
543.707
552.37
560.834
569.087
577.114
584.898
592.422
599.668
606.613
613.224
619.448
625.322
630.906
636.154
641.021
645.432
649.3
652.616
655.364
657.521
659.059
659.949
660.168
659.692
658.498
656.568
653.884
650.429
646.184
641.117
635.382
629.164
622.198
614.49
606.075
596.989
587.268
576.946
566.058
554.637
542.724
530.358
517.481
503.907
489.795
475.09
459.564
443.023
425.135
405.424
383.229
357.575
327.027
290.085
243.326
181.838
108.041
116.526
309.14
442.328
532.58
601.695
658.363
707.059
750.112
788.904
824.368
857.147
887.72
916.455
943.617
969.411
993.998
1017.51
1040.03
1061.66
1082.44
1102.41
1121.62
1140.07
1157.69
1174.51
1190.63
1206.08
1220.89
1235.07
1248.62
1261.57
1273.92
1285.68
1296.85
1307.45
1317.48
1326.95
1335.86
1344.22
1352.03
1359.3
1366.03
1372.23
1377.89
1383.02
1387.61
1391.65
1395.16
1398.11
1400.51
1402.36
1403.64
1404.35
1404.48
1404.02
1402.94
1401.1
1398.62
1395.53
1391.85
1387.61
1382.85
1377.61
1371.96
1365.89
1359.42
1352.62
1345.54
1338.28
1330.97
1323.66
1316.43
1309.35
1302.51
1295.98
1289.86
1284.23
1279.19
1274.8
1271.17
1268.36
1266.39
1264.76
1263.88
1264.16
1265.85
1269.13
1274.17
1281.16
1290.26
1301.62
1315.34
1331.46
1350.07
1371.22
1394.93
1421.18
1449.91
1481.06
1514.55
1550.29
1588.18
1628.13
1670.04
1713.81
1759.37
1806.61
1855.4
1905.48
1955.68
2006.3
2058.24
2111.74
2166.88
2223.75
2282.4
2342.88
2405.25
2469.66
2536.19
2604.44
2673.98
2744.77
2816.66
2890.02
2965.07
3041.48
3119.02
3197.53
3276.86
3356.86
3437.39
3518.3
3599.45
3680.7
3761.88
3842.85
3923.45
4003.5
4082.8
4160.92
4236.55
4309.4
4380.53
4450.14
4518.19
4584.61
4649.28
4712.06
4772.8
4831.35
4887.53
4941.19
4992.15
5040.22
5085.1
5126.46
5164.13
5197.95
5227.74
5253.23
5274.21
5290.47
5301.81
5308.04
5308.98
5304.49
5294.4
5278.58
5256.91
5229.23
5195.28
5154.4
5104.15
5042.3
4973
4897.7
4817.15
4732
4642.8
4550.1
4454.39
4356.19
4256.34
4155.81
4053.48
3947.44
3837.09
3722.15
3602.9
3478.97
3347.66
3204.91
3045.01
2858.14
2624.03
2296.09
1830.57
1167.57
429.911
165.28
514.633
839.281
1077.04
1257.24
1401.07
1521.02
1624.41
1715.7
1797.82
1872.77
1941.96
2006.43
2066.97
2124.14
2178.41
2230.12
2279.54
2326.88
2372.28
2415.88
2457.74
2497.9
2536.32
2573.09
2608.31
2642.08
2674.43
2705.4
2735.03
2763.32
2790.31
2816.01
2840.44
2863.62
2885.55
2906.26
2925.76
2944.05
2961.14
2977.06
2991.79
3005.35
3017.74
3028.95
3038.99
3047.85
3055.51
3061.98
3067.24
3071.28
3074.08
3075.64
3075.92
3074.9
3072.52
3068.67
3063.46
3056.93
3049.15
3040.17
3030.07
3018.92
3006.82
2993.82
2980
2965.48
2950.38
2934.88
2919.17
2903.4
2887.72
2872.3
2857.31
2842.92
2829.31
2816.67
2805.17
2794.98
2786.28
2779.21
2773.79
2769.6
2767.36
2767.69
2771.07
2777.97
2788.8
2803.97
2823.84
2848.75
2878.95
2914.62
2955.94
3003
3055.84
3114.4
3178.54
3248.11
3322.91
3402.69
3487.21
3576.23
3669.48
3766.73
3867.72
3972.18
4079.79
4190.03
4301.22
4414.31
4530.13
4649.11
4771.48
4897.42
5027.05
5160.44
5297.7
5438.88
5583.92
5732.42
5883.9
6038.35
6195.67
6355.97
6519.27
6685.28
6853.64
7024.02
7196.11
7369.59
7544.16
7719.5
7895.28
8071.18
8246.86
8421.97
8596.13
8768.9
8939.73
9107.75
9271.08
9429.95
9585.19
9737.05
9885.46
10030.3
10171.2
10308.1
10440.4
10568
10690.4
10807.2
10918.1
11022.6
11120
11209.9
11291.8
11365.3
11430
11485.4
11531
11566.4
11591
11604.6
11606.7
11596.9
11574.9
11540.5
11493.2
11432.7
11358.3
11268.5
11160.7
11033.1
10889.7
10733
10564.8
10386.5
10199.2
10004.1
9802.29
9594.61
9381.98
9164.87
8942.18
8711.95
8472.18
8220.48
7954.5
7669.83
7358.3
7006.97
6595.78
6092.49
5444.81
4574.35
3398.75
1941.47
647.659
206.374
655.867
1138.36
1527.92
1834.97
2081.74
2285.83
2459.29
2610.2
2744.09
2864.78
2975.04
3076.88
3171.78
3260.88
3345.02
3424.86
3500.91
3573.56
3643.09
3709.73
3773.63
3834.89
3893.56
3949.75
4003.6
4055.21
4104.66
4152.01
4197.3
4240.57
4281.86
4321.18
4358.58
4394.07
4427.67
4459.4
4489.29
4517.33
4543.55
4567.97
4590.58
4611.39
4630.4
4647.61
4663.03
4676.63
4688.41
4698.36
4706.45
4712.69
4717.04
4719.48
4719.99
4718.52
4715.01
4709.42
4701.82
4692.27
4680.85
4667.63
4652.72
4636.21
4618.23
4598.88
4578.3
4556.65
4534.11
4510.9
4487.25
4463.38
4439.52
4415.91
4392.8
4370.42
4349.04
4328.93
4310.34
4293.54
4278.8
4266.33
4256.3
4248.72
4244.34
4243.95
4248.27
4258
4273.83
4296.39
4326.31
4364.11
4410.22
4465.01
4528.73
4601.55
4683.49
4774.46
4874.27
4982.65
5099.25
5223.68
5355.52
5494.35
5639.72
5791.21
5948.39
6110.79
6277.89
6449.05
6623.13
6800.81
6982.71
7169.28
7360.82
7557.53
7759.54
7966.96
8179.81
8398.07
8621.58
8850.01
9082.99
9320.4
9562.09
9807.94
10057.8
10311.3
10567.9
10827.4
11089.1
11352.6
11617.5
11883.3
12149.5
12415.5
12680.9
12945.1
13207.5
13467.5
13724.1
13976.5
14222.9
14463.5
14698.9
14929
15153.8
15372.9
15586.2
15793
15993
16185.7
16370.6
16546.9
16714.2
16871.8
17018.8
17154.7
17278.7
17390.3
17488.7
17573.2
17643.1
17697.9
17736.7
17759.1
17764.4
17752
17721.4
17672
17603.3
17514.6
17405
17272.9
17116.2
16934.2
16729.7
16505.2
16263
16004.8
15732.3
15446.9
15149.8
14841.9
14523.9
14195.4
13855.1
13500.1
13126.7
12729.3
12301.1
11831.3
11303.2
10691.9
9961.22
9058.95
7914.77
6448.54
4613.66
2530.67
826.67
238.362
759.786
1360.68
1878.77
2303.84
2651.94
2941.07
3185.85
3397.15
3582.87
3748.72
3898.9
4036.53
4163.9
4282.79
4394.52
4500.11
4600.35
4695.84
4787.03
4874.27
4957.82
5037.86
5114.53
5187.98
5258.38
5325.85
5390.5
5452.41
5511.64
5568.24
5622.27
5673.75
5722.73
5769.23
5813.28
5854.89
5894.09
5930.91
5965.34
5997.4
6027.1
6054.45
6079.44
6102.07
6122.35
6140.25
6155.76
6168.88
6179.59
6187.86
6193.67
6197
6197.82
6196.09
6191.76
6184.83
6175.34
6163.38
6149.01
6132.34
6113.48
6092.54
6069.67
6045.02
6018.75
5991.05
5962.15
5932.29
5901.72
5870.73
5839.59
5808.58
5778.01
5748.18
5719.42
5692.05
5666.43
5642.9
5621.82
5603.53
5588.39
5576.75
5569.47
5567.46
5571.66
5583.01
5602.42
5630.8
5668.98
5717.72
5777.63
5849.24
5932.93
6028.9
6137.22
6257.76
6390.27
6534.37
6689.58
6855.37
7031.15
7216.3
7410.21
7612.27
7821.86
8038.36
8261.13
8489.48
8722.7
8961.19
9205.35
9455.53
9712
9974.93
10244.4
10520.6
10803.3
11092.5
11388.1
11689.6
11996.8
12309.5
12627.4
12950.2
13277.7
13609.3
13944.5
14282.8
14623.7
14966.5
15310.7
15655.5
16000.4
16344.7
16687.7
17028.7
17367
17701.7
18031.8
18356.3
18673.9
18984.6
19288.5
19585.6
19875.5
20158.1
20432.8
20699.1
20956.4
21204.2
21441.9
21668.6
21883.7
22086.3
22275.7
22450.9
22611.2
22755.8
22883.8
22994.4
23086.7
23160
23213.2
23245.8
23256.8
23245.5
23211.2
23153.1
23070.4
22962.2
22827.4
22664.7
22472.5
22250.4
22000.7
21725.5
21426.9
21106.9
20767
20408.8
20033.3
19641.1
19232.1
18805.5
18358.6
17887.5
17386
16845.2
16253.1
15592.2
14837.3
13953
12890.9
11588.2
9971.63
7976.51
5599.38
3024.09
980.366
264.582
841.272
1529.11
2147.88
2671.74
3109.04
3475.53
3786.34
4053.88
4287.75
4495.27
4681.93
4851.89
5008.29
5153.53
5289.43
5417.38
5538.47
5653.51
5763.16
5867.88
5968.05
6063.95
6155.78
6243.75
6328.07
6408.88
6486.32
6560.48
6631.45
6699.31
6764.09
6825.85
6884.63
6940.47
6993.38
7043.4
7090.54
7134.82
7176.26
7214.86
7250.63
7283.57
7313.69
7340.98
7365.43
7387.04
7405.79
7421.67
7434.66
7444.74
7451.89
7456.08
7457.29
7455.5
7450.65
7442.77
7431.92
7418.15
7401.57
7382.26
7360.35
7335.98
7309.28
7280.44
7249.64
7217.09
7183.03
7147.72
7111.43
7074.47
7037.14
6999.76
6962.67
6926.22
6890.79
6856.75
6824.53
6794.56
6767.28
6743.18
6722.79
6706.72
6695.96
6691.56
6694.66
6706.39
6727.91
6760.34
6804.73
6862.06
6933.14
7018.64
7119.05
7234.67
7365.55
7511.6
7672.49
7847.76
8036.82
8238.98
8453.52
8679.64
8916.57
9163.53
9419.74
9684.45
9956.92
10236.4
10522.5
10815.4
11115.1
11422.1
11736.4
12058.1
12387.4
12724.1
13068.2
13419.6
13778
14143
14514.4
14891.9
15275.1
15663.6
16057
16454.7
16856.1
17260.7
17667.7
18076.5
18486.3
18896.4
19306.1
19714.5
20120.9
20524.5
20924.2
21319.3
21708.7
22091.3
22466.1
22833
23191.8
23542.3
23884.2
24217.1
24540.6
24853.9
25156.6
25448
25727.3
25993.9
26246.8
26485.3
26708.4
26915.3
27105.1
27276.8
27429.6
27562.5
27674.6
27764.8
27832.3
27876
27895.1
27888.6
27855.6
27795
27706
27587.4
27438.1
27256.8
27042.3
26794.3
26514.6
26204.9
25867
25502.7
25113.2
24699.9
24263.5
23804
23320.7
22811.5
22272.9
21699.1
21081.8
20408.8
19663.5
18822.9
17855.2
16717.4
15354.1
13698.6
11681
9252.98
6442.07
3483.26
1130.68
289.294
913.151
1658.46
2351.67
2952.12
3461.55
3892.59
4259.59
4575.49
4850.93
5094.33
5312.24
5509.69
5690.57
5857.83
6013.75
6160.1
6298.22
6429.15
6553.69
6672.48
6785.97
6894.54
6998.47
7098.02
7193.42
7284.86
7372.49
7456.42
7536.77
7613.61
7687
7757
7823.66
7887
7947.06
8003.86
8057.42
8107.76
8154.88
8198.79
8239.5
8277
8311.3
8342.4
8370.27
8394.93
8416.35
8434.52
8449.43
8461.05
8469.38
8474.39
8476.05
8474.35
8469.26
8460.82
8449.08
8434.1
8415.99
8394.83
8370.75
8343.89
8314.4
8282.47
8248.29
8212.07
8174.06
8134.52
8093.73
8052.01
8009.68
7967.06
7924.53
7882.46
7841.26
7801.37
7763.25
7727.4
7694.38
7664.78
7639.27
7618.67
7604.1
7596.76
7597.94
7608.98
7631.21
7665.97
7714.53
7778.04
7857.5
7953.72
8067.32
8198.64
8347.82
8514.72
8699
8900.13
9117.43
9350.08
9597.23
9857.94
10131.3
10416.3
10712.2
11018
11332.9
11656.1
11987.3
12326.5
12673.6
13028.9
13392.3
13763.8
14143.4
14531.1
14926.6
15329.8
15740.4
16158
16582.2
17012.7
17449
17890.7
18337.2
18787.9
19242.2
19699.3
20158.6
20619.2
21080.4
21541.4
22001.2
22459.2
22914.2
23365.5
23812.1
24252.9
24687.1
25113.4
25531.1
25939.9
26339.6
26729.7
27110.1
27480.1
27839.4
28187.2
28523.1
28846.3
29156.2
29451.8
29732.6
29997.6
30245.9
30476.6
30688.9
30881.7
31054.2
31205.4
31334.2
31439.6
31520.7
31576.2
31605.2
31606.5
31579.1
31521.8
31433.5
31312.8
31158.7
30969.7
30744.8
30483.7
30187.7
29858.1
29496.3
29103.6
28681.1
28229.6
27749.2
27239.4
26698.7
26124.2
25511
24852
24136.7
23350.8
22474.1
21480
20332.5
18984.6
17377.6
15443.7
13116.1
10354.9
7203.94
3969.45
1305.29
314.816
981.908
1756.13
2500.56
3155.83
3718.76
4198.98
4609.63
4963.52
5271.77
5543.52
5786.06
6005.08
6205.02
6389.32
6560.64
6721.01
6872.04
7014.93
7150.65
7279.93
7403.33
7521.29
7634.17
7742.28
7845.87
7945.15
8040.31
8131.48
8218.77
8302.28
8382.08
8458.23
8530.77
8599.74
8665.17
8727.08
8785.49
8840.4
8891.83
8939.78
8984.24
9025.22
9062.72
9096.73
9127.24
9154.25
9177.75
9197.72
9214.15
9227.03
9236.35
9242.08
9244.22
9242.76
9237.67
9229
9216.81
9201.17
9182.15
9159.87
9134.44
9106
9074.7
9040.72
9004.25
8965.51
8924.73
8882.17
8838.11
8792.86
8746.73
8700.07
8653.25
8606.68
8560.77
8515.99
8472.87
8431.95
8393.86
8359.29
8329.02
8304.05
8285.58
8274.97
8273.63
8283.07
8304.79
8340.31
8391.08
8458.41
8543.47
8647.21
8770.33
8913.27
9076.21
9259.01
9461.33
9682.57
9921.99
10178.7
10451.7
10739.9
11042.4
11358
11685.7
12024.6
12373.7
12732.2
13099.8
13476.2
13861.5
14255.5
14658.2
15069.5
15489.2
15917.2
16353.2
16797.1
17248.3
17706.6
18171.5
18642.5
19119.2
19601.1
20087.4
20577.6
21071
21566.8
22064.2
22562.5
23060.7
23558
24053.5
24546.3
25035.5
25520
25998.9
26471.2
26935.9
27391.9
27838.5
28275.4
28702.2
29118.6
29524.2
29918.5
30301
30671.3
31028.6
31372.4
31701.9
32016.5
32315.4
32597.8
32862.9
33109.9
33337.8
33545.7
33732.8
33898.1
34040.5
34159
34252.5
34319.9
34359.9
34371.5
34353.2
34303.9
34222.1
34106.6
33955.9
33768.6
33543.6
33280.5
32980.1
32643.5
32271.4
31864.8
31424.3
30950.2
30442
29898.8
29318.1
28696.2
28027.5
27303.6
26513
25639.7
24662.1
23551.7
22271.3
20772.8
18997.4
16877
14343.8
11354.1
7945.67
4503.89
1531.04
338.373
1040.74
1823.55
2599.47
3289.67
3887.66
4400.84
4841.16
5221.13
5552.03
5843.37
6102.89
6336.73
6549.72
6745.6
6927.29
7097.07
7256.68
7407.48
7550.53
7686.66
7816.5
7940.56
8059.22
8172.85
8281.71
8386.06
8486.08
8581.94
8673.74
8761.6
8845.59
8925.77
9002.2
9074.9
9143.91
9209.23
9270.89
9328.89
9383.22
9433.91
9480.93
9524.28
9563.97
9599.98
9632.32
9660.97
9685.92
9707.17
9724.71
9738.53
9748.63
9754.99
9757.61
9756.47
9751.59
9742.99
9730.75
9714.92
9695.59
9672.85
9646.83
9617.65
9585.46
9550.42
9512.72
9472.55
9430.15
9385.75
9339.62
9292.06
9243.38
9193.91
9144.03
9094.14
9044.68
8996.14
8949.05
8904.02
8861.72
8822.91
8788.46
8759.47
8737.26
8723.27
8719.04
8726.18
8746.37
8781.24
8832.4
8901.31
8989.25
9097.31
9226.29
9376.69
9548.72
9742.3
9957.06
10192.4
10447.5
10721.4
11013
11321.3
11645
11983
12334.2
12697.5
13071.9
13456.6
13851
14255.1
14668.4
15090.9
15522.4
15962.6
16411.3
16868.4
17333.4
17806
18285.9
18772.6
19265.6
19764.4
20268.4
20777.2
21289.9
21806
22324.7
22845.2
23366.8
23888.5
24409.5
24929
25445.9
25959.5
26468.6
26972.3
27469.7
27959.6
28441.2
28913.3
29375.4
29827.1
30268
30697.8
31116.2
31522.5
31916.5
32297.6
32665.3
33018.9
33357.9
33681.7
33989.6
34280.9
34554.8
34810.6
35047.6
35264.8
35461.4
35636.5
35789.1
35918.2
36022.7
36101.3
36152.9
36176.1
36169.6
36131.9
36061.5
35956.9
35816.5
35638.8
35422.3
35166.7
34872.4
34539.8
34169.4
33761.8
33317
32834.7
32314.2
31753.7
31150.4
30500
29796.2
29030.2
28189.9
27259.2
26216.7
25034.2
23675.9
22096.2
20239.4
18040.2
15428.2
12344.5
8788.55
5170.2
1901.39
354.747
1078.95
1858.72
2649.61
3357.02
3972.51
4502.31
4957.75
5351.07
5693.6
5995
6263.22
6504.61
6724.18
6925.85
7112.69
7287.06
7450.81
7605.38
7751.88
7891.19
8024
8150.83
8272.12
8388.24
8499.49
8606.14
8708.38
8806.38
8900.27
8990.17
9076.14
9158.26
9236.57
9311.11
9381.89
9448.93
9512.23
9571.81
9627.65
9679.76
9728.12
9772.73
9813.58
9850.68
9884
9913.56
9939.34
9961.33
9979.55
9993.98
10004.6
10011.5
10014.5
10013.8
10009.3
10001
9989.06
9973.49
9954.38
9931.82
9905.91
9876.77
9844.55
9809.38
9771.44
9730.91
9687.99
9642.91
9595.91
9547.27
9497.29
9446.28
9394.61
9342.67
9290.91
9239.81
9189.93
9141.9
9096.41
9054.27
9016.4
8983.98
8958.38
8941.11
8933.81
8938.18
8955.99
8989
9038.89
9107.26
9195.49
9304.75
9435.93
9589.6
9766.03
9965.14
10186.6
10429.8
10693.8
10977.8
11280.5
11600.9
11937.6
12289.4
12655.2
13033.7
13424
13825
14236.3
14657.5
15088.3
15528.4
15977.5
16435.3
16901.5
17375.8
17857.8
18347
18843.1
19345.5
19853.8
20367.3
20885.5
21407.8
21933.4
22461.8
22992.1
23523.6
24055.5
24586.8
25116.9
25644.6
26169.2
26689.7
27205.2
27714.6
28217
28711.5
29196.9
29672.3
30137.2
30591.1
31033.9
31465
31884.3
32291.2
32685.5
33066.6
33434.2
33787.7
34126.6
34450.5
34758.7
35050.7
35325.8
35583.5
35823
36043.7
36244.8
36425.4
36584.6
36721.5
36834.9
36923.8
36986.7
37022.3
37029.2
37005.7
36950.2
36860.9
36736.3
36574.4
36373.6
36133.4
35853.8
35534.9
35176.8
34779.6
34342.8
33865.9
33347.5
32785.6
32177
31517
30799.3
30015.1
29152.7
28196.8
27127.6
25919.7
24541.2
22952.7
21106.7
18948.1
16415
13444.3
9986.77
6302.33
2786.99
354.958
1079.64
1859.82
2651.28
3359.22
3975.18
4505.39
4961.17
5354.77
5697.51
5999.07
6267.37
6508.76
6728.26
6929.79
7116.41
7290.49
7453.89
7608.06
7754.11
7892.94
8025.25
8151.57
8272.35
8387.96
8498.74
8604.95
8706.78
8804.42
8898
8987.64
9073.41
9155.37
9233.57
9308.04
9378.8
9445.86
9509.21
9568.85
9624.79
9676.99
9725.47
9770.21
9811.2
9848.43
9881.91
9911.63
9937.59
9959.78
9978.22
9992.91
10003.8
10011
10014.5
10014.2
10010.1
10002.4
9991.07
9976.15
9957.73
9935.91
9910.77
9882.41
9850.97
9816.56
9779.33
9739.45
9697.09
9652.46
9605.78
9557.29
9507.27
9456.02
9403.87
9351.22
9298.49
9246.15
9194.78
9144.98
9097.47
9053.07
9012.73
8977.63
8949.2
8928.98
8918.65
8919.97
8934.78
8964.87
9012.03
9077.89
9163.93
9271.37
9401.16
9553.95
9730.02
9929.37
10151.7
10396.3
10662.4
10949.1
11255.1
11579.3
11920.3
12277
12648
13032.1
13428.3
13835.4
14252.9
14680.5
15117.6
15563.9
16019
16482.5
16954.2
17433.5
17920
18413.2
18912.8
19418
19928.5
20443.5
20962.6
21485
22010.2
22537.3
23065.7
23594.6
24123.2
24650.6
25176.1
25698.8
26217.7
26731.9
27240.6
27742.8
28237.6
28723.9
29200.7
29667.3
30122.9
30567.3
31000.3
31421.5
31830.6
32227.4
32611.5
32982.6
33340.4
33684.4
34014.3
34329.6
34630
34915.1
35184.2
35437
35672.9
35891.4
36091.8
36273.4
36435.4
36577
36696.9
36794.2
36867.5
36915.3
36936.2
36928.4
36890.1
36819.5
36714.6
36573.4
36393.9
36175.5
35917.9
35620.8
35284.1
34907.3
34489.9
34030.6
33528.1
32979.9
32382.7
31732
31021.6
30243.3
29386.5
28437.7
27379.8
26191.6
24847.4
23317.1
21566.5
19560.3
17267.8
14678.1
11837.9
8952.86
6684.51
338.957
1042.69
1826.84
2604.44
3296.2
3895.56
4409.9
4851.21
5231.98
5563.51
5855.29
6115.05
6348.91
6561.68
6757.14
6938.19
7107.13
7265.71
7415.33
7557.07
7691.79
7820.16
7942.71
8059.87
8172.03
8279.51
8382.55
8481.39
8576.18
8667.08
8754.17
8837.56
8917.29
8993.4
9065.92
9134.87
9200.24
9262.03
9320.23
9374.83
9425.82
9473.18
9516.9
9556.98
9593.41
9626.19
9655.31
9680.78
9702.61
9720.8
9735.37
9746.32
9753.65
9757.39
9757.52
9754.06
9747.07
9736.59
9722.67
9705.4
9684.83
9661.06
9634.17
9604.26
9571.45
9535.85
9497.6
9456.86
9413.8
9368.6
9321.49
9272.7
9222.53
9171.27
9119.29
9066.99
9014.84
8963.36
8913.17
8864.96
8819.54
8777.83
8741.02
8710.51
8687.87
8674.76
8672.98
8684.35
8710.71
8753.83
8815.41
8896.92
8999.63
9124.54
9272.32
9443.31
9637.54
9854.72
10094.3
10355.4
10637.2
10938.4
11257.8
11594.3
11946.4
12313
12692.6
13084.3
13486.7
13899.5
14322
14753.8
15194.4
15643.5
16100.5
16565.1
17036.8
17515.1
17999.6
18489.5
18984.5
19484
19987.3
20493.9
21003.1
21514.3
22026.7
22539.8
23052.7
23564.7
24075
24582.8
25087.3
25587.6
26082.9
26572.3
27054.8
27529.7
27995.9
28452.6
28898.7
29333.8
29757.6
30169.9
30570.6
30959.3
31335.9
31700.1
32051.8
32390.7
32716.6
33029.1
33328
33613
33883.8
34140.1
34381.6
34607.9
34818.7
35013.3
35191.3
35352
35494.6
35618.1
35721.4
35803.3
35862.4
35896.9
35905.2
35885.2
35835.1
35752.5
35635.3
35481.3
35289.7
35059.8
34791.2
34483.6
34136
33747.8
33317.5
32843.5
32323.3
31753.7
31130.4
30447.9
29698.8
28874.2
27962.9
26951.3
25823.2
24560.1
23141.9
21549.2
19767.6
17797.1
15669.6
13483.6
11462.4
10042.1
315.708
984.94
1761.6
2508.73
3166.44
3731.46
4213.48
4625.65
4980.79
5290.02
5562.45
5805.35
6024.39
6224.01
6407.63
6577.92
6736.96
6886.35
7027.36
7161
7288.03
7409.09
7524.67
7635.16
7740.95
7842.32
7939.54
8032.81
8122.31
8208.16
8290.47
8369.31
8444.74
8516.79
8585.48
8650.82
8712.81
8771.43
8826.67
8878.52
8926.95
8971.95
9013.52
9051.64
9086.3
9117.51
9145.26
9169.57
9190.45
9207.91
9221.96
9232.61
9239.89
9243.79
9244.33
9241.52
9235.39
9226
9213.4
9197.65
9178.81
9156.97
9132.18
9104.52
9074.1
9041
9005.33
8967.22
8926.8
8884.25
8839.74
8793.48
8745.73
8696.76
8646.89
8596.5
8546.03
8495.96
8446.88
8399.43
8354.38
8312.6
8275.21
8243.59
8219.26
8203.87
8199.14
8206.89
8228.9
8266.92
8322.61
8397.44
8492.67
8609.3
8748.04
8909.27
9093.05
9299.14
9527.03
9775.99
10045.1
10333.2
10639.2
10961.8
11299.7
11651.7
12016.4
12392.8
12779.5
13175.9
13581.6
13996
14418.7
14849.3
15287.2
15732
16183.2
16640.2
17102.6
17569.9
18041.3
18516.4
18994.5
19475.2
19957.8
20441.7
20926.2
21410.7
21894.5
22376.8
22857
23334.3
23807.9
24277.2
24741.2
25199.3
25650.4
26093.8
26528.7
26954
27369
27772.9
28165.7
28547.3
28917.5
29276.3
29623.5
29958.9
30282.6
30594.4
30894
31181.5
31456.5
31719.1
31969
32206.1
32430.2
32641
32838.5
33022.2
33191.9
33346.9
33486.6
33610.1
33716.5
33804.5
33872.6
33919.4
33942.9
33941.2
33912
33852.9
33761.7
33635.8
33474.1
33276.2
33041.4
32769
32458.1
32107.7
31716.5
31282.5
30803.5
30276.5
29697.6
29062.2
28364.3
27596.4
26750.1
25815.3
24780.9
23635.2
22367
20969.2
19443.1
17807.6
16114.1
14468.4
13058.1
12168
290.476
917.204
1666.08
2362.79
2966.28
3478.29
3911.54
4280.43
4597.89
4874.56
5118.82
5337.18
5534.65
5715.09
5881.47
6036.06
6180.67
6316.67
6445.16
6567
6682.88
6793.34
6898.82
6999.66
7096.21
7188.75
7277.52
7362.71
7444.49
7522.98
7598.27
7670.44
7739.52
7805.56
7868.55
7928.51
7985.42
8039.26
8090.03
8137.69
8182.23
8223.63
8261.88
8296.98
8328.91
8357.67
8383.28
8405.74
8425.06
8441.28
8454.39
8464.43
8471.41
8475.34
8476.23
8474.07
8468.9
8460.78
8449.76
8435.88
8419.2
8399.77
8377.66
8352.93
8325.63
8295.85
8263.66
8229.16
8192.46
8153.69
8112.99
8070.56
8026.59
7981.33
7935.06
7888.12
7840.9
7793.85
7747.49
7702.4
7659.28
7618.9
7582.28
7550.72
7525.66
7508.68
7501.43
7505.61
7522.92
7555.02
7603.48
7669.69
7754.88
7860.03
7985.83
8132.7
8300.76
8489.81
8699.43
8928.92
9177.46
9444.04
9727.55
10026.8
10340.6
10667.7
11006.8
11356.7
11716.1
12084.5
12461.2
12845.9
13238.1
13637.3
14043.1
14455
14872.5
15295
15722
16153
16587.5
17024.8
17464.4
17905.8
18348.5
18791.8
19235.2
19678.1
20119.7
20559.6
20997.1
21431.5
21862.1
22288.3
22709.3
23124.4
23532.9
23933.9
24326.7
24710.3
25084
25447
25799.2
26140.7
26471.5
26791.6
27100.9
27399.5
27687.3
27964.4
28230.7
28486.1
28730.7
28964.4
29187.2
29399.1
29599.9
29789.8
29968.7
30136.5
30292.9
30437.6
30570
30689.4
30795
30885.6
30959.9
31016.3
31052.9
31067.9
31058.7
31022.9
30957.9
30860.9
30731.1
30567.7
30370.1
30137.6
29869.3
29564
29220.4
28836.6
28410.6
27939.8
27421
26850.3
26223.1
25533.8
24776.2
23943.9
23029.9
22027.9
20933.7
19748.2
18481.4
17160
15836.7
14602.6
13595.1
12987.8
266.092
846.411
1538.71
2161.41
2688.52
3128.55
3497.41
3810.26
4079.51
4314.75
4523.22
4710.38
4880.34
5036.24
5180.45
5314.82
5440.77
5559.44
5671.69
5778.24
5879.64
5976.34
6068.7
6157.01
6241.55
6322.6
6400.37
6475.04
6546.75
6615.62
6681.72
6745.11
6805.85
6863.94
6919.39
6972.21
7022.37
7069.85
7114.63
7156.69
7196
7232.56
7266.35
7297.37
7325.59
7351.04
7373.71
7393.62
7410.79
7425.23
7436.98
7446.06
7452.48
7456.26
7457.4
7455.88
7451.73
7445.01
7435.76
7424.04
7409.87
7393.31
7374.4
7353.18
7329.69
7303.98
7276.12
7246.16
7214.18
7180.29
7144.61
7107.27
7068.44
7028.33
6987.17
6945.27
6902.95
6860.6
6818.67
6777.67
6738.19
6700.87
6666.54
6636.41
6611.83
6594.24
6585.14
6586.09
6598.64
6624.3
6664.46
6720.42
6793.29
6883.98
6993.18
7121.33
7268.56
7434.76
7619.56
7822.4
8042.54
8279.09
8531.07
8797.41
9076.99
9368.62
9671.1
9983.2
10303.7
10631.8
10967.2
11309.5
11658.4
12013.3
12373.8
12739.6
13110
13484.5
13862.8
14244.2
14628.2
15014.4
15402.1
15791.1
16180.6
16570.4
16959.7
17348.2
17735.3
18120.3
18502.9
18882.4
19258.2
19629.8
19996.6
20357.9
20713.1
21061.4
21402.2
21734.6
22057.7
22370.7
22673.6
22966.6
23249.9
23523.5
23787.5
24042.1
24287.2
24523
24749.5
24966.9
25175.2
25374.4
25564.6
25745.9
25918.3
26082
26237.2
26383.9
26522.2
26651.7
26772.1
26882.8
26983
27071.9
27148.1
27210.2
27256.6
27285.1
27293.4
27278.9
27238.7
27169.9
27071.6
26943.5
26784.9
26595.3
26373.8
26119.2
25830.1
25505.2
25142.4
24739.7
24294.5
23804
23264.7
22672.8
22024.1
21315
20541.7
19701.9
18795.7
17828.2
16812.6
15775.3
14761.8
13841.9
13110.3
12673.2
240.223
766.009
1371.76
1893.64
2321.7
2672.33
2963.71
3210.48
3423.48
3610.55
3777.36
3928.03
4065.64
4192.49
4310.31
4420.46
4523.99
4621.72
4714.33
4802.34
4886.16
4966.14
5042.55
5115.61
5185.54
5252.59
5316.95
5378.77
5438.18
5495.26
5550.09
5602.72
5653.17
5701.47
5747.61
5791.58
5833.36
5872.93
5910.26
5945.34
5978.13
6008.64
6036.85
6062.74
6086.32
6107.58
6126.54
6143.21
6157.62
6169.78
6179.72
6187.47
6193.05
6196.47
6197.73
6196.79
6193.67
6188.43
6181.1
6171.74
6160.38
6147.04
6131.77
6114.57
6095.48
6074.53
6051.74
6027.17
6000.86
5972.89
5943.34
5912.32
5879.95
5846.4
5811.87
5776.58
5740.81
5704.89
5669.18
5634.1
5600.08
5567.62
5537.29
5510.19
5487.51
5470.54
5460.57
5458.95
5467.02
5486.06
5517.26
5561.7
5620.34
5694
5783.32
5888.72
6010.38
6148.23
6301.99
6471.22
6655.3
6853.51
7065.02
7288.91
7524.22
7769.89
8024.83
8287.87
8557.78
8833.68
9115.39
9402.74
9695.43
9993.11
10295.4
10601.8
10912
11225.5
11541.7
11860.4
12180.9
12502.8
12825.7
13149.3
13473.1
13796.7
14119.8
14441.7
14762.2
15080.7
15396.9
15710.2
16020.3
16326.6
16628.7
16926.1
17218.1
17504.4
17784.1
18056.6
18321
18576
18822
19059.2
19288
19508.5
19721
19925.6
20122.4
20311.5
20493.1
20667.4
20834.5
20994.6
21147.7
21293.9
21433.3
21566.2
21693
21814
21929.2
22038.7
22142
22238.8
22328.4
22410.2
22483
22545.6
22596.5
22633.9
22655.3
22658.3
22639.7
22596.2
22527.3
22433.2
22313.6
22167.9
21995.4
21795.1
21565.8
21306.2
21014.8
20690
20329.9
19932.5
19495.5
19016.5
18492.8
17923
17305.7
16640.6
15930.3
15181
14405.6
13626
12877.1
12208.5
11682.7
11364.8
208.532
662.826
1149.77
1542.31
1851.65
2100.48
2306.47
2481.66
2634.08
2769.17
2890.71
3001.4
3103.21
3197.61
3285.71
3368.4
3446.36
3520.12
3590.14
3656.78
3720.31
3780.96
3838.92
3894.31
3947.31
3998.13
4046.93
4093.83
4138.93
4182.3
4223.99
4264.03
4302.45
4339.26
4374.46
4408.03
4439.94
4470.18
4498.71
4525.52
4550.6
4573.93
4595.51
4615.32
4633.37
4649.65
4664.18
4676.97
4688.04
4697.41
4705.12
4711.18
4715.62
4718.44
4719.65
4719.19
4717.05
4713.3
4707.97
4701.11
4692.75
4682.89
4671.57
4658.79
4644.57
4628.92
4611.84
4593.37
4573.54
4552.39
4529.98
4506.38
4481.68
4456
4429.49
4402.32
4374.69
4346.87
4319.12
4291.75
4265.07
4239.37
4214.86
4192.53
4173.41
4158.56
4149
4145.81
4150.06
4162.75
4184.8
4216.97
4260.04
4314.67
4381.43
4460.72
4552.71
4657.39
4774.54
4903.85
5044.85
5197.01
5359.68
5532.15
5713.66
5903.37
6100.37
6303.63
6511.93
6724.16
6940.53
7161.08
7385.66
7614.01
7845.79
8080.67
8318.28
8558.27
8800.26
9043.9
9288.78
9534.45
9780.69
10027.2
10273.7
10519.9
10765.3
11009.8
11253
11494.5
11734
11971.2
12205.8
12437.5
12665.8
12890.4
13110.9
13326.9
13537.8
13743.1
13941.9
14132.6
14315.5
14491.3
14660.3
14823
14979.4
15129.7
15274.1
15412.7
15545.7
15673.4
15796.1
15913.9
16026.7
16134.4
16237.3
16335.8
16430.3
16521.5
16609.4
16694
16775.1
16852.5
16925.7
16994.1
17057.1
17113.5
17162.3
17201.8
17230
17244.6
17242.3
17219.1
17175.5
17112.1
17029.3
16926.5
16803.3
16658.8
16492
16302
16087.7
15847.8
15581.3
15286.7
14962.9
14608.3
14221.8
13802.8
13351.5
12868.8
12357.7
11824
11277.8
10735.2
10220.3
9765.14
9407.87
9185.65
167.546
521.37
848.914
1088.32
1269.96
1415.23
1536.58
1641.24
1733.65
1816.65
1892.22
1961.71
2026.14
2086.26
2142.67
2195.83
2246.09
2293.78
2339.13
2382.35
2423.6
2463.02
2500.69
2536.64
2571.01
2603.97
2635.64
2666.1
2695.41
2723.61
2750.75
2776.83
2801.89
2825.91
2848.9
2870.85
2891.73
2911.51
2930.18
2947.72
2964.13
2979.4
2993.53
3006.51
3018.33
3028.99
3038.51
3046.9
3054.17
3060.35
3065.44
3069.49
3072.5
3074.49
3075.45
3075.33
3074.06
3071.73
3068.39
3064.06
3058.76
3052.5
3045.29
3037.14
3028.04
3018.01
3007.04
2995.14
2982.34
2968.65
2954.11
2938.76
2922.66
2905.88
2888.51
2870.67
2852.49
2834.14
2815.81
2797.69
2779.98
2762.8
2745.86
2730.12
2716.38
2705.36
2697.78
2694.37
2695.86
2702.99
2716.29
2736.19
2763.21
2797.79
2840.4
2891.4
2950.94
3018.98
3095.39
3179.96
3272.41
3372.38
3479.45
3593.16
3712.99
3838.38
3968.72
4103.27
4240.93
4380.17
4521.83
4666.15
4813.08
4962.44
5114.02
5267.57
5422.85
5579.63
5737.66
5896.71
6056.5
6216.64
6377.01
6537.48
6697.84
6857.9
7017.42
7176.22
7334.07
7490.79
7646.17
7800
7952.08
8102.19
8250.12
8395.63
8538.49
8678.42
8815.1
8948.08
9076.62
9199.33
9315.78
9427.17
9534.05
9636.66
9735.14
9829.6
9920.16
10007
10090.2
10170.2
10247.3
10321.8
10393.1
10461.1
10525.9
10587.9
10647.8
10706.4
10763.7
10819.6
10874
10926.7
10977.6
11026.1
11072
11114.4
11152.7
11185.8
11212.4
11230.5
11237.2
11227.4
11203.1
11165.7
11115.6
11052.8
10976.8
10886.9
10782.5
10663.1
10527.9
10376.2
10207.4
10020.9
9815.92
9591.91
9348.22
9085.23
8803.49
8504.21
8189.76
7864.23
7534.24
7209.78
6904.86
6637.31
6426.72
6289.13
118.671
313.559
447.451
538.296
608.137
665.57
714.967
758.634
797.948
833.815
866.87
897.567
926.245
953.17
978.549
1002.55
1025.32
1046.96
1067.58
1087.26
1106.07
1124.06
1141.26
1157.64
1173.27
1188.28
1202.7
1216.59
1229.95
1242.83
1255.22
1267.14
1278.6
1289.59
1300.12
1310.19
1319.78
1328.85
1337.41
1345.44
1352.95
1359.95
1366.43
1372.38
1377.8
1382.68
1387.04
1390.89
1394.22
1397.05
1399.4
1401.27
1402.68
1403.63
1404.14
1404.18
1403.62
1402.57
1401.07
1399.12
1396.74
1393.92
1390.67
1386.99
1382.89
1378.36
1373.4
1368.01
1362.21
1356
1349.39
1342.41
1335.08
1327.42
1319.49
1311.33
1303.01
1294.6
1286.2
1277.9
1269.8
1261.96
1253.86
1246.18
1239.41
1233.88
1229.89
1227.81
1228
1230.93
1236.76
1245.54
1257.57
1273
1292.14
1315.28
1342.45
1373.58
1408.62
1447.47
1489.99
1536.01
1585.35
1637.79
1693.07
1750.96
1811.19
1873.5
1937.29
2000.81
2065.33
2131.06
2197.98
2265.99
2334.99
2404.87
2475.51
2546.82
2618.71
2691.07
2763.81
2836.7
2909.6
2982.52
3055.39
3128.12
3200.61
3272.76
3344.5
3415.72
3486.36
3556.31
3625.49
3693.8
3761.15
3827.44
3892.57
3956.42
4018.87
4079.73
4138.67
4194.69
4246.95
4296.85
4344.72
4390.62
4434.61
4476.74
4517.06
4555.63
4592.57
4628.06
4662.53
4696.26
4728.67
4759.24
4788.19
4815.42
4841.91
4868.48
4894.76
4920.61
4945.96
4970.78
4994.96
5018.37
5040.81
5062
5081.57
5099.08
5113.95
5125.44
5131.93
5128.34
5117.43
5100.74
5078.5
5050.57
5016.75
4976.75
4930.32
4877.15
4816.96
4749.48
4674.51
4591.8
4501.13
4402.27
4295.05
4179.99
4057.52
3928.3
3793.5
3655.06
3515.92
3380.37
3254.2
3144.47
3057.89
2996.48
32.4916
48.1779
60.2898
69.4752
77.0145
83.4939
89.2079
94.3456
99.0304
103.345
107.348
111.085
114.588
117.887
121.003
123.954
126.756
129.422
131.964
134.39
136.71
138.93
141.055
143.101
145.068
146.957
148.773
150.519
152.197
153.81
155.36
156.847
158.273
159.637
160.94
162.183
163.363
164.481
165.537
166.529
167.456
168.318
169.115
169.847
170.512
171.111
171.645
172.114
172.519
172.86
173.139
173.356
173.513
173.61
173.649
173.635
173.57
173.448
173.272
173.043
172.76
172.424
172.034
171.589
171.094
170.551
169.962
169.326
168.64
167.899
167.108
166.267
165.38
164.449
163.479
162.475
161.445
160.397
159.343
158.295
157.267
156.276
155.396
154.611
153.947
153.438
153.122
153.038
153.229
153.738
154.6
155.852
157.535
159.654
162.227
165.269
168.779
172.75
177.167
182.013
187.265
192.9
198.89
205.207
211.824
218.713
225.848
233.207
240.788
248.636
256.629
264.761
273.024
281.403
289.887
298.462
307.118
315.839
324.608
333.41
342.27
351.218
360.209
369.214
378.208
387.156
396.068
404.936
413.752
422.504
431.183
439.776
448.273
456.662
464.932
473.072
481.068
488.908
496.578
504.062
511.338
518.489
525.505
532.301
538.876
545.228
551.357
557.262
562.943
568.403
573.644
578.677
583.519
588.184
592.659
596.978
601.142
605.103
608.887
612.518
615.977
619.249
622.32
625.174
627.795
630.159
632.239
634.002
635.413
636.428
637
637.082
636.654
636.02
634.816
632.944
630.393
627.137
623.144
618.383
612.821
606.429
599.174
591.016
581.883
571.783
560.782
548.84
536.215
522.785
508.485
493.366
477.627
461.522
445.422
429.854
415.543
403.309
394.433
388.919
)
;

boundaryField
{
    walls
    {
        type            nutkWallFunction;
        Cmu             0.09;
        kappa           0.41;
        E               9.8;
        value           nonuniform List<scalar> 
400
(
1.80131
2.62445
3.24859
3.71728
4.09899
4.42543
4.71244
4.96992
5.20433
5.42018
5.62051
5.80784
5.98403
6.15055
6.30852
6.45886
6.60231
6.73947
6.87081
6.99672
7.11751
7.23342
7.34465
7.45171
7.55456
7.6531
7.7475
7.83785
7.92424
8.00675
8.08544
8.16039
8.23167
8.29932
8.36339
8.42392
8.48103
8.53487
8.58548
8.63287
8.67698
8.71778
8.75532
8.7896
8.82065
8.84845
8.87298
8.89421
8.91212
8.92667
8.93782
8.94552
8.94974
8.95044
8.94755
8.9412
8.93164
8.91857
8.90204
8.88215
8.85902
8.8328
8.80369
8.77192
8.73763
8.70113
8.66287
8.62292
8.58165
8.5395
8.4968
8.45392
8.41128
8.3693
8.32845
8.2892
8.25206
8.21755
8.1862
8.15862
8.13541
8.11733
8.10727
8.10391
8.10792
8.12038
8.14231
8.17463
8.21817
8.2734
8.34149
8.42404
8.52214
8.6353
8.76343
8.90583
9.06222
9.23259
9.41662
9.61385
9.82379
10.0459
10.2797
10.5247
10.7804
11.0465
11.3225
11.608
11.9025
12.2107
12.5294
12.8573
13.1948
13.5418
13.8985
14.2649
14.6409
15.0265
15.4219
15.8269
16.2408
16.6639
17.0952
17.5315
17.9738
18.4218
18.8745
19.3308
19.7897
20.2505
20.7123
21.1742
21.6355
22.0954
22.553
23.0075
23.4583
23.9045
24.3453
24.78
25.2081
25.634
26.0534
26.4637
26.8649
27.2565
27.6382
28.0091
28.3686
28.7159
29.0502
29.3704
29.6751
29.9618
30.2322
30.4892
30.7307
30.9546
31.1574
31.3352
31.4875
31.6138
31.7129
31.7836
31.8245
31.8346
31.8127
31.758
31.6693
31.5461
31.3873
31.1923
30.9593
30.6956
30.4095
30.0888
29.7338
29.346
28.927
28.4784
28.0016
27.4983
26.9699
26.4182
25.845
25.2474
24.6168
23.9604
23.2755
22.5513
21.7786
20.9414
20.0172
18.9738
17.7644
16.3188
14.5621
12.3229
9.34599
5.70468
1.83243
2.65814
3.28582
3.75745
4.14216
4.47127
4.76043
5.01963
5.25536
5.47199
5.67255
5.85943
6.03437
6.19883
6.35397
6.50074
6.63993
6.77223
6.89822
7.01838
7.13316
7.24291
7.34792
7.44889
7.54593
7.63909
7.72856
7.81452
7.89713
7.97649
8.05268
8.12577
8.19579
8.26278
8.32674
8.38769
8.44556
8.50038
8.55214
8.60074
8.64615
8.68838
8.7274
8.76319
8.79574
8.82506
8.85117
8.8741
8.89388
8.91056
8.92418
8.9348
8.94246
8.94721
8.94911
8.94838
8.94518
8.93923
8.93061
8.91936
8.90552
8.88909
8.87
8.84822
8.82395
8.79738
8.76854
8.73741
8.70377
8.66749
8.62869
8.58748
8.54396
8.49829
8.45068
8.40139
8.35079
8.29932
8.2475
8.19596
8.14536
8.09659
8.05322
8.01448
7.98168
7.95651
7.94081
7.93651
7.94571
7.97058
8.01277
8.07413
8.15664
8.2605
8.38658
8.53555
8.70734
8.90147
9.1172
9.35359
9.6095
9.88366
10.1747
10.4812
10.8018
11.135
11.4796
11.8345
12.1996
12.5769
12.9606
13.3504
13.7459
14.1464
14.5513
14.96
15.372
15.7865
16.2028
16.6201
17.0396
17.4628
17.8876
18.3124
18.7363
19.1575
19.5766
19.9932
20.4069
20.8172
21.2237
21.6258
22.0231
22.415
22.8009
23.1805
23.5531
23.9182
24.2751
24.6231
24.9611
25.2933
25.6189
25.9341
26.2389
26.5332
26.817
27.0904
27.3532
27.6057
27.848
28.0805
28.3042
28.5196
28.7262
28.9255
29.1175
29.3002
29.4747
29.6421
29.8015
29.9522
30.0936
30.2251
30.3458
30.4546
30.5503
30.6316
30.6965
30.7433
30.7696
30.7735
30.7538
30.7248
30.6695
30.5835
30.4662
30.3164
30.1328
29.9136
29.6576
29.3631
29.0287
28.6525
28.231
27.7645
27.256
26.7034
26.1186
25.4959
24.832
24.1291
23.3964
22.6454
21.8935
21.1653
20.4947
19.9207
19.5038
19.2446
)
;
    }
    inlet
    {
        type            calculated;
        value           nonuniform List<scalar> 
20
(
5.55376e-008
2.26713e-008
1.62741e-008
1.3431e-008
1.29169e-008
1.33612e-008
1.45013e-008
1.58346e-008
1.70195e-008
1.76849e-008
1.77098e-008
1.70975e-008
1.59368e-008
1.46009e-008
1.34885e-008
1.29235e-008
1.33535e-008
1.60944e-008
2.21397e-008
5.14854e-008
)
;
    }
    outlet
    {
        type            calculated;
        value           nonuniform List<scalar> 
20
(
5.21046e-011
4.81317e-011
5.15683e-011
5.86122e-011
6.8509e-011
8.20734e-011
1.02353e-010
1.35744e-010
2.06369e-010
3.82995e-010
6684.51
10042.1
12168
12987.8
12673.2
11364.8
9185.65
6289.13
2996.48
388.919
)
;
    }
    frontAndBack
    {
        type            empty;
    }
}


// ************************************************************************* //
