/*--------------------------------*- C++ -*----------------------------------*\
| =========                 |                                                 |
| \\      /  F ield         | OpenFOAM: The Open Source CFD Toolbox           |
|  \\    /   O peration     | Version:  5.x                                   |
|   \\  /    A nd           | Web:      www.OpenFOAM.org                      |
|    \\/     M anipulation  |                                                 |
\*---------------------------------------------------------------------------*/
/*   Windows 32 and 64 bit porting by blueCAPE: http://www.bluecape.com.pt   *\
|  Based on Windows porting (2.0.x v4) by Symscape: http://www.symscape.com   |
\*---------------------------------------------------------------------------*/
FoamFile
{
    version     2.0;
    format      ascii;
    class       surfaceScalarField;
    location    "4000";
    object      phi;
}
// * * * * * * * * * * * * * * * * * * * * * * * * * * * * * * * * * * * * * //

dimensions      [0 3 -1 0 0 0 0];

internalField   nonuniform List<scalar> 
7780
(
0.00686551
-0.00681551
0.0180275
-0.011162
0.0262909
-0.00826341
0.0301493
-0.00385833
0.0295231
0.000626142
0.0250407
0.0044824
0.0175806
0.00746012
0.00771983
0.00986078
-0.0042532
0.011973
-0.017938
0.0136848
-0.0330678
0.0151298
-0.0492617
0.0161939
-0.0659466
0.0166848
-0.0826216
0.0166751
-0.0988435
0.0162219
-0.114194
0.0153501
-0.128284
0.0140901
-0.140765
0.0124817
-0.15134
0.0105748
-0.159767
0.00842682
-0.165871
0.00610379
-0.169528
0.00365756
-0.170605
0.00107616
-0.169057
-0.001548
-0.165048
-0.00400832
-0.158783
-0.0062655
-0.150437
-0.00834589
-0.140225
-0.0102115
-0.128396
-0.0118293
-0.115217
-0.0131786
-0.100967
-0.0142506
-0.0859194
-0.0150474
-0.0703385
-0.0155809
-0.0544711
-0.0158674
-0.0385907
-0.0158804
-0.0230621
-0.0155286
-0.00800625
-0.0150558
0.00663528
-0.0146415
0.0207705
-0.0141352
0.0345137
-0.0137432
0.0478647
-0.013351
0.0606479
-0.0127832
0.0728253
-0.0121775
0.0844244
-0.011599
0.0954767
-0.0110523
0.106004
-0.0105274
0.11601
-0.0100057
0.125471
-0.00946111
0.134332
-0.00886079
0.142498
-0.00816654
0.149836
-0.00733729
0.156164
-0.0063282
0.161268
-0.00510432
0.16489
-0.00362179
0.166657
-0.0017676
0.166135
0.000522401
0.162976
0.00315901
0.156862
0.00611454
0.147424
0.00943712
0.134284
0.01314
0.117091
0.0171937
0.095566
0.0215247
0.0697199
0.0258461
0.0398246
0.0298953
0.00576016
0.0340644
-0.0327206
0.0384807
-0.075414
0.0426934
-0.122532
0.0471183
-0.173655
0.051123
-0.227669
0.0540137
-0.283739
0.0560701
-0.340978
0.0572391
-0.398376
0.0573974
-0.454808
0.0564321
-0.509057
0.0542493
-0.559837
0.0507798
-0.605821
0.0459846
-0.645669
0.0398478
-0.678076
0.032407
-0.701784
0.0237082
-0.715393
0.0136082
-0.717357
0.00196448
-0.706558
-0.0107995
-0.682509
-0.0240489
-0.644735
-0.0377735
-0.592667
-0.052068
-0.525911
-0.0667565
-0.444289
-0.0816219
-0.348082
-0.0962064
-0.239269
-0.108813
-0.119184
-0.120086
0.0125712
-0.131755
0.155358
-0.142787
0.308791
-0.153433
0.472203
-0.163412
0.642696
-0.170493
0.816952
-0.174256
0.992407
-0.175455
1.16643
-0.174025
1.33623
-0.169799
1.49889
-0.162662
1.65145
-0.152562
1.79097
-0.139512
1.91458
-0.123614
2.01959
-0.10501
2.10357
-0.0839837
2.1644
-0.0608224
2.19995
-0.0355508
2.2076
-0.00765555
2.18571
0.0218967
2.13435
0.0513517
2.05394
0.0804116
1.94461
0.109336
1.80679
0.137815
1.64134
0.165451
1.44945
0.19189
1.23264
0.216807
0.992915
0.239729
0.733886
0.259029
0.461473
0.272413
0.177976
0.283497
-0.116788
0.294764
-0.420496
0.303708
-0.734535
0.314039
-1.05563
0.321097
-1.37673
0.321094
-1.69425
0.317524
-2.00538
0.311135
-2.3074
0.302016
-2.59768
0.290284
-2.87371
0.276028
-3.13304
0.25933
-3.37333
0.240289
-3.59234
0.219007
-3.78793
0.195589
-3.95807
0.17014
-4.10084
0.14277
-4.21442
0.113585
-4.29708
0.0826606
-4.34685
0.0497644
-4.36085
0.0139982
-4.33689
-0.0239523
-4.2748
-0.0620968
-4.17408
-0.100714
-4.03346
-0.140626
-3.85179
-0.18167
-3.62817
-0.223613
-3.36196
-0.266219
-3.05272
-0.309234
-2.70033
-0.35239
-2.30496
-0.395373
-1.86734
-0.437617
-1.39042
-0.476925
-0.884043
-0.506374
-0.350918
-0.533125
0.213101
-0.56402
0.804289
-0.591188
1.42492
-0.620632
2.07146
-0.64654
2.7316
-0.66014
3.39621
-0.664613
4.05803
-0.661814
4.70945
-0.65142
5.34232
-0.632868
5.94801
-0.605692
6.51756
-0.569555
7.04183
-0.524268
7.51163
-0.469804
7.91796
-0.406329
8.25215
-0.334189
8.50617
-0.254013
8.67264
-0.166478
8.74209
-0.0694487
8.70458
0.037517
8.55716
0.14741
8.3004
0.25677
7.93381
0.366586
7.45761
0.476195
6.87369
0.58392
6.18576
0.687935
5.39927
0.786487
4.52137
0.877899
3.56095
0.960427
2.53254
1.02841
1.46455
1.06799
0.374811
1.08974
-0.73616
1.11097
-1.85703
1.12087
-2.97882
1.1218
-4.08001
1.10119
-5.12374
1.04372
-6.0768
0.953062
-6.90616
0.829354
-7.57057
0.664413
-8.01416
0.443595
-8.16392
0.149756
-7.95166
-0.212263
-7.39198
-0.559678
-6.58127
-0.810703
-0.69792
0.00992139
-0.0166869
0.014039
-0.0152797
0.0157116
-0.00993599
0.0152631
-0.00340979
0.0128257
0.00306351
0.00838203
0.00892608
0.00187377
0.0139684
-0.0065455
0.0182801
-0.0165308
0.0219583
-0.0278149
0.024969
-0.0400053
0.0273202
-0.0527599
0.0289485
-0.0658215
0.0297463
-0.0788606
0.0297142
-0.0915264
0.0288877
-0.103485
0.0273082
-0.114425
0.0250308
-0.12407
0.0221269
-0.132179
0.0186839
-0.138554
0.0148012
-0.143037
0.0105871
-0.145526
0.00614658
-0.146022
0.00157236
-0.144572
-0.00299861
-0.14118
-0.00739994
-0.135916
-0.0115299
-0.128933
-0.0153286
-0.120412
-0.0187326
-0.110552
-0.0216894
-0.0995671
-0.0241633
-0.087681
-0.0261367
-0.0751197
-0.0276088
-0.0621075
-0.0285931
-0.0488627
-0.0291122
-0.0355616
-0.0291814
-0.0222583
-0.0288319
-0.00909033
-0.0282238
0.00373669
-0.0274686
0.0161868
-0.0265853
0.0281109
-0.0256673
0.0394734
-0.0247135
0.0503586
-0.0236683
0.0607667
-0.0225857
0.0706805
-0.0215128
0.080089
-0.0204608
0.0889806
-0.019419
0.0973335
-0.0183586
0.105109
-0.0172361
0.112243
-0.0159953
0.118646
-0.0145695
0.124194
-0.0128856
0.128732
-0.0108654
0.13206
-0.00843328
0.133945
-0.00550676
0.134165
-0.00198719
0.132508
0.00217948
0.12868
0.00698684
0.122365
0.0124294
0.113293
0.0185098
0.101231
0.025202
0.0859907
0.0324335
0.0674408
0.0400746
0.0453833
0.0479036
0.0195299
0.0557487
-0.0100725
0.0636669
-0.0431468
0.071555
-0.0795897
0.0791364
-0.118777
0.086306
-0.160314
0.0926591
-0.203975
0.0976752
-0.249098
0.101193
-0.294894
0.103035
-0.340494
0.102998
-0.384955
0.100893
-0.427264
0.0965583
-0.466353
0.0898691
-0.501115
0.080746
-0.530421
0.0691539
-0.553127
0.0551129
-0.568088
0.038669
-0.574324
0.0198441
-0.571128
-0.00123168
-0.557736
-0.024191
-0.53322
-0.0485651
-0.496936
-0.0740569
-0.448599
-0.100405
-0.388128
-0.127228
-0.315706
-0.154044
-0.231718
-0.180195
-0.135759
-0.204772
-0.0280257
-0.227819
0.0898546
-0.249635
0.216671
-0.269604
0.350579
-0.287341
0.489423
-0.302256
0.631967
-0.313037
0.776681
-0.31897
0.921206
-0.31998
1.06307
-0.315887
1.19976
-0.306495
1.32878
-0.291682
1.44765
-0.271424
1.55394
-0.24581
1.64538
-0.215047
1.71981
-0.179444
1.77526
-0.139438
1.80995
-0.0955118
1.82247
-0.0480622
1.81233
0.00248109
1.77912
0.0551071
1.72195
0.108519
1.64046
0.161902
1.53507
0.214725
1.40654
0.266341
1.25595
0.31605
1.08469
0.363151
0.894555
0.406937
0.687683
0.446601
0.465707
0.481005
0.22869
0.509429
-0.0211832
0.53337
-0.279963
0.553543
-0.545533
0.569278
-0.812751
0.581257
-1.07965
0.587996
-1.34616
0.587607
-1.60962
0.580982
-1.86727
0.568786
-2.11659
0.551337
-2.3552
0.528892
-2.58084
0.501669
-2.79139
0.469877
-2.98482
0.433717
-3.15919
0.393385
-3.31268
0.34907
-3.44348
0.300949
-3.5499
0.249187
-3.63024
0.193924
-3.68284
0.135258
-3.70623
0.0731575
-3.69979
0.00755681
-3.66273
-0.0610145
-3.59314
-0.131685
-3.4896
-0.204251
-3.35146
-0.278763
-3.17816
-0.354976
-2.96926
-0.432507
-2.7246
-0.510882
-2.44431
-0.589527
-2.12895
-0.667747
-1.77968
-0.744647
-1.39828
-0.81901
-0.986411
-0.888797
-0.541298
-0.951487
-0.064726
-1.0097
0.436021
-1.06477
0.95886
-1.11403
1.49588
-1.15765
2.04202
-1.19268
2.59611
-1.21423
3.1532
-1.2217
3.7065
-1.21512
4.24899
-1.19391
4.7735
-1.15737
5.27268
-1.10488
5.7391
-1.03597
6.16523
-0.950404
6.54365
-0.84822
6.86705
-0.729736
7.12843
-0.595561
7.32101
-0.4466
7.43841
-0.283876
7.4769
-0.107934
7.43485
0.0795667
7.30815
0.274109
7.09298
0.471937
6.78878
0.670791
6.39685
0.86812
5.91989
1.06088
5.36204
1.24579
4.72911
1.41942
4.02883
1.57817
3.27111
1.71815
2.46567
1.83385
1.61405
1.91961
0.724734
1.97906
-0.179477
2.01518
-1.0825
2.02389
-1.96438
2.00367
-2.81112
1.94793
-3.61448
1.84709
-4.35908
1.69766
-5.02568
1.49596
-5.59562
1.23435
-6.05446
0.902436
-6.39616
0.491456
-6.61802
0.00959983
-6.68143
-0.496272
-6.54103
-0.951101
-1.01484
0.00737641
-0.0240133
0.00898668
-0.0168899
0.00837161
-0.00932092
0.00641409
-0.00145226
0.00323984
0.00623776
-0.00122789
0.0133938
-0.00707924
0.0198197
-0.0142646
0.0254654
-0.0226132
0.0303069
-0.0319245
0.0342802
-0.0419388
0.0373346
-0.0523873
0.039397
-0.0630341
0.0403931
-0.0736233
0.0403034
-0.0838832
0.0391476
-0.0935476
0.0369726
-0.102366
0.0338492
-0.110112
0.0298728
-0.116588
0.0251604
-0.121634
0.0198463
-0.125124
0.0140774
-0.126983
0.00800562
-0.127195
0.00178444
-0.125777
-0.00441662
-0.122753
-0.0104237
-0.118186
-0.0160969
-0.112188
-0.0213272
-0.104898
-0.0260218
-0.0964792
-0.0301086
-0.0871042
-0.0335383
-0.0769556
-0.0362853
-0.0662175
-0.0383469
-0.0550697
-0.0397409
-0.0436792
-0.0405027
-0.0321792
-0.0406814
-0.0206626
-0.0403485
-0.00925954
-0.0396269
0.00189786
-0.0386259
0.0127296
-0.037417
0.0231457
-0.0360835
0.0330963
-0.0346641
0.0425984
-0.0331704
0.051655
-0.0316422
0.0602535
-0.0301114
0.0683781
-0.0285854
0.0760079
-0.0270488
0.0831129
-0.0254636
0.0896492
-0.0237724
0.0955546
-0.0219006
0.100745
-0.0197599
0.105112
-0.0172528
0.108522
-0.0142757
0.110815
-0.0107256
0.111808
-0.00650012
0.111323
-0.00150255
0.109171
0.00433214
0.105129
0.0110289
0.0989671
0.018591
0.0904756
0.0270013
0.0794716
0.0362061
0.0658008
0.0461043
0.0493311
0.0565444
0.0299115
0.0673232
0.00741584
0.0782443
-0.0180877
0.0891704
-0.0464203
0.0998876
-0.0773737
0.11009
-0.110556
0.119488
-0.145565
0.127668
-0.182057
0.134168
-0.219523
0.138658
-0.257321
0.140833
-0.294729
0.140406
-0.330953
0.137117
-0.365137
0.130743
-0.39638
0.121112
-0.423746
0.108112
-0.446285
0.0916931
-0.463044
0.0718719
-0.473101
0.048726
-0.475646
0.0223894
-0.469981
-0.00689696
-0.455427
-0.0387448
-0.431315
-0.0726779
-0.397137
-0.108235
-0.352614
-0.144928
-0.297658
-0.182184
-0.232353
-0.219349
-0.156864
-0.255683
-0.0712397
-0.290396
0.0239913
-0.32305
0.127648
-0.353292
0.238464
-0.38042
0.354872
-0.403748
0.475074
-0.422458
0.597553
-0.435516
0.720734
-0.442151
0.842677
-0.441923
0.961288
-0.434497
1.07442
-0.419625
1.17993
-0.397191
1.27572
-0.367219
1.3598
-0.329886
1.43028
-0.285525
1.48544
-0.234611
1.52376
-0.177756
1.54392
-0.11567
1.54498
-0.0491178
1.52644
0.0210213
1.48795
0.0935887
1.42917
0.167299
1.35004
0.241036
1.25094
0.313821
1.13261
0.384674
0.996036
0.452625
0.84246
0.516727
0.673339
0.576058
0.490208
0.629732
0.294321
0.676892
0.0866894
0.717061
-0.130552
0.750611
-0.354726
0.777717
-0.583503
0.798055
-0.813874
0.811628
-1.04357
0.817691
-1.27144
0.815473
-1.49568
0.805225
-1.71421
0.787312
-1.92494
0.762071
-2.12587
0.729822
-2.31507
0.690867
-2.49069
0.645502
-2.65099
0.594011
-2.79427
0.536668
-2.91894
0.473736
-3.02345
0.40546
-3.10633
0.332068
-3.16617
0.25377
-3.20167
0.170749
-3.21168
0.0831736
-3.19539
-0.00873605
-3.15188
-0.104523
-3.07997
-0.203593
-2.97867
-0.305557
-2.84733
-0.410099
-2.68554
-0.516771
-2.49305
-0.624996
-2.26986
-0.734068
-2.01625
-0.843139
-1.73281
-0.951192
-1.42044
-1.05701
-1.08031
-1.15914
-0.713223
-1.25589
-0.319111
-1.3456
0.0995389
-1.42835
0.538522
-1.50375
0.99436
-1.56986
1.46201
-1.6253
1.93676
-1.66742
2.41553
-1.69301
2.89423
-1.7004
3.3676
-1.68848
3.82988
-1.6562
4.27506
-1.60255
4.69693
-1.52675
5.08923
-1.42827
5.4457
-1.30687
5.76019
-1.16271
6.02677
-0.996311
6.23981
-0.8086
6.39411
-0.600903
6.48514
-0.374906
6.50976
-0.132551
6.46597
0.123352
6.35145
0.388626
6.16436
0.659036
5.90446
0.930691
5.57305
1.19952
5.17274
1.46119
4.70742
1.71112
4.18223
1.9446
3.60358
2.15683
2.97883
2.34289
2.31493
2.49776
1.61737
2.61717
0.896109
2.70032
0.16472
2.74657
-0.56437
2.75298
-1.27769
2.71699
-1.96375
2.63399
-2.61486
2.4982
-3.22294
2.30574
-3.77969
2.05271
-4.27919
1.73385
-4.72018
1.34343
-5.10679
0.87806
-5.44105
0.343863
-5.70371
-0.233609
-5.83901
-0.815801
-1.069
0.00382598
-0.0277893
0.00404411
-0.0171081
0.00267965
-0.00795646
0.000331529
0.000895857
-0.00289017
0.00945946
-0.00703306
0.0175367
-0.0121578
0.0249444
-0.0182501
0.0315577
-0.0252153
0.0372721
-0.032913
0.041978
-0.0411584
0.04558
-0.0497487
0.0479873
-0.0584841
0.0491284
-0.0671529
0.0489723
-0.0755358
0.0475305
-0.0834174
0.0448542
-0.090593
0.0410248
-0.0968765
0.0361564
-0.102106
0.0303898
-0.106148
0.0238885
-0.108903
0.0168322
-0.110307
0.0094101
-0.110339
0.00181608
-0.109004
-0.0057513
-0.106329
-0.0130986
-0.102369
-0.0200569
-0.0972123
-0.0264844
-0.0909701
-0.0322639
-0.0837732
-0.0373055
-0.0757638
-0.0415477
-0.067091
-0.0449581
-0.0579054
-0.0475326
-0.0483531
-0.0492932
-0.0385698
-0.050286
-0.028672
-0.0505792
-0.0187577
-0.0502628
-0.00893334
-0.0494513
0.000698597
-0.0482579
0.0100603
-0.0467787
0.0190822
-0.0451053
0.0277205
-0.0433025
0.0359639
-0.0414138
0.0438031
-0.0394815
0.0512242
-0.0375324
0.0582092
-0.0355704
0.0647346
-0.0335742
0.0707688
-0.0314978
0.0762683
-0.0292719
0.0811752
-0.0268075
0.0854145
-0.0239992
0.0888925
-0.0207308
0.0914967
-0.0168799
0.0930957
-0.0123246
0.0935444
-0.00694884
0.0926921
-0.000650193
0.0903786
0.00664562
0.0864301
0.0149773
0.0806699
0.0243513
0.0729322
0.034739
0.0630698
0.0460685
0.0509558
0.0582183
0.0364832
0.071017
0.0195595
0.0842469
0.00013595
0.0976679
-0.0217289
0.111035
-0.0458897
0.124048
-0.0721435
0.136344
-0.100189
0.147533
-0.129686
0.157165
-0.160282
0.164764
-0.19153
0.169906
-0.222894
0.172197
-0.25377
0.171282
-0.283488
0.166835
-0.311327
0.158582
-0.336526
0.146311
-0.358296
0.129883
-0.375838
0.109235
-0.388359
0.084392
-0.395094
0.0554612
-0.395346
0.0226417
-0.388487
-0.0137557
-0.373935
-0.0532972
-0.35116
-0.0954527
-0.319756
-0.139639
-0.279475
-0.185209
-0.230221
-0.231438
-0.172045
-0.277524
-0.105117
-0.322611
-0.0296974
-0.365816
0.0536326
-0.40638
0.143905
-0.443564
0.239966
-0.47648
0.340443
-0.504225
0.443824
-0.525839
0.548643
-0.540335
0.653364
-0.546872
0.756291
-0.54485
0.855632
-0.533838
0.949555
-0.513548
1.03624
-0.48388
1.11394
-0.444917
1.18099
-0.39693
1.23584
-0.340377
1.27712
-0.275893
1.30363
-0.20427
1.3144
-0.126437
1.30872
-0.0434384
1.28618
0.0435604
1.24654
0.133229
1.18968
0.224161
1.1157
0.315011
1.02502
0.404506
0.918283
0.491411
0.796372
0.574536
0.660348
0.652752
0.511404
0.725002
0.350799
0.790337
0.179746
0.847946
-0.000490654
0.897298
-0.188148
0.938269
-0.38116
0.970729
-0.577494
0.99439
-0.77496
1.00909
-0.971694
1.01443
-1.16626
1.01004
-1.35709
0.996052
-1.54248
0.972702
-1.72072
0.940311
-1.89012
0.899227
-2.04906
0.849803
-2.19595
0.792396
-2.32929
0.727352
-2.44764
0.655011
-2.5496
0.575697
-2.63385
0.489718
-2.69915
0.397367
-2.74431
0.298929
-2.76825
0.194682
-2.76999
0.084921
-2.74872
-0.0300051
-2.70362
-0.149628
-2.63382
-0.273395
-2.53858
-0.400792
-2.41739
-0.53129
-2.26991
-0.664251
-2.096
-0.798908
-1.89572
-0.934348
-1.66936
-1.06949
-1.41746
-1.2031
-1.14076
-1.33371
-0.840172
-1.45973
-0.516632
-1.57942
-0.171115
-1.69112
0.194221
-1.79368
0.576234
-1.88576
0.971661
-1.96529
1.37657
-2.03021
1.78708
-2.07793
2.19977
-2.1057
2.61079
-2.11143
3.01576
-2.09345
3.40987
-2.05031
3.78806
-1.98074
4.14511
-1.8838
4.47577
-1.75892
4.77482
-1.60592
5.03718
-1.42508
5.25801
-1.21714
5.43281
-0.983392
5.5575
-0.725599
5.62867
-0.44607
5.64377
-0.147651
5.60105
0.166063
5.49908
0.490597
5.337
0.821115
5.11503
1.15266
4.83452
1.48004
4.49791
1.79781
4.10867
2.10036
3.67128
2.38199
3.1911
2.63701
2.6741
2.85988
2.12646
3.0454
1.55447
3.18915
0.966368
3.28842
0.371997
3.34094
-0.218909
3.34389
-0.796629
3.29471
-1.35291
3.19027
-1.88183
3.02712
-2.37876
2.80267
-2.84067
2.51462
-3.26733
2.16051
-3.66213
1.73823
-4.03148
1.24741
-4.37984
0.692228
-4.69922
0.0857656
-4.9619
-0.553116
-0.926773
0.000785424
-0.0285247
0.000198078
-0.0165207
-0.00138499
-0.00637338
-0.00368544
0.0031963
-0.00663536
0.0124094
-0.010263
0.0211644
-0.0146076
0.029289
-0.0196659
0.0366161
-0.0253813
0.0429875
-0.031656
0.0482526
-0.0383561
0.0522801
-0.0453271
0.0549583
-0.0524076
0.0562089
-0.0594248
0.0559895
-0.066201
0.0543066
-0.0725627
0.0512159
-0.0783439
0.046806
-0.083393
0.0412055
-0.0875779
0.0345747
-0.09079
0.0271007
-0.0929475
0.0189896
-0.0939974
0.01046
-0.0939169
0.00173558
-0.092708
-0.00696016
-0.0903937
-0.015413
-0.0870201
-0.0234304
-0.0826576
-0.0308469
-0.0773957
-0.0375258
-0.0713391
-0.0433621
-0.0646027
-0.0482841
-0.0573072
-0.0522536
-0.0495748
-0.055265
-0.0415244
-0.0573436
-0.0332679
-0.0585425
-0.0249052
-0.0589419
-0.0165246
-0.0586434
-0.00821476
-0.0577611
-5.80287e-005
-0.0564146
0.0078784
-0.0547151
0.015538
-0.0527649
0.0228814
-0.0506459
0.0298876
-0.0484199
0.0365406
-0.0461345
0.0428242
-0.043816
0.0487195
-0.0414658
0.0542031
-0.0390578
0.0592443
-0.036539
0.0638032
-0.0338308
0.0678283
-0.0308325
0.0712548
-0.0274257
0.0740036
-0.0234797
0.0759816
-0.0188578
0.0770817
-0.0134247
0.0771869
-0.00705395
0.0761728
0.000363844
0.0739088
0.00890964
0.0702574
0.0186287
0.0650809
0.0295277
0.0582497
0.0415702
0.0496474
0.0546708
0.0391746
0.0686911
0.026752
0.0834396
0.0123245
0.0986744
-0.00412166
0.114114
-0.0225303
0.129444
-0.0427798
0.144298
-0.0646938
0.158258
-0.0880296
0.170869
-0.112502
0.181637
-0.137789
0.190051
-0.163508
0.195624
-0.189208
0.197898
-0.21439
0.196463
-0.238498
0.190943
-0.260931
0.181015
-0.281058
0.166437
-0.298224
0.147048
-0.311767
0.122778
-0.32103
0.0936551
-0.325381
0.059812
-0.32423
0.0214908
-0.317038
-0.0209474
-0.303316
-0.0670189
-0.282638
-0.116131
-0.254672
-0.167604
-0.219212
-0.22067
-0.176175
-0.274475
-0.125612
-0.328087
-0.0677063
-0.380517
-0.0027808
-0.430741
0.0686042
-0.477765
0.145625
-0.520586
0.227277
-0.558132
0.312384
-0.589332
0.399652
-0.613107
0.487762
-0.628445
0.575326
-0.634436
0.66087
-0.630395
0.74288
-0.615847
0.819811
-0.590479
0.890149
-0.554219
0.952444
-0.507212
1.00534
-0.449822
1.04759
-0.382628
1.0781
-0.30641
1.09596
-0.222129
1.10043
-0.130903
1.09098
-0.0339884
1.0673
0.067235
1.02926
0.171273
0.976849
0.276573
0.910254
0.381606
0.829871
0.484889
0.736285
0.584996
0.630253
0.680569
0.512666
0.770338
0.384523
0.853145
0.24689
0.92797
0.100873
0.993962
-0.0523201
1.05049
-0.211229
1.09718
-0.374221
1.13372
-0.539636
1.1598
-0.70579
1.17525
-0.871142
1.17978
-1.03434
1.17324
-1.19402
1.15574
-1.34878
1.12746
-1.49721
1.08873
-1.6379
1.03992
-1.7695
0.981405
-1.89069
0.913588
-2.00021
0.836865
-2.09682
0.751623
-2.17936
0.658239
-2.24672
0.557076
-2.29784
0.448486
-2.33173
0.33282
-2.34748
0.210433
-2.34427
0.0817081
-2.32135
-0.0529251
-2.27802
-0.192954
-2.21362
-0.337796
-2.12758
-0.486832
-2.01949
-0.639382
-1.88909
-0.794651
-1.73629
-0.951708
-1.56117
-1.10946
-1.36402
-1.26665
-1.1453
-1.42182
-0.905652
-1.57335
-0.645912
-1.71947
-0.367065
-1.85827
-0.0703416
-1.98784
0.242356
-2.10638
0.568519
-2.21193
0.905357
-2.30213
1.24969
-2.37454
1.59823
-2.42647
1.94778
-2.45525
2.2949
-2.45854
2.63586
-2.43441
2.96668
-2.38112
3.2831
-2.29716
3.58079
-2.1815
3.85542
-2.03355
4.10269
-1.8532
4.31849
-1.64087
4.4989
-1.39756
4.64036
-1.12485
4.73972
-0.824958
4.79437
-0.500714
4.80233
-0.155618
4.76228
0.206114
4.67334
0.579535
4.53524
0.959219
4.3485
1.33941
4.11449
1.71404
3.83548
2.07682
3.51452
2.42131
3.15547
2.74104
2.76284
3.02964
2.34167
3.28105
1.89737
3.48971
1.43571
3.65081
0.963444
3.76069
0.487983
3.8164
0.0167438
3.81513
-0.443213
3.75467
-0.886078
3.63314
-1.30784
3.44888
-1.70627
3.2011
-2.08134
2.88968
-2.43584
2.51502
-2.77584
2.07823
-3.11007
1.58164
-3.44711
1.02927
-3.78991
0.428562
-4.12768
-0.215344
-0.658739
-0.00111021
-0.0273645
-0.00216808
-0.0154628
-0.00375114
-0.00479033
-0.00582102
0.00526618
-0.00835949
0.0149478
-0.0113899
0.0241948
-0.0149404
0.0328395
-0.0190129
0.0406886
-0.0235731
0.0475477
-0.0285535
0.053233
-0.0338578
0.0575844
-0.0393692
0.0604697
-0.0449633
0.0618029
-0.0505028
0.0615291
-0.0558458
0.0596496
-0.0608567
0.0562269
-0.0654034
0.0513526
-0.0693651
0.0451672
-0.0726366
0.0378462
-0.0751311
0.0295952
-0.0767828
0.0206414
-0.0775486
0.0112258
-0.077408
0.00159492
-0.0763609
-0.00800725
-0.0744258
-0.0173481
-0.0716398
-0.0262164
-0.0680581
-0.0344286
-0.0637511
-0.0418328
-0.0588012
-0.0483121
-0.053299
-0.0537863
-0.0473401
-0.0582125
-0.0410214
-0.0615837
-0.0344379
-0.0639271
-0.0276806
-0.0652998
-0.0208318
-0.0657906
-0.0139647
-0.0655105
-0.00715191
-0.0645739
-0.000459546
-0.063107
0.00605719
-0.0612319
0.0123525
-0.0590602
0.0183925
-0.0566858
0.0241543
-0.0541817
0.02962
-0.0516002
0.034773
-0.048969
0.039595
-0.0462878
0.0440641
-0.0435269
0.0481529
-0.0406278
0.0518266
-0.0375045
0.0550415
-0.0340475
0.0577438
-0.030128
0.0598688
-0.0256047
0.0613414
-0.0203304
0.0620764
-0.0141597
0.0619806
-0.00695822
0.0609553
0.00138921
0.0588966
0.0109683
0.055698
0.0218274
0.0512535
0.0339722
0.0454638
0.04736
0.0382398
0.0618947
0.0295072
0.0774237
0.0192102
0.0937366
0.00731696
0.110568
-0.00616948
0.1276
-0.0211974
0.144472
-0.0376659
0.160766
-0.0554286
0.17602
-0.0742907
0.189731
-0.0940184
0.201365
-0.114341
0.210374
-0.13494
0.216223
-0.155445
0.218404
-0.175456
0.216474
-0.194524
0.210011
-0.212162
0.198653
-0.227859
0.182134
-0.241087
0.160276
-0.251312
0.133003
-0.258004
0.100347
-0.260651
0.0624588
-0.25877
0.0196098
-0.251917
-0.0277999
-0.239694
-0.0792418
-0.221759
-0.134066
-0.197848
-0.191515
-0.167795
-0.250724
-0.131537
-0.310733
-0.0891299
-0.370495
-0.0407511
-0.428896
0.0132816
-0.484774
0.0724694
-0.536953
0.136121
-0.584238
0.203391
-0.625402
0.273294
-0.659236
0.344742
-0.684555
0.416617
-0.70032
0.487725
-0.705543
0.556828
-0.699498
0.622683
-0.681702
0.684019
-0.651814
0.739608
-0.609808
0.788284
-0.555888
0.828971
-0.490508
0.860698
-0.414355
0.882624
-0.328337
0.894052
-0.233556
0.894441
-0.131292
0.883418
-0.0229654
0.860773
0.0898796
0.82644
0.205606
0.780483
0.32253
0.723115
0.438974
0.654697
0.553307
0.575737
0.663956
0.486866
0.76944
0.38882
0.868384
0.282418
0.959547
0.168544
1.04184
0.0481434
1.11436
-0.0777541
1.17639
-0.207974
1.2274
-0.341239
1.26699
-0.476228
1.29479
-0.611656
1.31068
-0.746276
1.3144
-0.878947
1.30591
-1.00855
1.28534
-1.13393
1.25284
-1.25395
1.20875
-1.36749
1.15345
-1.47344
1.08736
-1.57073
1.01089
-1.65834
0.92447
-1.73525
0.828537
-1.80052
0.723502
-1.85321
0.609773
-1.89248
0.487751
-1.9175
0.35784
-1.92752
0.220454
-1.92185
0.0760399
-1.89986
-0.0749113
-1.86098
-0.231838
-1.80467
-0.394103
-1.7305
-0.561004
-1.63814
-0.731744
-1.52739
-0.905401
-1.39819
-1.08091
-1.25063
-1.25702
-1.08495
-1.43233
-0.901554
-1.60522
-0.701009
-1.7739
-0.484058
-1.93642
-0.251635
-2.09069
-0.00493244
-2.23454
0.254429
-2.36574
0.52442
-2.48192
0.802739
-2.58045
1.08681
-2.65862
1.37389
-2.71355
1.6612
-2.74256
1.9458
-2.74314
2.22462
-2.71323
2.4944
-2.6509
2.75165
-2.5544
2.99283
-2.42268
3.21445
-2.25517
3.41308
-2.05183
3.58547
-1.81326
3.72856
-1.54065
3.83959
-1.23589
3.9162
-0.901562
3.95644
-0.540952
3.95888
-0.158066
3.92263
0.242371
3.84721
0.654947
3.73273
1.07371
3.57987
1.49227
3.39
1.90391
3.16515
2.30167
2.90798
2.67848
2.62175
3.02727
2.31022
3.34118
1.97757
3.6137
1.62834
3.83894
1.26737
4.01177
0.900006
4.12805
0.531771
4.18464
0.168158
4.17874
-0.185842
4.10867
-0.526415
3.97371
-0.851258
3.77372
-1.1599
3.50974
-1.45413
3.18391
-1.73852
2.79941
-2.02081
2.36052
-2.31176
1.87259
-2.62398
1.34148
-2.96937
0.773958
-3.35244
0.167721
-0.312464
-0.00183734
-0.0254772
-0.00310847
-0.0141917
-0.00456172
-0.00333708
-0.00630708
0.00701154
-0.00836565
0.0170064
-0.0107634
0.0265925
-0.0135242
0.0356003
-0.0166535
0.0438179
-0.0201317
0.0510259
-0.023914
0.0570153
-0.0279329
0.0616033
-0.0321025
0.0646393
-0.0363325
0.066033
-0.0405188
0.0657154
-0.044552
0.0636828
-0.0483318
0.0600067
-0.0517568
0.0547776
-0.0547348
0.0481452
-0.0571854
0.0402969
-0.0590424
0.0314522
-0.0602552
0.0218542
-0.0607901
0.0117607
-0.0606304
0.00143519
-0.0597752
-0.0088624
-0.0582386
-0.0188848
-0.0560488
-0.0284063
-0.0532474
-0.0372299
-0.0498878
-0.0451924
-0.0460322
-0.0521677
-0.0417492
-0.0580693
-0.0371114
-0.0628503
-0.0321923
-0.0665028
-0.0270644
-0.069055
-0.0217992
-0.070565
-0.0164612
-0.0711286
-0.0111062
-0.0708655
-0.00579202
-0.0698881
-0.000569691
-0.0683293
0.00451806
-0.0663196
0.00943577
-0.0639779
0.0141559
-0.061406
0.018658
-0.0586838
0.0229255
-0.0558677
0.0269431
-0.0529867
0.0306948
-0.0500394
0.0341619
-0.046994
0.0373214
-0.0437874
0.0401452
-0.0403283
0.0425981
-0.0365004
0.0446377
-0.0321677
0.0462138
-0.0271809
0.0472685
-0.021385
0.0477366
-0.0146278
0.0475472
-0.00676886
0.0466251
0.00231128
0.044892
0.0127014
0.0422682
0.0244513
0.0386752
0.0375651
0.0340401
0.0519951
0.0282981
0.0676368
0.0213962
0.0843256
0.0132971
0.101836
0.0039839
0.119881
-0.00653333
0.138118
-0.0182101
0.156149
-0.030966
0.173522
-0.0446857
0.18974
-0.0592186
0.204264
-0.0743828
0.216529
-0.0899659
0.225957
-0.105717
0.231974
-0.121344
0.23403
-0.136543
0.231673
-0.15097
0.224438
-0.164243
0.211927
-0.17597
0.193861
-0.185745
0.170051
-0.193156
0.140414
-0.197793
0.104985
-0.19926
0.0639257
-0.19718
0.0175298
-0.191206
-0.0337742
-0.181026
-0.0894213
-0.166377
-0.148715
-0.147056
-0.210836
-0.122935
-0.274845
-0.0939703
-0.339697
-0.0602145
-0.404251
-0.0218253
-0.467285
0.0209221
-0.527521
0.0676144
-0.583645
0.117697
-0.63432
0.17049
-0.678195
0.225209
-0.713955
0.280971
-0.740316
0.336883
-0.756232
0.391971
-0.760631
0.445251
-0.752779
0.495751
-0.732202
0.542466
-0.698529
0.584444
-0.651787
0.620795
-0.592239
0.650702
-0.520416
0.673444
-0.437097
0.688401
-0.343295
0.695076
-0.240231
0.693093
-0.129309
0.682205
-0.0120771
0.662289
0.109796
0.633334
0.23456
0.59544
0.360424
0.548811
0.485603
0.493763
0.608354
0.430712
0.727007
0.360163
0.839989
0.282695
0.945852
0.198953
1.04329
0.109631
1.13117
0.0154755
1.20852
-0.0827033
1.27457
-0.184015
1.32871
-0.287508
1.37048
-0.392174
1.39946
-0.497071
1.41557
-0.601237
1.41856
-0.703786
1.40846
-0.803865
1.38542
-0.900557
1.34953
-0.992995
1.30119
-1.08032
1.24078
-1.16169
1.16873
-1.23628
1.08547
-1.30327
0.991463
-1.36189
0.887156
-1.41138
0.772995
-1.45103
0.64942
-1.48015
0.516869
-1.49809
0.375783
-1.50426
0.226623
-1.4981
0.069878
-1.4791
-0.0939116
-1.44679
-0.26414
-1.40078
-0.44012
-1.3407
-0.621078
-1.26632
-0.806128
-1.17747
-0.994252
-1.07411
-1.18427
-0.956302
-1.37482
-0.824258
-1.56437
-0.678301
-1.75117
-0.518907
-1.93329
-0.346701
-2.10863
-0.162491
-2.2749
0.0326974
-2.42973
0.23755
-2.57059
0.450468
-2.69483
0.669637
-2.79962
0.893038
-2.88202
1.11845
-2.93896
1.34361
-2.96773
1.56611
-2.96565
1.78357
-2.93069
1.99343
-2.86076
2.19287
-2.75383
2.37913
-2.60895
2.54952
-2.42556
2.70144
-2.20375
2.83242
-1.94423
2.94018
-1.64841
3.02272
-1.31843
3.07834
-0.957178
3.10569
-0.568305
3.10384
-0.156219
3.07227
0.273942
3.01086
0.716364
2.91991
1.16466
2.80021
1.61196
2.65306
2.05106
2.48021
2.47451
2.28392
2.87477
2.06685
3.24434
1.83201
3.57601
1.58275
3.86296
1.32266
4.09904
1.05551
4.27892
0.785309
4.39825
0.515961
4.45399
0.251295
4.44341
-0.00542167
4.36538
-0.252018
4.22031
-0.487571
4.00927
-0.712831
3.735
-0.930621
3.4017
-1.14632
3.01511
-1.36834
2.58254
-1.60843
2.11269
-1.88185
1.61489
-2.20654
1.09865
-2.60093
0.562115
0.0886673
-0.00170645
-0.0237207
-0.00291537
-0.0129828
-0.00411837
-0.00213408
-0.00546468
0.00835785
-0.00699535
0.0185371
-0.00873893
0.0283361
-0.0107167
0.0375781
-0.0129364
0.0460376
-0.015388
0.0534775
-0.018044
0.0596713
-0.0208606
0.0644199
-0.0237778
0.0675565
-0.0267305
0.0689856
-0.0296518
0.0686367
-0.0324669
0.0664979
-0.0351033
0.0626431
-0.0374883
0.0571626
-0.0395573
0.0502142
-0.0412539
0.0419935
-0.0425315
0.0327298
-0.0433544
0.0226771
-0.0436985
0.0121048
-0.0435517
0.0012883
-0.0429128
-0.00950123
-0.0417918
-0.0200058
-0.0402084
-0.0299896
-0.038192
-0.0392463
-0.0357799
-0.0476045
-0.0330159
-0.0549318
-0.0299481
-0.0611371
-0.0266274
-0.066171
-0.023105
-0.0700251
-0.0194312
-0.0727289
-0.0156581
-0.0743381
-0.0118359
-0.0749507
-0.00799898
-0.0747025
-0.00419181
-0.0736953
-0.000450568
-0.0720705
0.00319481
-0.069965
0.00671941
-0.0675025
0.010103
-0.0647895
0.0133297
-0.0619105
0.0163864
-0.0589244
0.0192609
-0.0558611
0.0219406
-0.0527192
0.0244113
-0.0494646
0.0266557
-0.0460318
0.0286529
-0.0423254
0.0303772
-0.0382247
0.0317979
-0.0335884
0.0328791
-0.028262
0.0335795
-0.0220854
0.0338531
-0.0149014
0.0336501
-0.0065658
0.0329175
0.0030438
0.0316009
0.014018
0.0296451
0.0264071
0.0269966
0.0402136
0.0236056
0.0553861
0.0194287
0.0718137
0.0144314
0.0893229
0.00859088
0.107676
0.00189944
0.126572
-0.00563147
0.145649
-0.0139671
0.164484
-0.0230482
0.182603
-0.032791
0.199483
-0.0430877
0.214561
-0.0538091
0.227251
-0.0648052
0.236953
-0.0758951
0.243064
-0.0868605
0.244996
-0.0975095
0.242322
-0.107581
0.234509
-0.116801
0.221146
-0.124892
0.201953
-0.131568
0.176728
-0.136538
0.145383
-0.139509
0.107955
-0.140196
0.0646127
-0.138328
0.015662
-0.133654
-0.0384481
-0.125949
-0.0971264
-0.115022
-0.159642
-0.100727
-0.22513
-0.0829727
-0.292599
-0.0617295
-0.36094
-0.0370407
-0.428939
-0.00902953
-0.495296
0.0220912
-0.558642
0.0560103
-0.617565
0.0923165
-0.670626
0.130511
-0.71639
0.170015
-0.753459
0.210164
-0.780465
0.250256
-0.796324
0.289582
-0.799957
0.327483
-0.790679
0.363203
-0.767923
0.396001
-0.731327
0.425202
-0.680988
0.45018
-0.617217
0.470369
-0.540605
0.485276
-0.452003
0.494489
-0.352507
0.497683
-0.243426
0.49463
-0.126255
0.48519
-0.00263691
0.469313
0.125673
0.447031
0.256842
0.418452
0.389003
0.383757
0.520298
0.3432
0.648912
0.297096
0.773111
0.245819
0.891266
0.189793
1.00188
0.129479
1.1036
0.0653762
1.19527
-0.0019848
1.27588
-0.0720367
1.34462
-0.144175
1.40085
-0.21777
1.44407
-0.292112
1.4738
-0.366477
1.48994
-0.440245
1.49233
-0.512914
1.48113
-0.583787
1.45629
-0.652202
1.41795
-0.71757
1.36656
-0.779301
1.30251
-0.836799
1.22622
-0.889474
1.13815
-0.936749
1.03874
-0.97806
0.928466
-1.01286
0.807794
-1.04062
0.677181
-1.06084
0.537088
-1.07304
0.387983
-1.07677
0.230353
-1.07161
0.06472
-1.05718
-0.108345
-1.03312
-0.2882
-0.999118
-0.474119
-0.954921
-0.665275
-0.900328
-0.860721
-0.835218
-1.05936
-0.759548
-1.25994
-0.673364
-1.46101
-0.576809
-1.66093
-0.470129
-1.85785
-0.353681
-2.04974
-0.227948
-2.23436
-0.0935595
-2.40929
0.0486915
-2.57198
0.197814
-2.71972
0.352627
-2.84965
0.511801
-2.95879
0.67388
-3.0441
0.837178
-3.10226
0.999828
-3.13037
1.16017
-3.12599
1.31667
-3.08719
1.46717
-3.01127
1.60954
-2.8962
1.7418
-2.74121
1.86207
-2.54583
1.96851
-2.31019
2.05942
-2.03514
2.13325
-1.72224
2.18866
-1.37384
2.22458
-0.993093
2.24019
-0.583922
2.23502
-0.151044
2.20887
0.300088
2.16189
0.763345
2.09454
1.23201
2.00762
1.69888
1.90228
2.1564
1.78
2.59679
1.64257
3.01219
1.49205
3.39486
1.33073
3.73733
1.16106
4.03263
0.985637
4.27446
0.807139
4.45741
0.628316
4.57707
0.451757
4.63054
0.279602
4.61556
0.11359
4.5314
-0.0452976
4.3792
-0.197247
4.16122
-0.34381
3.88157
-0.48825
3.54614
-0.635962
3.16282
-0.794992
2.74157
-0.976753
2.29445
-1.1973
1.83544
-1.47869
1.38004
-1.85529
0.938716
0.528681
-0.00112834
-0.0225424
-0.00199883
-0.0121123
-0.00281019
-0.00132272
-0.00367562
0.00922328
-0.00463087
0.0194923
-0.00569906
0.0294043
-0.00689579
0.0387748
-0.00822741
0.0473692
-0.00968952
0.0549396
-0.0112674
0.0612492
-0.0129369
0.0660895
-0.0146714
0.069291
-0.0164085
0.0707227
-0.0181202
0.0703483
-0.0197875
0.0681652
-0.0213398
0.0641954
-0.0227401
0.0585629
-0.023951
0.0514251
-0.0249396
0.042982
-0.0256781
0.0334684
-0.0261456
0.0231445
-0.0263276
0.0122868
-0.0262167
0.00117747
-0.0258125
-0.0099055
-0.0251206
-0.0206977
-0.0241531
-0.0309572
-0.0229273
-0.040472
-0.0214657
-0.0490661
-0.0197945
-0.0566031
-0.0179426
-0.062989
-0.0159406
-0.0681729
-0.0138194
-0.0721463
-0.0116073
-0.074941
-0.00932734
-0.076618
-0.00701048
-0.0772676
-0.00470241
-0.0770106
-0.00241494
-0.0759828
-0.00016792
-0.0743176
0.00202219
-0.0721551
0.00414047
-0.0696208
0.00617413
-0.0668232
0.00811297
-0.0638494
0.00994848
-0.0607599
0.0116728
-0.0575855
0.013278
-0.0543243
0.0147549
-0.0509416
0.0160929
-0.0473698
0.0172789
-0.0435114
0.0182971
-0.0392429
0.0191289
-0.0344202
0.0197523
-0.0288855
0.0201427
-0.0224757
0.0202724
-0.0150312
0.0201119
-0.00640528
0.0196299
0.00352581
0.0187944
0.0148535
0.0175733
0.0276282
0.0159358
0.0418511
0.0138537
0.0574682
0.0113029
0.0743645
0.00826472
0.0923611
0.00472787
0.111213
0.000690349
0.13061
-0.0038384
0.150177
-0.00883541
0.169481
-0.0142632
0.188031
-0.0200694
0.205289
-0.0261872
0.220679
-0.0325371
0.233601
-0.0390326
0.243449
-0.0455714
0.249603
-0.0520829
0.251507
-0.058369
0.248608
-0.0642669
0.240407
-0.069638
0.226517
-0.0743222
0.206637
-0.0781485
0.180554
-0.0809405
0.148175
-0.082521
0.109536
-0.0827161
0.0648078
-0.0813589
0.0143049
-0.0782937
-0.0415133
-0.0733801
-0.10204
-0.0664989
-0.166523
-0.057558
-0.234071
-0.0464988
-0.303659
-0.0333031
-0.374136
-0.0179984
-0.444244
-0.000665
-0.51263
0.0185591
-0.577866
0.0394744
-0.63848
0.0618166
-0.692968
0.0852678
-0.739841
0.109464
-0.777655
0.134047
-0.805048
0.158407
-0.820684
0.18223
-0.82378
0.205084
-0.813534
0.226376
-0.789214
0.245723
-0.750674
0.262725
-0.697989
0.277007
-0.6315
0.288239
-0.551837
0.296141
-0.459905
0.300491
-0.356857
0.301128
-0.244063
0.297951
-0.123078
0.290917
0.00439756
0.280036
0.136554
0.26537
0.271509
0.247021
0.407352
0.225134
0.542184
0.199889
0.674157
0.171496
0.801504
0.140193
0.922568
0.106241
1.03583
0.0699173
1.13993
0.0315193
1.23367
-0.00864134
1.31604
-0.0502369
1.38621
-0.0929299
1.44354
-0.13639
1.48753
-0.180419
1.51783
-0.224399
1.53392
-0.268002
1.53593
-0.310929
1.52405
-0.352656
1.49802
-0.392978
1.45827
-0.431574
1.40516
-0.468094
1.33903
-0.50218
1.26031
-0.533475
1.16944
-0.561626
1.06689
-0.586286
0.953127
-0.607115
0.828623
-0.623779
0.693845
-0.635956
0.549265
-0.643334
0.395361
-0.645615
0.232634
-0.642517
0.0616222
-0.633776
-0.117086
-0.619148
-0.302828
-0.598415
-0.494852
-0.571392
-0.692298
-0.537933
-0.894179
-0.497941
-1.09935
-0.451368
-1.30651
-0.398229
-1.51415
-0.338599
-1.72056
-0.272627
-1.92383
-0.200538
-2.12183
-0.122649
-2.31225
-0.0393755
-2.49257
0.0487487
-2.66011
0.141069
-2.81204
0.236798
-2.94538
0.335049
-3.05704
0.434896
-3.14394
0.535503
-3.20286
0.6355
-3.23037
0.733918
-3.22441
0.829717
-3.18299
0.920918
-3.10247
1.00646
-2.98174
1.08522
-2.81997
1.15604
-2.61665
1.21783
-2.37198
1.26959
-2.0869
1.31047
-1.76312
1.33976
-1.40313
1.35695
-1.01028
1.36173
-0.5887
1.354
-0.143322
1.33391
0.320185
1.30178
0.795476
1.25816
1.27562
1.20384
1.75321
1.13976
2.22048
1.06708
2.66947
0.987114
3.09216
0.90129
3.48069
0.81114
3.82749
0.718237
4.12553
0.624159
4.36854
0.530444
4.55113
0.438451
4.66907
0.350269
4.71873
0.26612
4.69971
0.185905
4.61161
0.110235
4.45487
0.0378184
4.23364
-0.0334016
3.95279
-0.106766
3.6195
-0.187169
3.24322
-0.281469
2.83587
-0.399226
2.41221
-0.554422
1.99064
-0.768262
1.59388
-1.08351
1.25397
0.95791
-0.000371204
-0.0221212
-0.000708635
-0.0117749
-0.00101213
-0.00101923
-0.0013271
0.00953826
-0.00166754
0.0198328
-0.00204212
0.0297789
-0.00245606
0.0391887
-0.00291104
0.0478242
-0.00340486
0.0554334
-0.00393157
0.0617759
-0.00447893
0.0666368
-0.00505955
0.0698717
-0.0056478
0.071311
-0.00621035
0.0709109
-0.00674978
0.0687047
-0.00724471
0.0646903
-0.00769033
0.0590086
-0.00807247
0.0518072
-0.00837994
0.0432895
-0.0086036
0.033692
-0.00873654
0.0232775
-0.0087741
0.0123244
-0.00871396
0.00111733
-0.00855607
-0.0100634
-0.00830253
-0.0209512
-0.00795754
-0.0313022
-0.00752719
-0.0409024
-0.00701924
-0.0495741
-0.00644282
-0.0571795
-0.00580822
-0.0636236
-0.00512661
-0.0688546
-0.00440993
-0.072863
-0.0036739
-0.075677
-0.00289809
-0.0773939
-0.0020798
-0.0780859
-0.00129621
-0.0777941
-0.000541312
-0.0767377
0.000203043
-0.0750619
0.000931021
-0.0728831
0.00163551
-0.0703253
0.00231133
-0.067499
0.00295472
-0.0644928
0.00356268
-0.0613679
0.0041325
-0.0581553
0.00466136
-0.0548532
0.00514606
-0.0514263
0.00558274
-0.0478064
0.00596673
-0.0438954
0.00629242
-0.0395686
0.00655319
-0.0346809
0.00674141
-0.0290737
0.00684851
-0.0225828
0.00686514
-0.0150478
0.00678141
-0.00632155
0.00658712
0.0037201
0.00627208
0.0151686
0.00582645
0.0280738
0.00524109
0.0424365
0.00450807
0.0582012
0.00362103
0.0752515
0.00257574
0.0934063
0.00137061
0.112418
7.26111e-006
0.131973
-0.00150892
0.151694
-0.00316823
0.17114
-0.00495598
0.189819
-0.00685246
0.207186
-0.00883243
0.222659
-0.0108641
0.235632
-0.0129057
0.24549
-0.0149983
0.251696
-0.0171771
0.253686
-0.0191822
0.250613
-0.020987
0.242212
-0.0226325
0.228163
-0.0240502
0.208055
-0.0251789
0.181683
-0.0259558
0.148952
-0.0263173
0.109897
-0.0261997
0.0646902
-0.0255401
0.0136452
-0.024278
-0.0427754
-0.0223576
-0.10396
-0.0197296
-0.169151
-0.0163547
-0.237446
-0.0122064
-0.307807
-0.00727404
-0.379068
-0.00156639
-0.449952
0.004885
-0.519081
0.0120247
-0.585006
0.0197683
-0.646223
0.0280016
-0.701202
0.036582
-0.748421
0.04532
-0.786393
0.0541614
-0.81389
0.0630011
-0.829524
0.0716729
-0.832452
0.0796005
-0.821461
0.0866124
-0.796226
0.0928019
-0.756864
0.0979757
-0.703163
0.101997
-0.635521
0.104759
-0.554599
0.10619
-0.461336
0.106248
-0.356916
0.104924
-0.242739
0.102236
-0.120389
0.0982247
0.00840843
0.0929555
0.141823
0.0865073
0.277957
0.0789708
0.414888
0.0704432
0.550712
0.0610249
0.683576
0.0508167
0.811712
0.0399169
0.933468
0.0284202
1.04733
0.016417
1.15193
0.00399569
1.24609
-0.00875216
1.32879
-0.0217374
1.3992
-0.0348614
1.45667
-0.0479509
1.50062
-0.0613418
1.53122
-0.0753205
1.5479
-0.089289
1.5499
-0.102356
1.53712
-0.114864
1.51053
-0.127232
1.47064
-0.139257
1.41718
-0.150806
1.35058
-0.161752
1.27126
-0.17197
1.17966
-0.181335
1.07625
-0.189718
0.96151
-0.196986
0.835891
-0.203001
0.699861
-0.207624
0.553887
-0.21071
0.398447
-0.212116
0.23404
-0.211698
0.0612042
-0.209316
-0.119468
-0.204833
-0.30731
-0.198124
-0.501561
-0.189075
-0.701348
-0.177588
-0.905666
-0.163587
-1.11336
-0.147017
-1.32308
-0.127853
-1.53331
-0.106099
-1.74231
-0.081798
-1.94813
-0.055032
-2.1486
-0.0259302
-2.34135
0.00532437
-2.52382
0.0384882
-2.69327
0.073251
-2.8468
0.109234
-2.98136
0.14597
-3.09378
0.182826
-3.1808
0.220226
-3.24026
0.258428
-3.26857
0.295559
-3.26154
0.329646
-3.21707
0.360867
-3.13369
0.389532
-3.01041
0.415002
-2.84544
0.436785
-2.63843
0.454466
-2.38967
0.467728
-2.10017
0.476359
-1.77175
0.480263
-1.40704
0.479464
-1.00948
0.474114
-0.58335
0.464488
-0.133696
0.450983
0.33369
0.434102
0.812357
0.414445
1.29528
0.392693
1.77496
0.369589
2.24358
0.345918
2.69314
0.322487
3.1156
0.300093
3.50308
0.2795
3.84808
0.261407
4.14363
0.246412
4.38354
0.23499
4.56255
0.227293
4.67676
0.223313
4.72271
0.223133
4.69989
0.226035
4.60871
0.230615
4.45029
0.235117
4.22914
0.237038
3.95086
0.23305
3.62349
0.21889
3.25738
0.189215
2.86555
0.137304
2.46412
0.0542577
2.07368
-0.0725185
1.72065
-0.268085
1.44954
1.27624
0.000412295
-0.0224835
0.000694328
-0.0120569
0.000947272
-0.00127217
0.00121177
0.00927376
0.00150198
0.0195426
0.00182795
0.0294529
0.00219695
0.0388197
0.00261283
0.0474083
0.00307532
0.0549709
0.00357995
0.0612712
0.00411531
0.0661015
0.00469389
0.0692931
0.00529323
0.0707116
0.00587633
0.0703278
0.00644651
0.0681345
0.00698095
0.0641559
0.00747236
0.0585171
0.0079054
0.0513742
0.00826779
0.0429271
0.00854947
0.0334103
0.00874279
0.0230841
0.00884254
0.0122247
0.0088459
0.00111398
0.00875228
-0.00996978
0.00856323
-0.0207622
0.00828224
-0.0310212
0.00791462
-0.0405348
0.00746724
-0.0491267
0.00694836
-0.0566606
0.00636734
-0.0630426
0.00573454
-0.0682217
0.0050612
-0.0721897
0.00436247
-0.0749783
0.0036174
-0.0766488
0.00282169
-0.0772902
0.00205383
-0.0770263
0.00131093
-0.0759948
0.000573375
-0.0743244
-0.000153203
-0.0721565
-0.000860908
-0.0696176
-0.00154379
-0.0668161
-0.0021975
-0.0638391
-0.00281862
-0.0607468
-0.0034043
-0.0575696
-0.0039518
-0.0543057
-0.00445829
-0.0509198
-0.00492053
-0.0473442
-0.00533467
-0.0434812
-0.00569611
-0.0392071
-0.00599929
-0.0343777
-0.00623765
-0.0288354
-0.00640357
-0.0224169
-0.00648835
-0.014963
-0.0064823
-0.0063276
-0.00637479
0.00361259
-0.00615439
0.0149482
-0.00580913
0.0277286
-0.00532685
0.0419542
-0.00469572
0.0575701
-0.00390473
0.0744605
-0.00294436
0.092446
-0.00180728
0.111281
-0.000489234
0.130655
0.00101014
0.150194
0.00268619
0.169464
0.00452847
0.187977
0.00652013
0.205194
0.00863704
0.220542
0.0108468
0.233422
0.013105
0.243232
0.0154482
0.249352
0.0179064
0.251228
0.0202171
0.248303
0.0223475
0.240082
0.0243345
0.226176
0.0261079
0.206281
0.0276082
0.180182
0.0287787
0.147782
0.0295669
0.109109
0.029925
0.0643321
0.0298113
0.013759
0.0291902
-0.0421543
0.0280331
-0.102803
0.0263188
-0.167437
0.0240339
-0.235161
0.0211735
-0.304947
0.0177413
-0.375636
0.0137502
-0.445961
0.00922279
-0.514554
0.00419147
-0.579974
-0.00130307
-0.640729
-0.00720507
-0.6953
-0.0134488
-0.742177
-0.0199403
-0.779901
-0.0266995
-0.807131
-0.0337429
-0.82248
-0.0410448
-0.82515
-0.0481308
-0.814375
-0.0549505
-0.789406
-0.0616533
-0.750161
-0.0680796
-0.696737
-0.0740958
-0.629505
-0.0795656
-0.549129
-0.0843514
-0.45655
-0.0883149
-0.352952
-0.0913196
-0.239735
-0.0932344
-0.118474
-0.0939365
0.0091105
-0.0933155
0.141202
-0.0912779
0.275919
-0.0877518
0.411362
-0.0826912
0.545651
-0.0760785
0.676963
-0.0679264
0.80356
-0.0582783
0.92382
-0.0472074
1.03626
-0.0348167
1.13954
-0.0212381
1.23251
-0.00663351
1.31418
0.00880871
1.38376
0.0248725
1.4406
0.0412557
1.48424
0.0582206
1.51426
0.0759619
1.53015
0.0935642
1.5323
0.110064
1.52062
0.125696
1.4949
0.14078
1.45555
0.155038
1.40292
0.168277
1.33734
0.180337
1.25919
0.191082
1.16891
0.200396
1.06694
0.208183
0.953723
0.214365
0.829709
0.218879
0.695347
0.22168
0.551086
0.222741
0.397386
0.222049
0.234732
0.219606
0.0636476
0.215426
-0.115288
0.209533
-0.301418
0.201962
-0.493989
0.192752
-0.692137
0.181951
-0.894865
0.169615
-1.10102
0.155806
-1.30927
0.140588
-1.51809
0.124029
-1.72575
0.1062
-1.9303
0.0871679
-2.12956
0.0670036
-2.32118
0.0457817
-2.5026
0.0235926
-2.67108
0.000520563
-2.82373
-0.0233162
-2.95752
-0.0477643
-3.06933
-0.0725377
-3.15602
-0.0984485
-3.21435
-0.125912
-3.24111
-0.153441
-3.23401
-0.180788
-3.18973
-0.208085
-3.1064
-0.235573
-2.98292
-0.262895
-2.81811
-0.289737
-2.61159
-0.315749
-2.36365
-0.340537
-2.07538
-0.363653
-1.74863
-0.384599
-1.38609
-0.402829
-0.991253
-0.417753
-0.568425
-0.428753
-0.122696
-0.435189
0.340126
-0.436424
0.813592
-0.431847
1.2907
-0.420895
1.76401
-0.403078
2.22577
-0.378004
2.66807
-0.345396
3.08299
-0.305114
3.4628
-0.257172
3.80014
-0.201757
4.08821
-0.139247
4.32103
-0.0702534
4.49356
0.00458037
4.60193
0.0833641
4.64392
0.165176
4.61808
0.248986
4.5249
0.331947
4.36733
0.41169
4.14939
0.485181
3.87737
0.54884
3.55983
0.598458
3.20776
0.629079
2.83492
0.634806
2.45839
0.608516
2.09997
0.54126
1.78791
0.428544
1.56225
1.45157
0.0011743
-0.0236078
0.00200214
-0.0128848
0.00276794
-0.00203797
0.00358466
0.00845704
0.00448992
0.0186373
0.00550923
0.0284336
0.00666074
0.0376682
0.00795317
0.0461159
0.0093842
0.0535399
0.0109407
0.0597147
0.0125999
0.0644423
0.0143361
0.0675569
0.0160827
0.068965
0.017812
0.0685985
0.019507
0.0664395
0.0210951
0.0625678
0.0225381
0.0570742
0.0237969
0.0501154
0.0248372
0.0418867
0.0256307
0.0326169
0.0261551
0.0225596
0.0263959
0.0119839
0.026345
0.00116488
0.0260014
-0.0096262
0.0253704
-0.0201312
0.0244632
-0.030114
0.0232967
-0.0393682
0.0218923
-0.0477223
0.0202752
-0.0550436
0.0184738
-0.0612412
0.0165179
-0.0662658
0.0144374
-0.0701092
0.0122602
-0.0728011
0.0100092
-0.0743977
0.00771572
-0.0749967
0.00542456
-0.0747351
0.00314702
-0.0737172
0.000904997
-0.0720823
-0.00128445
-0.0699671
-0.00340597
-0.0674961
-0.00544627
-0.0647758
-0.00739465
-0.0618907
-0.00924225
-0.0588992
-0.0109811
-0.0558308
-0.0126033
-0.0526835
-0.0141002
-0.0494229
-0.0154615
-0.0459828
-0.0166752
-0.0422676
-0.0177262
-0.0381561
-0.0185971
-0.0335069
-0.019267
-0.0281655
-0.019712
-0.0219719
-0.0199053
-0.0147697
-0.0198175
-0.00641541
-0.019417
0.0032121
-0.0186706
0.0142018
-0.0175442
0.0266022
-0.0160042
0.0404142
-0.0140186
0.0555844
-0.0115587
0.0720007
-0.0086009
0.0894882
-0.0051284
0.107809
-0.00113357
0.12666
0.00337953
0.145681
0.00839279
0.164451
0.0138726
0.182497
0.0197692
0.199297
0.026017
0.214294
0.0325354
0.226904
0.0392359
0.236531
0.0460128
0.242575
0.05279
0.244451
0.059364
0.241729
0.0655673
0.233878
0.071258
0.220485
0.0762742
0.201265
0.0804464
0.17601
0.0836038
0.144624
0.0855797
0.107133
0.0862157
0.063696
0.0853653
0.0146094
0.0828967
-0.0396856
0.0786957
-0.0986023
0.0726694
-0.161411
0.0647506
-0.227242
0.0549013
-0.295097
0.0431169
-0.363852
0.02943
-0.432274
0.0139136
-0.499037
-0.00331675
-0.562744
-0.022098
-0.621948
-0.0422202
-0.675177
-0.063434
-0.720964
-0.0854569
-0.757878
-0.108038
-0.78455
-0.130659
-0.799858
-0.153173
-0.802636
-0.175261
-0.792288
-0.196358
-0.76831
-0.216161
-0.730358
-0.23431
-0.678588
-0.250441
-0.613374
-0.264197
-0.535373
-0.275242
-0.445505
-0.283264
-0.34493
-0.287986
-0.235013
-0.289165
-0.117295
-0.286603
0.0065485
-0.280145
0.134744
-0.269686
0.26546
-0.255173
0.396849
-0.236612
0.527091
-0.214071
0.654421
-0.187674
0.777163
-0.157604
0.893751
-0.1241
1.00275
-0.0874474
1.10289
-0.0479812
1.19304
-0.00607959
1.27228
0.0378419
1.33984
0.0833407
1.3951
0.129979
1.4376
0.177412
1.46682
0.224872
1.4827
0.271905
1.48527
0.318076
1.47445
0.362777
1.4502
0.405698
1.41263
0.44644
1.36218
0.484596
1.29919
0.519772
1.22402
0.551598
1.13709
0.57973
1.03881
0.60385
0.929603
0.623667
0.809892
0.638919
0.680095
0.649371
0.540633
0.65482
0.391936
0.655094
0.234459
0.650048
0.0686938
0.639566
-0.104806
0.623557
-0.28541
0.601956
-0.472388
0.574723
-0.664905
0.541852
-0.861994
0.50337
-1.06254
0.459343
-1.26524
0.40987
-1.46862
0.355092
-1.67097
0.295185
-1.87039
0.230366
-2.06475
0.1609
-2.25172
0.0871073
-2.42881
0.00936762
-2.59334
-0.0718646
-2.7425
-0.156065
-2.87332
-0.242658
-2.98274
-0.33107
-3.06761
-0.420871
-3.12455
-0.511095
-3.15089
-0.601119
-3.14399
-0.690217
-3.10063
-0.777136
-3.01948
-0.861214
-2.89884
-0.941501
-2.73783
-1.01698
-2.53611
-1.08658
-2.29405
-1.14923
-2.01273
-1.20382
-1.69404
-1.24929
-1.34063
-1.28457
-0.955974
-1.30865
-0.544342
-1.32059
-0.110754
-1.31953
0.339064
-1.30471
0.798776
-1.27554
1.26153
-1.2316
1.72006
-1.17267
2.16684
-1.09878
2.59418
-1.01022
2.99442
-0.907504
3.36009
-0.79145
3.68408
-0.663131
3.95989
-0.5239
4.18179
-0.375396
4.34505
-0.219558
4.44609
-0.0585583
4.48292
0.105073
4.45445
0.26861
4.36136
0.429128
4.20681
0.583379
3.99514
0.727764
3.73299
0.858278
3.42932
0.970364
3.09568
1.05878
2.74651
1.11748
2.39968
1.14005
2.0774
1.12146
1.8065
1.06638
1.61733
1.52319
0.00177675
-0.0253345
0.00295783
-0.0140658
0.00412174
-0.00320188
0.00542142
0.00715736
0.00690224
0.0171565
0.00859653
0.0267393
0.0105288
0.035736
0.0127091
0.0439355
0.0151296
0.0511194
0.0177641
0.0570802
0.0205693
0.0616371
0.0234852
0.0646409
0.0264459
0.0660043
0.0293854
0.065659
0.0322259
0.063599
0.0348944
0.0598993
0.0373174
0.0546512
0.039429
0.0480038
0.0411717
0.040144
0.0424978
0.0312908
0.043371
0.0216864
0.0437668
0.0115881
0.0436727
0.00125902
0.0430873
-0.00904079
0.0420198
-0.0190637
0.0404897
-0.0285838
0.0385254
-0.0374039
0.0361635
-0.0453604
0.0334471
-0.0523272
0.0304236
-0.0582177
0.0271432
-0.0629853
0.0236564
-0.0666224
0.020013
-0.0691577
0.016265
-0.0706496
0.0124629
-0.0711947
0.00864109
-0.0709133
0.00484329
-0.0699194
0.00110655
-0.0683456
-0.00253822
-0.0663223
-0.00606553
-0.0639688
-0.00945464
-0.0613867
-0.0126893
-0.058656
-0.0157559
-0.0558325
-0.0186423
-0.0529444
-0.0213359
-0.0499899
-0.0238228
-0.046936
-0.0260864
-0.0437193
-0.0281063
-0.0402477
-0.0298578
-0.0364045
-0.0313112
-0.0320535
-0.0324315
-0.0270452
-0.0331782
-0.0212252
-0.0335062
-0.0144418
-0.0333659
-0.00655568
-0.0327044
0.00255057
-0.031466
0.0129633
-0.0295936
0.0247299
-0.0270312
0.0378517
-0.0237255
0.0522788
-0.0196292
0.0679044
-0.0147032
0.0845621
-0.00891956
0.102025
-0.00226565
0.120006
0.00525196
0.138163
0.0136029
0.1561
0.0227312
0.173369
0.0325555
0.189473
0.0429688
0.203881
0.053841
0.216032
0.0650198
0.225353
0.0763208
0.231274
0.0875217
0.23325
0.0984238
0.230827
0.108762
0.22354
0.118259
0.210989
0.126635
0.192888
0.133607
0.169039
0.138886
0.139345
0.14219
0.103829
0.14325
0.0626368
0.141811
0.0160476
0.137646
-0.0355206
0.130553
-0.0915092
0.120365
-0.151223
0.106958
-0.213835
0.0902584
-0.278397
0.0702496
-0.343843
0.046979
-0.409003
0.0205641
-0.472622
-0.00880051
-0.533379
-0.0408332
-0.589915
-0.075168
-0.640843
-0.111366
-0.684766
-0.148924
-0.72032
-0.187278
-0.746196
-0.225834
-0.761302
-0.263959
-0.764511
-0.301089
-0.755157
-0.336554
-0.732845
-0.369668
-0.697243
-0.399798
-0.648458
-0.426329
-0.586842
-0.448679
-0.513023
-0.466306
-0.427878
-0.478726
-0.332511
-0.485514
-0.228225
-0.486319
-0.11649
-0.480866
0.00109582
-0.468956
0.122834
-0.450467
0.246971
-0.425364
0.371747
-0.393705
0.495432
-0.355637
0.616353
-0.311396
0.732923
-0.261305
0.84366
-0.205761
0.947208
-0.14523
1.04236
-0.0802421
1.12806
-0.0113847
1.20342
0.0606973
1.26775
0.135306
1.32049
0.211705
1.3612
0.289049
1.38948
0.366469
1.40527
0.443314
1.40842
0.518929
1.39883
0.592502
1.37662
0.663288
1.34185
0.730628
1.29484
0.793877
1.23594
0.852408
1.16549
0.905618
1.08388
0.952931
0.991495
0.993808
0.888726
1.02774
0.775957
1.05427
0.65357
1.07296
0.521946
1.08342
0.38147
1.08533
0.232553
1.07838
0.0756434
1.06232
-0.0887502
1.03695
-0.260033
1.00207
-0.437516
0.957578
-0.620409
0.903386
-0.807802
0.839488
-0.998641
0.765944
-1.1917
0.682882
-1.38556
0.590505
-1.5786
0.489089
-1.76897
0.378991
-1.95465
0.260653
-2.13338
0.134622
-2.30278
0.00156384
-2.46028
-0.137702
-2.60323
-0.282222
-2.7288
-0.430941
-2.83402
-0.582715
-2.91584
-0.7362
-2.97107
-0.89004
-2.99705
-1.04312
-2.99091
-1.19374
-2.95
-1.34032
-2.8729
-1.48119
-2.75797
-1.61463
-2.60439
-1.73889
-2.41186
-1.85217
-2.18077
-1.95269
-1.91221
-2.03871
-1.60802
-2.10856
-1.27078
-2.16068
-0.90386
-2.19363
-0.511385
-2.20617
-0.098213
-2.19722
0.330111
-2.16592
0.767476
-2.1117
1.2073
-2.03429
1.64266
-1.9338
2.06635
-1.81068
2.47107
-1.6658
2.84954
-1.50038
3.19467
-1.31603
3.49973
-1.11472
3.75858
-0.898752
3.96583
-0.67079
4.11709
-0.433828
4.20913
-0.19106
4.24016
0.0539361
4.20945
0.297301
4.118
0.535299
3.96881
0.763983
3.76646
0.979204
3.51777
1.17649
3.23204
1.35088
2.92129
1.49682
2.60057
1.60831
2.28819
1.67987
2.00585
1.70928
1.77708
1.70376
1.62286
1.54549
0.00194368
-0.0272282
0.0032093
-0.0153315
0.00463063
-0.00462321
0.00633141
0.00545658
0.00834055
0.0151473
0.0106893
0.0243905
0.0134052
0.0330201
0.0164962
0.0408445
0.0199443
0.0476714
0.0237054
0.0533191
0.0277126
0.05763
0.0318794
0.0604741
0.0361158
0.061768
0.0403169
0.0614578
0.0443714
0.0595446
0.0481779
0.0560928
0.0516341
0.0511949
0.054647
0.044991
0.0571349
0.0376561
0.0590308
0.0293949
0.0602835
0.0204336
0.0608594
0.0110123
0.0607414
0.00137695
0.0599286
-0.008228
0.0584345
-0.0175696
0.0562869
-0.0264362
0.0535269
-0.0346439
0.050207
-0.0420406
0.0463891
-0.0485093
0.0421412
-0.0539698
0.0375352
-0.0583793
0.0326442
-0.0617314
0.0275402
-0.0640538
0.0222948
-0.0654042
0.0169724
-0.0658723
0.0116291
-0.06557
0.00632245
-0.0646128
0.00110387
-0.063127
-0.0039832
-0.0612352
-0.00890271
-0.0590493
-0.0136266
-0.0566628
-0.0181342
-0.0541485
-0.0224085
-0.0515582
-0.0264343
-0.0489187
-0.0301954
-0.0462288
-0.0336734
-0.043458
-0.0368461
-0.0405467
-0.0396855
-0.0374082
-0.0421576
-0.0339325
-0.0442205
-0.0299905
-0.0458249
-0.0254408
-0.0469136
-0.0201364
-0.0474225
-0.0139329
-0.0472811
-0.00669708
-0.0464143
0.00168378
-0.0447429
0.0112919
-0.0421855
0.0221724
-0.0386615
0.0343278
-0.034095
0.0477122
-0.0284177
0.0622271
-0.021573
0.0777174
-0.0135194
0.0939714
-0.00423577
0.110723
0.00627184
0.127656
0.0179625
0.14441
0.0307587
0.160572
0.0445469
0.175685
0.0591768
0.189251
0.0744655
0.200743
0.0901983
0.20962
0.106121
0.215352
0.121936
0.217434
0.137337
0.215426
0.151973
0.208904
0.165461
0.197501
0.177406
0.180944
0.187401
0.159043
0.19504
0.131706
0.199921
0.0989484
0.201659
0.060899
0.199894
0.017812
0.1943
-0.0299259
0.184584
-0.0817932
0.170502
-0.137141
0.151869
-0.195203
0.128571
-0.2551
0.100576
-0.315848
0.0679379
-0.376365
0.0308103
-0.435495
-0.0105445
-0.492025
-0.0557324
-0.544727
-0.10423
-0.592345
-0.155407
-0.633589
-0.208536
-0.667192
-0.262815
-0.691917
-0.317436
-0.706681
-0.371479
-0.710467
-0.424036
-0.702601
-0.474211
-0.68267
-0.521053
-0.650401
-0.563649
-0.605862
-0.601125
-0.549367
-0.632657
-0.481491
-0.657493
-0.403042
-0.674962
-0.315042
-0.684491
-0.218696
-0.685613
-0.115367
-0.677975
-0.00654221
-0.661327
0.106185
-0.635527
0.221171
-0.60055
0.33677
-0.556495
0.451377
-0.50359
0.563447
-0.442179
0.671512
-0.37272
0.774201
-0.295768
0.870255
-0.211961
0.95855
-0.122019
1.03811
-0.0267303
1.10813
0.0730335
1.16799
0.176304
1.21722
0.282043
1.25547
0.389132
1.28239
0.496529
1.29788
0.603221
1.30173
0.708215
1.29384
0.810558
1.27428
0.909257
1.24315
1.00338
1.20071
1.09204
1.14728
1.17434
1.08319
1.24944
1.00877
1.31655
0.924391
1.37488
0.83039
1.42373
0.727113
1.4624
0.614897
1.49027
0.49407
1.50678
0.364964
1.5114
0.22793
1.50369
0.0833529
1.48326
-0.0683153
1.44975
-0.226528
1.40288
-0.390641
1.3424
-0.559927
1.26816
-0.73356
1.18009
-0.910579
1.07825
-1.08986
0.962775
-1.27008
0.833917
-1.44974
0.692042
-1.6271
0.537627
-1.80023
0.371271
-1.96703
0.19372
-2.12522
0.0059091
-2.27247
-0.190973
-2.40635
-0.39551
-2.52426
-0.606106
-2.62342
-0.821009
-2.70093
-1.03831
-2.75377
-1.25618
-2.77918
-1.47257
-2.77451
-1.68516
-2.73742
-1.89168
-2.66637
-2.08971
-2.55995
-2.27672
-2.41737
-2.45017
-2.23841
-2.60751
-2.02344
-2.74621
-1.77351
-2.86386
-1.49037
-2.95818
-1.17645
-3.0271
-0.834938
-3.06879
-0.4697
-3.08167
-0.08533
-3.06446
0.3129
-3.01619
0.719208
-2.93632
1.12743
-2.82475
1.5311
-2.68192
1.92352
-2.50876
2.2979
-2.30671
2.64749
-2.07773
2.96569
-1.82426
3.24626
-1.54917
3.48348
-1.25572
3.67239
-0.947575
3.80894
-0.628771
3.89033
-0.30365
3.91503
0.0231135
3.88269
0.346699
3.79441
0.662427
3.65308
0.965647
3.46324
1.25168
3.23174
1.51561
2.96811
1.75211
2.68479
1.95536
2.39732
2.11933
2.12421
2.23908
1.8861
2.31364
1.70253
2.3503
1.5862
1.52927
0.00128375
-0.0284619
0.0023467
-0.0163944
0.00390063
-0.00617714
0.00592742
0.00342979
0.00841804
0.0126567
0.0114018
0.0214067
0.0149107
0.0295112
0.0189486
0.0368067
0.0234818
0.0431382
0.0284433
0.0483576
0.0337366
0.0523367
0.0392445
0.0549662
0.0448423
0.0561701
0.0503922
0.055908
0.0557503
0.0541864
0.0607803
0.0510629
0.0653489
0.0466262
0.0693348
0.0410051
0.0726315
0.0343594
0.0751516
0.0268748
0.0768291
0.0187562
0.0776209
0.0102204
0.0775071
0.00149084
0.0764873
-0.00720821
0.0745796
-0.0156619
0.0718209
-0.0236775
0.068266
-0.0310889
0.0639847
-0.0377593
0.0590591
-0.0435837
0.0535796
-0.0484902
0.0476412
-0.052441
0.0413406
-0.0554309
0.0347726
-0.0574857
0.0280281
-0.0586596
0.0211892
-0.0590335
0.0143295
-0.0587102
0.00752156
-0.0578049
0.000831749
-0.0564372
-0.00568429
-0.0547192
-0.0119802
-0.0527533
-0.0180218
-0.0506213
-0.0237859
-0.0483843
-0.0292547
-0.0460894
-0.0344111
-0.0437623
-0.0392369
-0.0414029
-0.0437105
-0.0389844
-0.0478048
-0.0364524
-0.0514855
-0.0337275
-0.0547094
-0.0307086
-0.0574231
-0.0272768
-0.0595625
-0.0233014
-0.0610533
-0.0186457
-0.061811
-0.0131752
-0.0617435
-0.00676454
-0.0607526
0.000692799
-0.0587337
0.0092731
-0.0555787
0.0190174
-0.0511799
0.029929
-0.0454359
0.0419682
-0.0382552
0.0550464
-0.0295607
0.0690228
-0.0192935
0.0837042
-0.00741879
0.0988481
0.00606323
0.114174
0.0211034
0.129369
0.0376029
0.144073
0.0554165
0.157871
0.0743494
0.170318
0.0941666
0.180926
0.114595
0.189191
0.135312
0.194635
0.155946
0.196801
0.17609
0.195282
0.195293
0.189701
0.213064
0.179729
0.228891
0.165117
0.242245
0.145689
0.252593
0.121358
0.259412
0.0921294
0.262199
0.0581122
0.260486
0.0195254
0.253844
-0.0232846
0.241891
-0.0698396
0.224297
-0.119547
0.200811
-0.171717
0.171276
-0.225564
0.135635
-0.280207
0.0939436
-0.334674
0.0463769
-0.387928
-0.0067557
-0.438892
-0.0649597
-0.486523
-0.127557
-0.529747
-0.193728
-0.567418
-0.262524
-0.598395
-0.332912
-0.621529
-0.40383
-0.635763
-0.474121
-0.640176
-0.5426
-0.634122
-0.608076
-0.617194
-0.669322
-0.589154
-0.725147
-0.550037
-0.774404
-0.500109
-0.816024
-0.439872
-0.849024
-0.370042
-0.872536
-0.291529
-0.885824
-0.205408
-0.888299
-0.112893
-0.879522
-0.0153185
-0.859189
0.0858527
-0.827124
0.189105
-0.783296
0.292942
-0.727839
0.395921
-0.661053
0.496661
-0.583391
0.593849
-0.495441
0.686251
-0.397915
0.772729
-0.291623
0.852257
-0.177456
0.923946
-0.0563857
0.987064
0.0705153
1.04109
0.202018
1.08572
0.336786
1.1207
0.473431
1.14574
0.610602
1.16071
0.747007
1.16532
0.881433
1.15941
1.01269
1.14303
1.13956
1.11628
1.26085
1.07942
1.37542
1.03272
1.48213
0.976477
1.5799
0.911003
1.66769
0.836603
1.7445
0.753579
1.80939
0.662226
1.86145
0.562829
1.89987
0.455658
1.92385
0.340978
1.93271
0.219066
1.92584
0.090226
1.9027
-0.0451701
1.86279
-0.186624
1.80568
-0.333531
1.731
-0.485244
1.63848
-0.641042
1.528
-0.800096
1.39956
-0.961415
1.2533
-1.12383
1.08952
-1.28596
0.908652
-1.44623
0.711274
-1.60285
0.498113
-1.75386
0.270065
-1.89718
0.028286
-2.03069
-0.225668
-2.15239
-0.489891
-2.26004
-0.762227
-2.35109
-1.04029
-2.42287
-1.32158
-2.47247
-1.60364
-2.49712
-1.88377
-2.49438
-2.15898
-2.46221
-2.42622
-2.39914
-2.68222
-2.30395
-2.92365
-2.17594
-3.14713
-2.01493
-3.34929
-1.82127
-3.52686
-1.59594
-3.67669
-1.34053
-3.79588
-1.05726
-3.88181
-0.749008
-3.93224
-0.419278
-3.94529
-0.0722723
-3.91947
0.287072
-3.85366
0.653402
-3.74734
1.02111
-3.60061
1.38437
-3.41424
1.73714
-3.18966
2.07332
-2.92896
2.38679
-2.63486
2.6716
-2.31068
2.92207
-1.96021
3.13301
-1.5877
3.29988
-1.19779
3.41904
-0.795611
3.48814
-0.386738
3.50616
0.0229707
3.47298
0.427616
3.38977
0.82152
3.25918
1.19935
3.08541
1.55598
2.87511
1.88617
2.63791
2.1844
2.38656
2.44473
2.13699
2.66118
1.90777
2.8288
1.71847
2.94657
1.58477
3.0204
1.51237
1.48134
-0.000543668
-0.0278683
5.52033e-005
-0.0169933
0.00161554
-0.00773748
0.0038782
0.00116713
0.00678617
0.00974876
0.0103746
0.0178184
0.0146862
0.0251995
0.0197183
0.0317745
0.0254138
0.0374427
0.0316747
0.0420967
0.0383664
0.045645
0.0453337
0.0479989
0.0524151
0.0490887
0.059437
0.0488861
0.0662202
0.0474032
0.0725907
0.0446924
0.0783816
0.0408353
0.0834408
0.0359459
0.0876353
0.0301649
0.0908556
0.0236544
0.0930199
0.0165919
0.0940764
0.00916396
0.0940033
0.00156398
0.0928024
-0.0060073
0.0904961
-0.0133557
0.0871308
-0.0203122
0.0827764
-0.0267344
0.0775222
-0.0325052
0.071473
-0.0375345
0.0647436
-0.0417608
0.0574546
-0.045152
0.0497279
-0.0477042
0.0416826
-0.0494404
0.0334301
-0.0504072
0.0250703
-0.0506737
0.0166919
-0.0503318
0.00838371
-0.0494967
0.000228001
-0.0482815
-0.00770775
-0.0467834
-0.0153665
-0.0450946
-0.0227088
-0.0432789
-0.0297139
-0.0413792
-0.0363656
-0.0394378
-0.0426473
-0.0374806
-0.0485402
-0.03551
-0.054021
-0.0335036
-0.0590592
-0.0314141
-0.0636153
-0.0291715
-0.0676378
-0.0266861
-0.0710619
-0.0238527
-0.0738087
-0.0205546
-0.0757855
-0.016669
-0.0768861
-0.0120745
-0.0769949
-0.0066558
-0.0759892
-0.000312885
-0.0737375
0.00702142
-0.0701008
0.0153807
-0.0649403
0.0247686
-0.0581254
0.0351533
-0.0495385
0.0464596
-0.039079
0.0585633
-0.0266661
0.0712912
-0.0122428
0.0844248
0.00420567
0.0977254
0.0226243
0.110951
0.0428927
0.123804
0.064835
0.135929
0.088208
0.146945
0.112725
0.156409
0.138063
0.163854
0.163834
0.168863
0.189587
0.171048
0.214817
0.170052
0.238968
0.16555
0.261437
0.157261
0.281589
0.144965
0.298767
0.12851
0.31231
0.107816
0.321561
0.0828785
0.325894
0.0537786
0.324732
0.0206872
0.317548
-0.0161005
0.30386
-0.0561513
0.283246
-0.0989329
0.255381
-0.143852
0.220059
-0.190242
0.1772
-0.237347
0.126852
-0.284326
0.0691919
-0.330268
0.00453845
-0.374239
-0.06653
-0.415454
-0.143177
-0.453101
-0.224398
-0.486196
-0.309022
-0.513772
-0.395779
-0.534772
-0.483388
-0.548155
-0.570466
-0.553097
-0.65556
-0.549029
-0.737179
-0.535576
-0.813806
-0.512527
-0.883956
-0.479888
-0.946198
-0.437867
-0.999193
-0.386877
-1.04171
-0.327524
-1.07266
-0.260579
-1.09112
-0.18695
-1.09636
-0.107655
-1.08786
-0.0238175
-1.06525
0.0632452
-1.0283
0.152155
-0.976951
0.241592
-0.911356
0.330325
-0.83188
0.417186
-0.739081
0.501051
-0.633686
0.580856
-0.516563
0.655606
-0.388692
0.724386
-0.251131
0.786385
-0.104991
0.840924
0.0485008
0.887598
0.207852
0.926369
0.371411
0.957138
0.537498
0.979658
0.70441
0.993795
0.870584
0.99915
1.03463
0.995366
1.19515
0.982507
1.35069
0.960737
1.49982
0.930291
1.64112
0.891421
1.77321
0.844387
1.89476
0.789448
2.00451
0.726861
2.10121
0.656875
2.1837
0.579735
2.25086
0.495674
2.30162
0.404897
2.335
0.307595
2.35011
0.203959
2.34615
0.0941797
2.32247
-0.0214821
2.27841
-0.142566
2.21335
-0.268471
2.12674
-0.398639
2.01819
-0.532494
1.88748
-0.66938
1.73455
-0.808481
1.55952
-0.9488
1.36271
-1.08915
1.14461
-1.22813
0.905887
-1.36413
0.647359
-1.49534
0.369988
-1.6198
0.0750496
-1.73576
-0.235535
-1.84181
-0.559312
-1.93626
-0.89353
-2.01687
-1.23508
-2.08132
-1.58085
-2.12671
-1.92783
-2.15013
-2.2727
-2.14951
-2.61175
-2.12317
-2.94106
-2.06982
-3.25652
-1.98849
-3.55389
-1.87857
-3.82891
-1.73991
-4.07734
-1.57284
-4.29507
-1.37821
-4.47819
-1.15742
-4.62307
-0.912378
-4.72653
-0.645553
-4.78589
-0.359912
-4.79906
-0.0591096
-4.76424
0.252252
-4.68015
0.569317
-4.54626
0.887221
-4.36286
1.20096
-4.13108
1.50537
-3.85292
1.79515
-3.53115
2.06502
-3.16935
2.30979
-2.77176
2.52448
-2.3432
2.70445
-1.88893
2.84561
-1.41454
2.94464
-0.926258
2.99987
-0.431109
3.01101
0.0636633
2.97821
0.550874
2.90255
1.02371
2.78634
1.47619
2.63293
1.90297
2.44833
2.29872
2.24216
2.65802
2.02726
2.97522
1.81978
3.24461
1.63838
3.46104
1.50204
3.6223
1.42351
3.73087
1.4038
1.40617
-0.00357007
-0.0242482
-0.00374728
-0.0168161
-0.00238665
-0.0090981
-6.16762e-005
-0.00115785
0.00313274
0.00655434
0.00725273
0.0136984
0.0123623
0.0200899
0.0184449
0.0256919
0.0254034
0.0304842
0.0330969
0.0344031
0.0413389
0.0374029
0.0499264
0.0394115
0.0586597
0.0403554
0.0673264
0.0402194
0.075706
0.0390236
0.0835829
0.0368155
0.0907523
0.0336659
0.0970279
0.0296703
0.102247
0.024946
0.106275
0.0196261
0.109013
0.0138544
0.110399
0.00777781
0.110414
0.0015492
0.109063
-0.00465663
0.106372
-0.0106649
0.102397
-0.0163368
0.0972246
-0.0215622
0.0909681
-0.0262487
0.0837577
-0.0303241
0.0757361
-0.0337392
0.0670526
-0.0364685
0.0578579
-0.0385095
0.0482982
-0.0398807
0.0385087
-0.0406177
0.0286053
-0.0407703
0.018687
-0.0404135
0.0088606
-0.0396703
-0.000772185
-0.0386487
-0.0101334
-0.0374222
-0.0191527
-0.0360753
-0.0277869
-0.0346447
-0.0360257
-0.0331404
-0.0438593
-0.0316043
-0.0512731
-0.0300667
-0.0582493
-0.0285338
-0.0647645
-0.0269884
-0.0707869
-0.0253917
-0.0762732
-0.0236851
-0.0811654
-0.021794
-0.0853876
-0.0196305
-0.0888454
-0.0170967
-0.0914263
-0.0140881
-0.0929992
-0.0105016
-0.0934216
-0.00623337
-0.0925464
-0.00118814
-0.0902121
0.0046872
-0.0862427
0.0114112
-0.0804611
0.018987
-0.0727028
0.0273949
-0.062821
0.0365778
-0.0506894
0.0464318
-0.0362014
0.0568032
-0.0192642
0.0674876
0.00016983
0.0782914
0.0220408
0.0890798
0.0462038
0.0996414
0.0724558
0.109677
0.100495
0.118906
0.129981
0.126922
0.160558
0.133277
0.191777
0.137645
0.223101
0.139724
0.253923
0.139229
0.283575
0.135898
0.311334
0.129502
0.336438
0.119862
0.358094
0.106854
0.375498
0.0904119
0.38785
0.0705261
0.394389
0.0472392
0.394427
0.0206492
0.387343
-0.00901625
0.37255
-0.0413585
0.349515
-0.0758979
0.317827
-0.112163
0.27723
-0.149646
0.227628
-0.187745
0.169065
-0.225764
0.101696
-0.2629
0.0257705
-0.298313
-0.0580767
-0.331607
-0.148825
-0.362353
-0.245299
-0.389722
-0.346077
-0.412994
-0.449657
-0.431191
-0.554592
-0.44322
-0.659306
-0.448382
-0.762077
-0.446258
-0.861101
-0.436551
-0.954549
-0.419079
-1.04062
-0.393818
-1.11757
-0.360912
-1.18378
-0.320673
-1.23772
-0.273583
-1.27804
-0.220255
-1.30359
-0.161401
-1.31347
-0.0977722
-1.30711
-0.0301837
-1.28405
0.0401892
-1.24397
0.112077
-1.18675
0.184364
-1.11252
0.256099
-1.02172
0.32639
-0.915023
0.394349
-0.793284
0.459117
-0.657551
0.519873
-0.508993
0.575829
-0.348837
0.626229
-0.178267
0.670354
0.00144456
0.707887
0.188522
0.739292
0.380934
0.764727
0.576694
0.783897
0.773652
0.796838
0.969975
0.802827
1.16422
0.801117
1.35481
0.791921
1.54004
0.775511
1.71819
0.752138
1.88758
0.722025
2.04659
0.68538
2.19363
0.642405
2.32719
0.593299
2.44582
0.538252
2.5481
0.477457
2.63267
0.411103
2.69823
0.339333
2.74357
0.262257
2.76754
0.179985
2.76918
0.0925435
2.7477
2.01371e-007
2.70232
-0.0971863
2.63215
-0.198308
2.53642
-0.302905
2.41453
-0.410607
2.26615
-0.520998
2.09114
-0.633465
1.88956
-0.747227
1.66174
-0.86133
1.40822
-0.974615
1.12977
-1.08568
0.82728
-1.19284
0.501626
-1.29415
0.153968
-1.3881
-0.213393
-1.47445
-0.597326
-1.55233
-0.994437
-1.61976
-1.40068
-1.67508
-1.81227
-1.71512
-2.22591
-1.73649
-2.63766
-1.73776
-3.04301
-1.71782
-3.43709
-1.67575
-3.8148
-1.61078
-4.17093
-1.52244
-4.50023
-1.41061
-4.79752
-1.27555
-5.05777
-1.11796
-5.27619
-0.938995
-5.44835
-0.740221
-5.57035
-0.523551
-5.63913
-0.291133
-5.65244
-0.0457975
-5.60819
0.207999
-5.50475
0.46588
-5.34153
0.723999
-5.11904
0.978474
-4.83885
1.22518
-4.50355
1.45985
-4.11671
1.67818
-3.68284
1.87593
-3.20729
2.04894
-2.69607
2.19323
-2.15551
2.30505
-1.59199
2.38112
-1.01285
2.42073
-0.426944
2.4251
0.156736
2.39453
0.729373
2.32992
1.28266
2.23305
1.81014
2.10545
2.3066
1.95187
2.76697
1.78179
3.18642
1.6078
3.56037
1.44584
3.88427
1.31448
4.15326
1.23305
4.3633
1.21347
4.50861
1.25849
1.30554
-0.00715868
-0.0170395
-0.00869912
-0.0152756
-0.00805885
-0.00973837
-0.00609617
-0.00312053
-0.00291948
0.00337765
0.00155731
0.00922158
0.0074275
0.0142197
0.0146326
0.0184868
0.0229965
0.0221204
0.0323197
0.02508
0.0423393
0.0273833
0.0527869
0.0289638
0.063429
0.0297132
0.0740079
0.0296405
0.0842512
0.0287804
0.0938931
0.0271736
0.102684
0.0248745
0.1104
0.0219552
0.116841
0.0185046
0.121845
0.0146221
0.125287
0.0104121
0.127096
0.00596887
0.127262
0.00138348
0.125799
-0.00319368
0.12273
-0.00759561
0.118118
-0.0117253
0.112076
-0.0155202
0.104745
-0.0189179
0.0962871
-0.021866
0.0868766
-0.0243287
0.0766966
-0.0262885
0.0659317
-0.0277446
0.054762
-0.0287109
0.0433537
-0.0292095
0.0318377
-0.0292542
0.0203095
-0.0288853
0.00890043
-0.0282612
-0.00226031
-0.027488
-0.0130926
-0.0265899
-0.0235043
-0.0256636
-0.0334475
-0.0247014
-0.0429424
-0.0236456
-0.0519899
-0.0225568
-0.0605766
-0.02148
-0.0686866
-0.0204238
-0.0762991
-0.0193759
-0.083384
-0.0183068
-0.0898975
-0.0171717
-0.0957767
-0.0159147
-0.100936
-0.0144717
-0.105264
-0.0127685
-0.108627
-0.0107249
-0.110862
-0.00826614
-0.111793
-0.0053029
-0.111248
-0.00173259
-0.109036
0.00247455
-0.104928
0.00730385
-0.0986983
0.0127569
-0.0901391
0.0188356
-0.0790717
0.0255104
-0.0653452
0.0327053
-0.0488299
0.0402878
-0.0293755
0.0480331
-0.00686098
0.0557769
0.0186401
0.0635787
0.0469492
0.0713323
0.0778574
0.0787688
0.110974
0.0857893
0.145897
0.091999
0.182281
0.0968937
0.219611
0.100314
0.257251
0.102084
0.294479
0.102
0.330505
0.0998721
0.364475
0.0955321
0.395488
0.0888484
0.422604
0.0797381
0.444859
0.068157
0.461286
0.0540993
0.470957
0.037568
0.473068
0.0185386
0.466924
-0.00287291
0.451827
-0.0262607
0.427082
-0.0511534
0.392172
-0.0772531
0.346801
-0.104276
0.290875
-0.131818
0.224478
-0.159367
0.147743
-0.186164
0.0606457
-0.211216
-0.0361476
-0.234814
-0.141346
-0.257155
-0.25366
-0.277408
-0.371369
-0.295285
-0.492688
-0.309872
-0.61615
-0.319759
-0.740039
-0.324494
-0.862324
-0.323973
-0.980857
-0.318019
-1.09345
-0.306482
-1.19796
-0.289311
-1.2923
-0.266574
-1.3745
-0.238474
-1.44272
-0.205361
-1.49528
-0.167693
-1.53069
-0.125987
-1.54782
-0.0806459
-1.54608
-0.0319198
-1.52499
0.0190964
-1.48403
0.0711162
-1.42291
0.123248
-1.34177
0.174957
-1.2411
0.225722
-1.12168
0.274925
-0.984517
0.321953
-0.83086
0.366216
-0.662139
0.407108
-0.479828
0.443918
-0.285083
0.475609
-0.0789332
0.501736
0.136457
0.523901
0.358533
0.542651
0.585108
0.557322
0.813305
0.568641
1.04097
0.575159
1.26698
0.575115
1.48953
0.569369
1.70658
0.558455
1.91611
0.542612
2.11613
0.522
2.30476
0.496757
2.48015
0.467011
2.64056
0.432893
2.78428
0.394526
2.90969
0.352053
3.01515
0.305646
3.09909
0.255385
3.16005
0.201305
3.19654
0.143488
3.20735
0.081737
3.19167
0.015683
3.14864
-0.0541573
3.07696
-0.126634
2.97548
-0.201423
2.84337
-0.278499
2.68017
-0.357792
2.48559
-0.438893
2.25962
-0.521249
2.0025
-0.604211
1.71484
-0.686958
1.39759
-0.768427
1.05184
-0.847091
0.678149
-0.920465
0.276941
-0.986889
-0.148974
-1.04853
-0.595492
-1.10581
-1.05871
-1.15654
-1.53304
-1.20075
-2.01391
-1.23425
-2.49843
-1.25197
-2.98202
-1.25417
-3.45903
-1.24081
-3.92344
-1.21134
-4.36902
-1.1652
-4.78943
-1.10203
-5.17834
-1.0217
-5.52947
-0.924415
-5.83677
-0.810673
-6.09442
-0.681344
-6.29697
-0.537668
-6.43956
-0.380957
-6.51865
-0.21205
-6.53227
-0.0321723
-6.4779
0.153626
-6.35322
0.341204
-6.15751
0.528283
-5.89159
0.71256
-5.55758
0.891172
-5.15875
1.06102
-4.69955
1.21898
-4.18561
1.36199
-3.62366
1.48698
-3.02128
1.59085
-2.38624
1.67002
-1.7251
1.71998
-1.04614
1.74178
-0.361036
1.73999
0.319004
1.71449
0.983075
1.66585
1.6205
1.59563
2.22462
1.50133
2.79124
1.38526
3.31567
1.25736
3.79424
1.12923
4.22484
1.01524
4.60641
0.932917
4.93721
0.902243
5.21368
0.937001
5.41052
1.06165
1.17347
-0.00982798
-0.00716153
-0.0138793
-0.0112244
-0.0154861
-0.00813157
-0.0149728
-0.00363379
-0.0124679
0.000872728
-0.00795201
0.00470571
-0.00136358
0.00763131
0.00712836
0.00999484
0.0171629
0.0120859
0.0284852
0.0137576
0.0406935
0.015175
0.0534517
0.0162056
0.0665079
0.016657
0.0795261
0.0166223
0.0921565
0.01615
0.104067
0.015263
0.114951
0.0139904
0.124534
0.0123725
0.132576
0.0104629
0.138877
0.00832071
0.143279
0.00600999
0.145682
0.00356583
0.146094
0.000971711
0.144562
-0.00166182
0.141087
-0.00412086
0.135742
-0.00638033
0.128681
-0.00845883
0.120085
-0.0103218
0.110154
-0.0119356
0.0991054
-0.0132797
0.0871621
-0.0143451
0.0745518
-0.0151343
0.0615003
-0.0156594
0.0482262
-0.0159354
0.0348967
-0.0159247
0.0215708
-0.0155595
0.00839277
-0.0150832
-0.00444221
-0.014653
-0.0168968
-0.0141353
-0.0288139
-0.0137466
-0.0401671
-0.0133482
-0.0510468
-0.0127659
-0.0614447
-0.0121588
-0.0713438
-0.011581
-0.0807337
-0.0110339
-0.089603
-0.0105067
-0.0979294
-0.00998037
-0.105673
-0.00942763
-0.112771
-0.00881678
-0.11913
-0.00811298
-0.124623
-0.00727543
-0.129093
-0.00625542
-0.132337
-0.00502217
-0.134118
-0.00352126
-0.13423
-0.00162108
-0.132463
0.000707395
-0.128511
0.00335189
-0.122064
0.00630997
-0.112861
0.00963282
-0.100678
0.0133278
-0.0853353
0.0173624
-0.0667076
0.0216602
-0.0445932
0.0259188
-0.0187143
0.0298979
0.0108606
0.0340038
0.043861
0.0383318
0.0801823
0.0424476
0.119211
0.0467603
0.160552
0.0506582
0.203969
0.0534764
0.248803
0.0554812
0.294273
0.0566137
0.339521
0.0567522
0.383611
0.0557826
0.425536
0.0536072
0.464235
0.0501492
0.498596
0.0453766
0.527479
0.0392741
0.549713
0.0318658
0.56413
0.0231504
0.569725
0.0129438
0.565788
0.00106374
0.551521
-0.0119936
0.525948
-0.0255798
0.488403
-0.0397083
0.438571
-0.0544445
0.376371
-0.0696173
0.302
-0.0849962
0.215855
-0.100019
0.117272
-0.112633
0.00658575
-0.124128
-0.114254
-0.136315
-0.244117
-0.147545
-0.380638
-0.158764
-0.52191
-0.1686
-0.666819
-0.174849
-0.8134
-0.177912
-0.959147
-0.178226
-1.10149
-0.175674
-1.23783
-0.170143
-1.3656
-0.161541
-1.4823
-0.149872
-1.58556
-0.135214
-1.67314
-0.117781
-1.74297
-0.0978626
-1.79311
-0.075847
-1.82185
-0.0519085
-1.82859
-0.0251839
-1.81305
0.00355925
-1.77438
0.0324482
-1.71191
0.0607802
-1.62577
0.0888167
-1.51657
0.116519
-1.38516
0.143512
-1.23268
0.169471
-1.06059
0.194126
-0.870697
0.217219
-0.665065
0.238287
-0.444985
0.255528
-0.21057
0.267322
0.0357236
0.277608
0.290182
0.288192
0.55113
0.296374
0.813853
0.305918
1.07646
0.312553
1.33885
0.312724
1.59846
0.30976
1.85268
0.304237
2.09908
0.296212
2.33538
0.2857
2.5594
0.272734
2.76905
0.257357
2.96231
0.239634
3.13723
0.219603
3.29193
0.197361
3.42452
0.173053
3.53316
0.146745
3.61605
0.118409
3.67132
0.0882191
3.69716
0.0558994
3.69263
0.0202167
3.65737
-0.0188981
3.58921
-0.0584796
3.48632
-0.0985306
3.3477
-0.13988
3.17275
-0.182841
2.96092
-0.22706
2.7119
-0.27223
2.42577
-0.318081
2.10309
-0.364283
1.7451
-0.410431
1.35366
-0.45565
0.92942
-0.49623
0.470588
-0.528056
-0.0202947
-0.557652
-0.53676
-0.589347
-1.07533
-0.617977
-1.62642
-0.649652
-2.18605
-0.674617
-2.75339
-0.684636
-3.32175
-0.685804
-3.88377
-0.678791
-4.43189
-0.663215
-4.9585
-0.63859
-5.45592
-0.604602
-5.91649
-0.561134
-6.33262
-0.508281
-6.69698
-0.446311
-7.00256
-0.375765
-7.24266
-0.297572
-7.41092
-0.212694
-7.50249
-0.12048
-7.51662
-0.0180442
-7.45064
0.0876525
-7.30061
0.191174
-7.0655
0.293172
-6.74687
0.393925
-6.3475
0.4918
-5.87144
0.584963
-5.32416
0.671704
-4.71259
0.750415
-4.04522
0.819611
-3.33212
0.877745
-2.58424
0.922141
-1.80744
0.943184
-1.00928
0.943616
-0.206253
0.936962
0.587248
0.920986
1.3573
0.895798
2.08899
0.863933
2.77693
0.8134
3.41869
0.743494
4.00861
0.667437
4.54451
0.593329
5.02908
0.530666
5.47021
0.491787
5.87721
0.495241
6.26927
0.544942
6.59647
0.734445
0.940272
-0.00711153
-0.0183359
-0.0264675
-0.0301012
-0.0292285
-0.0245228
-0.0168915
-0.00689665
0.0051892
0.0189468
0.0341219
0.0503275
0.0669846
0.0836069
0.0997569
0.11502
0.12901
0.141383
0.151846
0.160166
0.166176
0.169742
0.170714
0.169052
0.164931
0.158551
0.150092
0.13977
0.127835
0.114555
0.10021
0.0850757
0.0694162
0.0534809
0.0375562
0.0219967
0.00691355
-0.00773945
-0.0218748
-0.0356214
-0.0489695
-0.0617354
-0.0738942
-0.0854752
-0.096509
-0.107016
-0.116996
-0.126424
-0.13524
-0.143353
-0.150629
-0.156884
-0.161906
-0.165428
-0.167049
-0.166341
-0.16299
-0.15668
-0.147047
-0.133719
-0.116357
-0.0946964
-0.0687776
-0.0388797
-0.00487584
0.033456
0.0759035
0.122664
0.173322
0.226798
0.28228
0.338893
0.395646
0.451428
0.505035
0.555185
0.600561
0.639835
0.671701
0.694852
0.707795
0.708859
0.696865
0.671286
0.631577
0.577133
0.507516
0.422519
0.3225
0.209868
0.0857401
-0.0505749
-0.19812
-0.356884
-0.525484
-0.700334
-0.878246
-1.05647
-1.23215
-1.40229
-1.56383
-1.7137
-1.84892
-1.9667
-2.06456
-2.14041
-2.19232
-2.2175
-2.21394
-2.18149
-2.12071
-2.03189
-1.91538
-1.77186
-1.60239
-1.40827
-1.19105
-0.952761
-0.697233
-0.429912
-0.152304
0.135888
0.432263
0.738181
1.05073
1.36346
1.67322
1.97746
2.27367
2.55937
2.8321
3.08946
3.32909
3.5487
3.74606
3.91911
4.06586
4.18426
4.27248
4.32838
4.3486
4.3297
4.27122
4.17269
4.03281
3.84997
3.62291
3.35068
3.0326
2.66832
2.25789
1.80224
1.30601
0.777951
0.220299
-0.369048
-0.987024
-1.63668
-2.31129
-2.99593
-3.68173
-4.36053
-5.02374
-5.66233
-6.26693
-6.82807
-7.33635
-7.78266
-8.15842
-8.456
-8.66869
-8.78917
-8.80721
-8.71956
-8.52839
-8.23522
-7.84129
-7.34949
-6.76453
-6.09282
-5.34241
-4.5228
-3.64505
-2.72291
-1.77973
-0.83611
0.100851
1.02184
1.91764
2.78157
3.59497
4.33846
5.0059
5.59923
6.1299
6.62168
7.11692
7.66187
8.39631
)
;

boundaryField
{
    walls
    {
        type            calculated;
        value           uniform 0;
    }
    inlet
    {
        type            calculated;
        value           nonuniform List<scalar> 
20
(
-5e-005
-5e-005
-5e-005
-5e-005
-5e-005
-5e-005
-5e-005
-5e-005
-5e-005
-5e-005
-5e-005
-5e-005
-5e-005
-5e-005
-5e-005
-5e-005
-5e-005
-5e-005
-5e-005
-5e-005
)
;
    }
    outlet
    {
        type            calculated;
        value           nonuniform List<scalar> 
20
(
-5.88335
-6.22411
-5.78486
-5.10412
-4.39572
-3.69871
-3.00206
-2.2953
-1.51274
-0.586418
0.253218
0.994764
1.68145
2.36652
3.06833
3.80603
4.60924
5.5426
6.82967
9.33658
)
;
    }
    frontAndBack
    {
        type            empty;
        value           nonuniform 0();
    }
}


// ************************************************************************* //
