/*--------------------------------*- C++ -*----------------------------------*\
| =========                 |                                                 |
| \\      /  F ield         | OpenFOAM: The Open Source CFD Toolbox           |
|  \\    /   O peration     | Version:  5.x                                   |
|   \\  /    A nd           | Web:      www.OpenFOAM.org                      |
|    \\/     M anipulation  |                                                 |
\*---------------------------------------------------------------------------*/
/*   Windows 32 and 64 bit porting by blueCAPE: http://www.bluecape.com.pt   *\
|  Based on Windows porting (2.0.x v4) by Symscape: http://www.symscape.com   |
\*---------------------------------------------------------------------------*/
FoamFile
{
    version     2.0;
    format      ascii;
    class       volScalarField;
    location    "3000";
    object      p;
}
// * * * * * * * * * * * * * * * * * * * * * * * * * * * * * * * * * * * * * //

dimensions      [0 2 -2 0 0 0 0];

internalField   nonuniform List<scalar> 
4000
(
-5.97994e+011
-5.97654e+011
-5.99519e+011
-6.04062e+011
-6.10436e+011
-6.17613e+011
-6.25051e+011
-6.32411e+011
-6.39297e+011
-6.45426e+011
-6.50403e+011
-6.53975e+011
-6.56033e+011
-6.56426e+011
-6.55061e+011
-6.5189e+011
-6.46921e+011
-6.40226e+011
-6.31927e+011
-6.22203e+011
-6.1127e+011
-5.99354e+011
-5.86833e+011
-5.74175e+011
-5.61682e+011
-5.49647e+011
-5.38332e+011
-5.27949e+011
-5.18685e+011
-5.10674e+011
-5.03997e+011
-4.98686e+011
-4.9472e+011
-4.92035e+011
-4.90527e+011
-4.90063e+011
-4.90484e+011
-4.91619e+011
-4.93279e+011
-4.95317e+011
-4.97621e+011
-5.00035e+011
-5.02424e+011
-5.04649e+011
-5.06618e+011
-5.0835e+011
-5.098e+011
-5.1099e+011
-5.11949e+011
-5.12636e+011
-5.13156e+011
-5.13677e+011
-5.14307e+011
-5.15139e+011
-5.16283e+011
-5.17831e+011
-5.1986e+011
-5.22413e+011
-5.25531e+011
-5.29245e+011
-5.33544e+011
-5.38336e+011
-5.4346e+011
-5.48819e+011
-5.54254e+011
-5.59576e+011
-5.64582e+011
-5.68964e+011
-5.72552e+011
-5.75258e+011
-5.7689e+011
-5.77268e+011
-5.76261e+011
-5.73769e+011
-5.69731e+011
-5.64121e+011
-5.56952e+011
-5.48279e+011
-5.38193e+011
-5.26824e+011
-5.1435e+011
-5.00954e+011
-4.86988e+011
-4.73077e+011
-4.59716e+011
-4.47329e+011
-4.3644e+011
-4.27596e+011
-4.21354e+011
-4.1821e+011
-4.18619e+011
-4.2277e+011
-4.30541e+011
-4.42057e+011
-4.57492e+011
-4.7703e+011
-5.00598e+011
-5.27893e+011
-5.58437e+011
-5.91703e+011
-6.27233e+011
-6.64467e+011
-7.02731e+011
-7.41661e+011
-7.80408e+011
-8.18321e+011
-8.55187e+011
-8.9092e+011
-9.24863e+011
-9.5738e+011
-9.8962e+011
-1.02112e+012
-1.05162e+012
-1.08125e+012
-1.10844e+012
-1.13149e+012
-1.14908e+012
-1.15908e+012
-1.15888e+012
-1.14576e+012
-1.11694e+012
-1.06951e+012
-1.00055e+012
-9.07274e+011
-7.87065e+011
-6.37616e+011
-4.56949e+011
-2.43467e+011
4.09069e+009
2.86537e+011
6.02874e+011
9.50507e+011
1.32754e+012
1.73226e+012
2.16206e+012
2.61376e+012
3.08355e+012
3.56701e+012
4.05913e+012
4.55441e+012
5.04609e+012
5.5278e+012
5.99534e+012
6.44533e+012
6.87607e+012
7.28498e+012
7.66591e+012
8.00626e+012
8.29857e+012
8.53845e+012
8.721e+012
8.84195e+012
8.89731e+012
8.88332e+012
8.79645e+012
8.63355e+012
8.39184e+012
8.06901e+012
7.66324e+012
7.17332e+012
6.5987e+012
5.93963e+012
5.19727e+012
4.37387e+012
3.47291e+012
2.49931e+012
1.45961e+012
3.62196e+011
-7.82645e+011
-1.96256e+012
-3.1629e+012
-4.36733e+012
-5.55728e+012
-6.71181e+012
-7.80923e+012
-8.8163e+012
-9.69954e+012
-1.04333e+013
-1.09974e+013
-1.13739e+013
-1.15497e+013
-1.15187e+013
-1.12837e+013
-1.08559e+013
-1.0262e+013
-9.54426e+012
-8.76091e+012
-7.96116e+012
-7.26398e+012
-6.67661e+012
-6.17046e+012
-5.84853e+012
-5.64859e+012
-5.40698e+012
-5.06411e+012
-4.55692e+012
-3.86152e+012
-3.28544e+012
-3.78296e+012
-1.95722e+012
-6.00305e+011
-5.99298e+011
-6.00247e+011
-6.01197e+011
-6.03379e+011
-6.07174e+011
-6.11687e+011
-6.16027e+011
-6.19858e+011
-6.22896e+011
-6.25535e+011
-6.27838e+011
-6.29401e+011
-6.30053e+011
-6.29697e+011
-6.28252e+011
-6.25667e+011
-6.21933e+011
-6.17075e+011
-6.11166e+011
-6.04379e+011
-5.97069e+011
-5.89299e+011
-5.80782e+011
-5.71809e+011
-5.62819e+011
-5.54027e+011
-5.45606e+011
-5.3772e+011
-5.30498e+011
-5.24036e+011
-5.18401e+011
-5.13625e+011
-5.0971e+011
-5.06633e+011
-5.04346e+011
-5.02786e+011
-5.01891e+011
-5.01653e+011
-5.0192e+011
-5.02452e+011
-5.0319e+011
-5.04178e+011
-5.05351e+011
-5.06633e+011
-5.08072e+011
-5.09526e+011
-5.10904e+011
-5.12351e+011
-5.13971e+011
-5.15738e+011
-5.17458e+011
-5.19224e+011
-5.21112e+011
-5.23165e+011
-5.25405e+011
-5.27863e+011
-5.30612e+011
-5.33617e+011
-5.36701e+011
-5.39804e+011
-5.42941e+011
-5.46145e+011
-5.49154e+011
-5.51864e+011
-5.542e+011
-5.56041e+011
-5.57574e+011
-5.58573e+011
-5.58613e+011
-5.57693e+011
-5.55902e+011
-5.53246e+011
-5.49741e+011
-5.45424e+011
-5.40344e+011
-5.34566e+011
-5.28171e+011
-5.21261e+011
-5.13948e+011
-5.0645e+011
-4.99286e+011
-4.92606e+011
-4.8588e+011
-4.79394e+011
-4.73804e+011
-4.69453e+011
-4.66659e+011
-4.65664e+011
-4.66301e+011
-4.68152e+011
-4.72926e+011
-4.81986e+011
-4.94352e+011
-5.11229e+011
-5.30777e+011
-5.51391e+011
-5.73998e+011
-5.98473e+011
-6.24344e+011
-6.51176e+011
-6.78355e+011
-7.04848e+011
-7.29822e+011
-7.5423e+011
-7.7794e+011
-8.00176e+011
-8.21019e+011
-8.42512e+011
-8.64533e+011
-8.85052e+011
-9.02558e+011
-9.15553e+011
-9.25349e+011
-9.35164e+011
-9.44516e+011
-9.50673e+011
-9.51742e+011
-9.45747e+011
-9.30291e+011
-9.02924e+011
-8.61101e+011
-8.02255e+011
-7.23884e+011
-6.23629e+011
-4.99396e+011
-3.49433e+011
-1.7246e+011
3.14597e+010
2.60772e+011
5.16969e+011
8.03045e+011
1.11696e+012
1.45489e+012
1.81448e+012
2.1929e+012
2.58685e+012
2.99248e+012
3.40553e+012
3.82177e+012
4.23665e+012
4.65553e+012
5.0838e+012
5.49251e+012
5.86192e+012
6.19582e+012
6.46471e+012
6.69945e+012
6.91942e+012
7.0959e+012
7.22056e+012
7.289e+012
7.29713e+012
7.24142e+012
7.1188e+012
6.9266e+012
6.66254e+012
6.3248e+012
5.91216e+012
5.42405e+012
4.86067e+012
4.2231e+012
3.51345e+012
2.73498e+012
1.89231e+012
9.91543e+011
4.04464e+010
-9.51428e+011
-1.9726e+012
-3.00961e+012
-4.0469e+012
-5.06719e+012
-6.05147e+012
-6.9735e+012
-7.79648e+012
-8.50743e+012
-9.09857e+012
-9.54836e+012
-9.83391e+012
-9.94037e+012
-9.86096e+012
-9.59721e+012
-9.16048e+012
-8.57272e+012
-7.87146e+012
-7.10249e+012
-6.33963e+012
-5.6905e+012
-5.19148e+012
-4.7046e+012
-4.25401e+012
-4.0226e+012
-3.99842e+012
-4.09256e+012
-4.17985e+012
-4.16602e+012
-3.85686e+012
-3.3398e+012
-3.78441e+012
-1.74015e+012
-5.99241e+011
-5.98478e+011
-5.987e+011
-5.98058e+011
-5.97176e+011
-5.96957e+011
-5.972e+011
-5.97718e+011
-5.98427e+011
-5.99131e+011
-5.99941e+011
-6.00918e+011
-6.01886e+011
-6.02728e+011
-6.03331e+011
-6.0358e+011
-6.03374e+011
-6.02627e+011
-6.0127e+011
-5.99259e+011
-5.96595e+011
-5.93354e+011
-5.89536e+011
-5.85016e+011
-5.79909e+011
-5.74414e+011
-5.6864e+011
-5.627e+011
-5.56712e+011
-5.50783e+011
-5.45012e+011
-5.39487e+011
-5.34286e+011
-5.29469e+011
-5.25086e+011
-5.21175e+011
-5.1776e+011
-5.14862e+011
-5.12513e+011
-5.10691e+011
-5.09341e+011
-5.08478e+011
-5.08029e+011
-5.08101e+011
-5.08689e+011
-5.09832e+011
-5.11243e+011
-5.12664e+011
-5.14302e+011
-5.16365e+011
-5.18921e+011
-5.21739e+011
-5.2456e+011
-5.2741e+011
-5.30284e+011
-5.33136e+011
-5.35916e+011
-5.38589e+011
-5.41071e+011
-5.43219e+011
-5.449e+011
-5.46365e+011
-5.47689e+011
-5.48436e+011
-5.48551e+011
-5.48044e+011
-5.46801e+011
-5.45037e+011
-5.42855e+011
-5.4011e+011
-5.36882e+011
-5.33285e+011
-5.29418e+011
-5.2539e+011
-5.21312e+011
-5.17296e+011
-5.13446e+011
-5.09861e+011
-5.06635e+011
-5.03853e+011
-5.01612e+011
-5.00092e+011
-4.9931e+011
-4.9909e+011
-4.99538e+011
-5.00862e+011
-5.0316e+011
-5.06526e+011
-5.10995e+011
-5.16507e+011
-5.23023e+011
-5.31393e+011
-5.41811e+011
-5.53813e+011
-5.67933e+011
-5.83483e+011
-5.99475e+011
-6.16134e+011
-6.33199e+011
-6.50298e+011
-6.67081e+011
-6.83104e+011
-6.97669e+011
-7.10352e+011
-7.21471e+011
-7.30958e+011
-7.38624e+011
-7.44638e+011
-7.49842e+011
-7.54185e+011
-7.56973e+011
-7.58859e+011
-7.59762e+011
-7.59433e+011
-7.5888e+011
-7.58101e+011
-7.55791e+011
-7.50517e+011
-7.40596e+011
-7.24234e+011
-6.9956e+011
-6.64523e+011
-6.1703e+011
-5.55032e+011
-4.76592e+011
-3.79981e+011
-2.63747e+011
-1.26814e+011
3.13006e+010
2.10626e+011
4.11308e+011
6.34128e+011
8.77965e+011
1.14066e+012
1.42029e+012
1.71449e+012
2.02057e+012
2.33543e+012
2.6557e+012
2.97824e+012
3.29896e+012
3.61731e+012
3.93368e+012
4.23225e+012
4.50438e+012
4.75205e+012
4.95863e+012
5.12911e+012
5.27418e+012
5.38129e+012
5.44483e+012
5.4603e+012
5.42373e+012
5.33168e+012
5.18125e+012
4.97011e+012
4.69641e+012
4.35879e+012
3.95663e+012
3.49008e+012
2.96008e+012
2.36855e+012
1.71849e+012
1.01411e+012
2.60979e+011
-5.33877e+011
-1.36185e+012
-2.2127e+012
-3.07447e+012
-3.93367e+012
-4.77522e+012
-5.58292e+012
-6.33912e+012
-7.02238e+012
-7.60327e+012
-8.07107e+012
-8.41321e+012
-8.61529e+012
-8.66551e+012
-8.55772e+012
-8.29233e+012
-7.87723e+012
-7.3287e+012
-6.67088e+012
-5.93628e+012
-5.16957e+012
-4.42642e+012
-3.76822e+012
-3.23829e+012
-2.86441e+012
-2.66726e+012
-2.63521e+012
-2.76788e+012
-3.01926e+012
-3.30925e+012
-3.54439e+012
-3.52421e+012
-3.14929e+012
-3.42928e+012
-1.48728e+012
-5.93471e+011
-5.96571e+011
-5.96135e+011
-5.94772e+011
-5.92309e+011
-5.89759e+011
-5.87388e+011
-5.85349e+011
-5.83728e+011
-5.8253e+011
-5.81861e+011
-5.81761e+011
-5.82156e+011
-5.8296e+011
-5.84054e+011
-5.85311e+011
-5.8659e+011
-5.87754e+011
-5.88667e+011
-5.89215e+011
-5.89302e+011
-5.88872e+011
-5.87846e+011
-5.86119e+011
-5.83698e+011
-5.8065e+011
-5.77029e+011
-5.72909e+011
-5.68374e+011
-5.63518e+011
-5.58436e+011
-5.53227e+011
-5.47994e+011
-5.42833e+011
-5.37837e+011
-5.33096e+011
-5.2869e+011
-5.24695e+011
-5.21186e+011
-5.18205e+011
-5.15788e+011
-5.14016e+011
-5.12602e+011
-5.11816e+011
-5.11895e+011
-5.12554e+011
-5.13726e+011
-5.15325e+011
-5.1735e+011
-5.19796e+011
-5.226e+011
-5.25664e+011
-5.28835e+011
-5.3204e+011
-5.35191e+011
-5.38195e+011
-5.40959e+011
-5.43403e+011
-5.45436e+011
-5.4695e+011
-5.47874e+011
-5.4829e+011
-5.48044e+011
-5.46968e+011
-5.45205e+011
-5.42865e+011
-5.39924e+011
-5.36422e+011
-5.32508e+011
-5.28222e+011
-5.23715e+011
-5.19155e+011
-5.14709e+011
-5.10544e+011
-5.06824e+011
-5.03699e+011
-5.01297e+011
-4.99725e+011
-4.99062e+011
-4.99366e+011
-5.00665e+011
-5.02991e+011
-5.06294e+011
-5.10432e+011
-5.15365e+011
-5.21093e+011
-5.2758e+011
-5.34787e+011
-5.42649e+011
-5.51102e+011
-5.6009e+011
-5.69904e+011
-5.80626e+011
-5.92009e+011
-6.04153e+011
-6.16599e+011
-6.28787e+011
-6.40624e+011
-6.51817e+011
-6.62043e+011
-6.70983e+011
-6.78287e+011
-6.83569e+011
-6.86595e+011
-6.87483e+011
-6.86293e+011
-6.83128e+011
-6.78256e+011
-6.7226e+011
-6.65411e+011
-6.5768e+011
-6.49507e+011
-6.41115e+011
-6.32765e+011
-6.25082e+011
-6.18072e+011
-6.10997e+011
-6.02889e+011
-5.92563e+011
-5.7859e+011
-5.59394e+011
-5.33278e+011
-4.98506e+011
-4.53364e+011
-3.96229e+011
-3.2564e+011
-2.4038e+011
-1.39504e+011
-2.23036e+010
1.11429e+011
2.61879e+011
4.29399e+011
6.13251e+011
8.12036e+011
1.0242e+012
1.24783e+012
1.48073e+012
1.72044e+012
1.96424e+012
2.20958e+012
2.45316e+012
2.6928e+012
2.9263e+012
3.14482e+012
3.34222e+012
3.51681e+012
3.66093e+012
3.77528e+012
3.86214e+012
3.91503e+012
3.92997e+012
3.90313e+012
3.83122e+012
3.71139e+012
3.54123e+012
3.31879e+012
3.0427e+012
2.71206e+012
2.32675e+012
1.88746e+012
1.39567e+012
8.53843e+011
2.65541e+011
-3.64499e+011
-1.03024e+012
-1.72427e+012
-2.43775e+012
-3.16037e+012
-3.8804e+012
-4.58478e+012
-5.25909e+012
-5.88735e+012
-6.45252e+012
-6.9364e+012
-7.32009e+012
-7.59037e+012
-7.73724e+012
-7.75162e+012
-7.62721e+012
-7.36264e+012
-6.96257e+012
-6.43858e+012
-5.80986e+012
-5.10359e+012
-4.35494e+012
-3.60687e+012
-2.90972e+012
-2.31478e+012
-1.85986e+012
-1.56798e+012
-1.46046e+012
-1.5471e+012
-1.82033e+012
-2.23451e+012
-2.70299e+012
-3.09963e+012
-3.22621e+012
-2.91724e+012
-3.00722e+012
-1.34298e+012
-5.85424e+011
-5.923e+011
-5.92136e+011
-5.90767e+011
-5.87662e+011
-5.83922e+011
-5.80035e+011
-5.76393e+011
-5.73247e+011
-5.70733e+011
-5.69e+011
-5.68095e+011
-5.67996e+011
-5.68651e+011
-5.69935e+011
-5.71721e+011
-5.73845e+011
-5.76136e+011
-5.78422e+011
-5.80537e+011
-5.82333e+011
-5.83682e+011
-5.84465e+011
-5.8457e+011
-5.8395e+011
-5.82601e+011
-5.80538e+011
-5.77796e+011
-5.74435e+011
-5.70534e+011
-5.66177e+011
-5.61466e+011
-5.5652e+011
-5.5144e+011
-5.46347e+011
-5.41352e+011
-5.36569e+011
-5.321e+011
-5.28045e+011
-5.24484e+011
-5.21481e+011
-5.19114e+011
-5.17329e+011
-5.16191e+011
-5.1584e+011
-5.16173e+011
-5.17119e+011
-5.18585e+011
-5.20566e+011
-5.23009e+011
-5.25835e+011
-5.28931e+011
-5.32147e+011
-5.35371e+011
-5.38485e+011
-5.4138e+011
-5.43934e+011
-5.46057e+011
-5.47659e+011
-5.48639e+011
-5.48958e+011
-5.48664e+011
-5.47551e+011
-5.45295e+011
-5.42329e+011
-5.39091e+011
-5.35278e+011
-5.30853e+011
-5.26075e+011
-5.2108e+011
-5.16052e+011
-5.11188e+011
-5.06688e+011
-5.02744e+011
-4.99536e+011
-4.97237e+011
-4.95975e+011
-4.95849e+011
-4.96921e+011
-4.99215e+011
-5.02715e+011
-5.07376e+011
-5.13105e+011
-5.19756e+011
-5.2721e+011
-5.35363e+011
-5.44092e+011
-5.53284e+011
-5.62816e+011
-5.72589e+011
-5.8251e+011
-5.92637e+011
-6.02948e+011
-6.13243e+011
-6.23458e+011
-6.33279e+011
-6.42314e+011
-6.50368e+011
-6.57155e+011
-6.62384e+011
-6.65781e+011
-6.6708e+011
-6.66039e+011
-6.62528e+011
-6.56622e+011
-6.48449e+011
-6.38237e+011
-6.26338e+011
-6.13282e+011
-5.99503e+011
-5.85339e+011
-5.71343e+011
-5.57929e+011
-5.45492e+011
-5.34425e+011
-5.24863e+011
-5.16329e+011
-5.08147e+011
-4.99533e+011
-4.89274e+011
-4.7614e+011
-4.58734e+011
-4.3561e+011
-4.05329e+011
-3.66497e+011
-3.17835e+011
-2.58261e+011
-1.86831e+011
-1.02893e+011
-6.13501e+009
1.03626e+011
2.26565e+011
3.62186e+011
5.09531e+011
6.67392e+011
8.34247e+011
1.00832e+012
1.18758e+012
1.36977e+012
1.55258e+012
1.73318e+012
1.9091e+012
2.07767e+012
2.23348e+012
2.3723e+012
2.49146e+012
2.5863e+012
2.65563e+012
2.69877e+012
2.71184e+012
2.69187e+012
2.6359e+012
2.54144e+012
2.4059e+012
2.22708e+012
2.00349e+012
1.7345e+012
1.41935e+012
1.0582e+012
6.52183e+011
2.0307e+011
-2.86372e+011
-8.12353e+011
-1.36997e+012
-1.95312e+012
-2.55446e+012
-3.16538e+012
-3.77599e+012
-4.37508e+012
-4.9502e+012
-5.48783e+012
-5.97356e+012
-6.39277e+012
-6.73091e+012
-6.97233e+012
-7.10516e+012
-7.12154e+012
-7.01569e+012
-6.78503e+012
-6.43158e+012
-5.96292e+012
-5.39287e+012
-4.74202e+012
-4.0374e+012
-3.31201e+012
-2.60526e+012
-1.96117e+012
-1.42515e+012
-1.03539e+012
-8.22768e+011
-8.05172e+011
-9.88268e+011
-1.35963e+012
-1.86921e+012
-2.42396e+012
-2.87978e+012
-3.05173e+012
-2.7235e+012
-2.58662e+012
-1.24662e+012
-5.76427e+011
-5.84513e+011
-5.85337e+011
-5.84688e+011
-5.81813e+011
-5.77916e+011
-5.73575e+011
-5.69312e+011
-5.65491e+011
-5.6233e+011
-5.60045e+011
-5.58678e+011
-5.58251e+011
-5.58751e+011
-5.60033e+011
-5.61985e+011
-5.64433e+011
-5.67199e+011
-5.70096e+011
-5.72941e+011
-5.75563e+011
-5.77809e+011
-5.79544e+011
-5.80651e+011
-5.81062e+011
-5.8074e+011
-5.79675e+011
-5.77886e+011
-5.75412e+011
-5.72324e+011
-5.68682e+011
-5.64588e+011
-5.60174e+011
-5.55521e+011
-5.50761e+011
-5.46008e+011
-5.41382e+011
-5.36994e+011
-5.32951e+011
-5.29344e+011
-5.2625e+011
-5.23739e+011
-5.21826e+011
-5.20564e+011
-5.20004e+011
-5.20135e+011
-5.20882e+011
-5.22165e+011
-5.23968e+011
-5.26209e+011
-5.28803e+011
-5.31639e+011
-5.34588e+011
-5.3753e+011
-5.4034e+011
-5.42917e+011
-5.45111e+011
-5.46852e+011
-5.48071e+011
-5.48638e+011
-5.48527e+011
-5.47713e+011
-5.46122e+011
-5.43654e+011
-5.40535e+011
-5.36955e+011
-5.32809e+011
-5.28205e+011
-5.23342e+011
-5.18372e+011
-5.13484e+011
-5.08874e+011
-5.04748e+011
-5.01295e+011
-4.9868e+011
-4.97092e+011
-4.96645e+011
-4.97414e+011
-4.99448e+011
-5.02748e+011
-5.07267e+011
-5.12925e+011
-5.19604e+011
-5.27154e+011
-5.35423e+011
-5.44259e+011
-5.5351e+011
-5.6303e+011
-5.7268e+011
-5.82344e+011
-5.91917e+011
-6.01354e+011
-6.106e+011
-6.1947e+011
-6.27845e+011
-6.35503e+011
-6.42111e+011
-6.47471e+011
-6.51304e+011
-6.53348e+011
-6.53358e+011
-6.51118e+011
-6.46462e+011
-6.39317e+011
-6.29755e+011
-6.17947e+011
-6.04179e+011
-5.8885e+011
-5.7249e+011
-5.55631e+011
-5.38788e+011
-5.22561e+011
-5.07451e+011
-4.93946e+011
-4.82317e+011
-4.72965e+011
-4.65395e+011
-4.5912e+011
-4.53844e+011
-4.48344e+011
-4.41698e+011
-4.32722e+011
-4.20191e+011
-4.0286e+011
-3.79504e+011
-3.48985e+011
-3.103e+011
-2.62592e+011
-2.05206e+011
-1.37763e+011
-6.00479e+010
2.80674e+010
1.26253e+011
2.33828e+011
3.49844e+011
4.73074e+011
6.02046e+011
7.35061e+011
8.70186e+011
1.00534e+012
1.1381e+012
1.26611e+012
1.38677e+012
1.49637e+012
1.59167e+012
1.67002e+012
1.728e+012
1.76381e+012
1.77599e+012
1.76198e+012
1.71908e+012
1.64484e+012
1.53796e+012
1.39606e+012
1.21681e+012
9.99298e+011
7.44171e+011
4.50142e+011
1.17468e+011
-2.52275e+011
-6.5724e+011
-1.09456e+012
-1.56045e+012
-2.05014e+012
-2.55778e+012
-3.07638e+012
-3.59787e+012
-4.11282e+012
-4.61091e+012
-5.0808e+012
-5.5104e+012
-5.88708e+012
-6.19789e+012
-6.43072e+012
-6.57273e+012
-6.61365e+012
-6.54751e+012
-6.37067e+012
-6.08278e+012
-5.68775e+012
-5.19455e+012
-4.61775e+012
-3.97795e+012
-3.30162e+012
-2.62093e+012
-1.97185e+012
-1.39256e+012
-9.23705e+011
-5.97662e+011
-4.49405e+011
-4.92449e+011
-7.31314e+011
-1.15086e+012
-1.69132e+012
-2.2598e+012
-2.71184e+012
-2.87804e+012
-2.5295e+012
-2.14773e+012
-1.15133e+012
-5.67346e+011
-5.74701e+011
-5.76295e+011
-5.76404e+011
-5.74196e+011
-5.70814e+011
-5.66817e+011
-5.62749e+011
-5.59018e+011
-5.55859e+011
-5.53574e+011
-5.52125e+011
-5.51575e+011
-5.51994e+011
-5.53174e+011
-5.55053e+011
-5.57454e+011
-5.60211e+011
-5.63144e+011
-5.66077e+011
-5.68844e+011
-5.71297e+011
-5.73305e+011
-5.74763e+011
-5.75603e+011
-5.75778e+011
-5.75272e+011
-5.74097e+011
-5.72274e+011
-5.69885e+011
-5.66935e+011
-5.63539e+011
-5.59855e+011
-5.55892e+011
-5.51799e+011
-5.4767e+011
-5.43617e+011
-5.39741e+011
-5.36141e+011
-5.32903e+011
-5.30101e+011
-5.27798e+011
-5.26027e+011
-5.24835e+011
-5.24222e+011
-5.2427e+011
-5.24848e+011
-5.25864e+011
-5.27364e+011
-5.2924e+011
-5.31419e+011
-5.33801e+011
-5.36276e+011
-5.38735e+011
-5.41059e+011
-5.43191e+011
-5.44921e+011
-5.4624e+011
-5.47145e+011
-5.4742e+011
-5.47096e+011
-5.46133e+011
-5.445e+011
-5.42179e+011
-5.39273e+011
-5.35902e+011
-5.3209e+011
-5.27937e+011
-5.236e+011
-5.19226e+011
-5.14988e+011
-5.11063e+011
-5.07642e+011
-5.04892e+011
-5.02914e+011
-5.01933e+011
-5.02035e+011
-5.0325e+011
-5.05621e+011
-5.09133e+011
-5.13719e+011
-5.19289e+011
-5.25722e+011
-5.32872e+011
-5.40588e+011
-5.48716e+011
-5.57108e+011
-5.65626e+011
-5.74145e+011
-5.82561e+011
-5.9079e+011
-5.9875e+011
-6.06421e+011
-6.13608e+011
-6.20207e+011
-6.26089e+011
-6.30905e+011
-6.34517e+011
-6.36645e+011
-6.37055e+011
-6.35517e+011
-6.31838e+011
-6.25881e+011
-6.17598e+011
-6.07055e+011
-5.94436e+011
-5.80044e+011
-5.64284e+011
-5.4769e+011
-5.30841e+011
-5.14326e+011
-4.98761e+011
-4.84678e+011
-4.72643e+011
-4.62705e+011
-4.55859e+011
-4.51075e+011
-4.47961e+011
-4.47144e+011
-4.46925e+011
-4.46769e+011
-4.4562e+011
-4.42414e+011
-4.36051e+011
-4.25437e+011
-4.09533e+011
-3.87402e+011
-3.5823e+011
-3.21368e+011
-2.76396e+011
-2.23067e+011
-1.61261e+011
-9.11968e+010
-1.33788e+010
7.14308e+010
1.62216e+011
2.5773e+011
3.56499e+011
4.56839e+011
5.56872e+011
6.54482e+011
7.47519e+011
8.33682e+011
9.10178e+011
9.74402e+011
1.02378e+012
1.05575e+012
1.06863e+012
1.06059e+012
1.02969e+012
9.73268e+011
8.8943e+011
7.7884e+011
6.38594e+011
4.65104e+011
2.58386e+011
2.234e+010
-2.46434e+011
-5.47895e+011
-8.79622e+011
-1.24002e+012
-1.62627e+012
-2.03478e+012
-2.46112e+012
-2.89983e+012
-3.34451e+012
-3.78783e+012
-4.22132e+012
-4.63581e+012
-5.02113e+012
-5.36657e+012
-5.66104e+012
-5.89337e+012
-6.05345e+012
-6.13048e+012
-6.11571e+012
-6.00461e+012
-5.79487e+012
-5.48737e+012
-5.08693e+012
-4.60287e+012
-4.04954e+012
-3.44652e+012
-2.81852e+012
-2.19504e+012
-1.60957e+012
-1.09637e+012
-6.92163e+011
-4.15919e+011
-3.09086e+011
-3.7858e+011
-6.31307e+011
-1.05225e+012
-1.5699e+012
-2.10425e+012
-2.5238e+012
-2.67423e+012
-2.36201e+012
-1.79576e+012
-1.12751e+012
-5.58468e+011
-5.64253e+011
-5.65817e+011
-5.66284e+011
-5.64815e+011
-5.62296e+011
-5.59175e+011
-5.55916e+011
-5.52894e+011
-5.50253e+011
-5.48429e+011
-5.47208e+011
-5.46795e+011
-5.47308e+011
-5.48368e+011
-5.5004e+011
-5.52148e+011
-5.54558e+011
-5.57115e+011
-5.5967e+011
-5.62083e+011
-5.64229e+011
-5.66004e+011
-5.67326e+011
-5.6814e+011
-5.68413e+011
-5.68131e+011
-5.67311e+011
-5.65961e+011
-5.64215e+011
-5.61961e+011
-5.59269e+011
-5.56455e+011
-5.53358e+011
-5.50173e+011
-5.46951e+011
-5.4378e+011
-5.40741e+011
-5.3791e+011
-5.35356e+011
-5.33136e+011
-5.313e+011
-5.29877e+011
-5.28898e+011
-5.2829e+011
-5.28404e+011
-5.28935e+011
-5.2959e+011
-5.30706e+011
-5.32109e+011
-5.33745e+011
-5.35533e+011
-5.37388e+011
-5.39228e+011
-5.4095e+011
-5.42606e+011
-5.43675e+011
-5.44525e+011
-5.45248e+011
-5.45329e+011
-5.44965e+011
-5.44096e+011
-5.42719e+011
-5.40836e+011
-5.38505e+011
-5.35808e+011
-5.32794e+011
-5.29545e+011
-5.26182e+011
-5.22825e+011
-5.19614e+011
-5.16685e+011
-5.142e+011
-5.12301e+011
-5.10905e+011
-5.1047e+011
-5.1095e+011
-5.12272e+011
-5.14502e+011
-5.17617e+011
-5.21543e+011
-5.26197e+011
-5.31465e+011
-5.37225e+011
-5.43348e+011
-5.49707e+011
-5.56188e+011
-5.62687e+011
-5.69122e+011
-5.7543e+011
-5.81574e+011
-5.8748e+011
-5.93273e+011
-5.98686e+011
-6.03469e+011
-6.0784e+011
-6.11334e+011
-6.13953e+011
-6.15373e+011
-6.15379e+011
-6.13743e+011
-6.10275e+011
-6.0484e+011
-5.97383e+011
-5.87955e+011
-5.76728e+011
-5.63993e+011
-5.50134e+011
-5.35679e+011
-5.2121e+011
-5.07314e+011
-4.94594e+011
-4.83558e+011
-4.74842e+011
-4.67773e+011
-4.64989e+011
-4.64434e+011
-4.65359e+011
-4.703e+011
-4.75746e+011
-4.82012e+011
-4.88136e+011
-4.93183e+011
-4.96162e+011
-4.9607e+011
-4.9194e+011
-4.82879e+011
-4.68101e+011
-4.46962e+011
-4.19011e+011
-3.83965e+011
-3.41699e+011
-2.92357e+011
-2.36334e+011
-1.74264e+011
-1.0702e+011
-3.56938e+010
3.84079e+010
1.13786e+011
1.88715e+011
2.61349e+011
3.29712e+011
3.91799e+011
4.4536e+011
4.88102e+011
5.17872e+011
5.32737e+011
5.30931e+011
5.1047e+011
4.70143e+011
4.05505e+011
3.14437e+011
2.04647e+011
7.19e+010
-9.12531e+010
-2.83331e+011
-4.9206e+011
-7.30773e+011
-9.99437e+011
-1.29246e+012
-1.60872e+012
-1.9454e+012
-2.29926e+012
-2.66633e+012
-3.0418e+012
-3.42008e+012
-3.7947e+012
-4.15828e+012
-4.50274e+012
-4.81923e+012
-5.09843e+012
-5.33076e+012
-5.50661e+012
-5.61737e+012
-5.65393e+012
-5.60899e+012
-5.47898e+012
-5.26234e+012
-4.96049e+012
-4.57834e+012
-4.12484e+012
-3.61337e+012
-3.06172e+012
-2.49248e+012
-1.93197e+012
-1.40973e+012
-9.55504e+011
-6.07037e+011
-3.64578e+011
-3.32712e+011
-3.83e+011
-5.62789e+011
-9.48084e+011
-1.4044e+012
-1.87966e+012
-2.26166e+012
-2.41205e+012
-2.20724e+012
-1.56816e+012
-1.17741e+012
-5.49777e+011
-5.53425e+011
-5.5441e+011
-5.5485e+011
-5.54039e+011
-5.52517e+011
-5.50573e+011
-5.48514e+011
-5.46628e+011
-5.44844e+011
-5.44351e+011
-5.43878e+011
-5.43127e+011
-5.43908e+011
-5.44837e+011
-5.4623e+011
-5.47898e+011
-5.49746e+011
-5.51656e+011
-5.53521e+011
-5.55241e+011
-5.56732e+011
-5.57926e+011
-5.58776e+011
-5.59253e+011
-5.59346e+011
-5.59056e+011
-5.58408e+011
-5.57388e+011
-5.56255e+011
-5.54288e+011
-5.52442e+011
-5.50845e+011
-5.48743e+011
-5.46635e+011
-5.44516e+011
-5.42442e+011
-5.40463e+011
-5.38627e+011
-5.36975e+011
-5.35543e+011
-5.3436e+011
-5.33442e+011
-5.32801e+011
-5.32397e+011
-5.32513e+011
-5.32873e+011
-5.33233e+011
-5.33947e+011
-5.34822e+011
-5.35838e+011
-5.3694e+011
-5.38076e+011
-5.39192e+011
-5.40206e+011
-5.41278e+011
-5.41595e+011
-5.42111e+011
-5.4282e+011
-5.42707e+011
-5.42401e+011
-5.41787e+011
-5.40865e+011
-5.39639e+011
-5.3814e+011
-5.36418e+011
-5.34512e+011
-5.32478e+011
-5.30393e+011
-5.28342e+011
-5.26417e+011
-5.24706e+011
-5.23363e+011
-5.22595e+011
-5.21937e+011
-5.2158e+011
-5.22313e+011
-5.23475e+011
-5.25221e+011
-5.27509e+011
-5.30265e+011
-5.33418e+011
-5.36878e+011
-5.40553e+011
-5.44354e+011
-5.48202e+011
-5.52032e+011
-5.55802e+011
-5.59489e+011
-5.63085e+011
-5.66616e+011
-5.6998e+011
-5.73574e+011
-5.76321e+011
-5.79857e+011
-5.83428e+011
-5.85908e+011
-5.88074e+011
-5.89498e+011
-5.89977e+011
-5.89277e+011
-5.87196e+011
-5.83581e+011
-5.78351e+011
-5.71525e+011
-5.63246e+011
-5.53775e+011
-5.43463e+011
-5.32818e+011
-5.22372e+011
-5.12681e+011
-5.0432e+011
-4.97766e+011
-4.93825e+011
-4.90439e+011
-4.98672e+011
-5.03216e+011
-5.02984e+011
-5.14807e+011
-5.26019e+011
-5.38575e+011
-5.51542e+011
-5.64047e+011
-5.7517e+011
-5.83971e+011
-5.8953e+011
-5.90985e+011
-5.87564e+011
-5.78621e+011
-5.63679e+011
-5.42425e+011
-5.14723e+011
-4.8067e+011
-4.40591e+011
-3.9504e+011
-3.44793e+011
-2.90841e+011
-2.34398e+011
-1.76823e+011
-1.19706e+011
-6.45509e+010
-1.33515e+010
3.21462e+010
7.00048e+010
9.83049e+010
1.15274e+011
1.19139e+011
1.08309e+011
8.07292e+010
3.65927e+010
-3.23331e+010
-1.16493e+011
-2.08726e+011
-3.19013e+011
-4.72554e+011
-6.63808e+011
-8.56793e+011
-1.0626e+012
-1.29877e+012
-1.55288e+012
-1.82554e+012
-2.11407e+012
-2.41563e+012
-2.72683e+012
-3.04359e+012
-3.36114e+012
-3.67401e+012
-3.97596e+012
-4.26007e+012
-4.51884e+012
-4.74428e+012
-4.92818e+012
-5.06234e+012
-5.13925e+012
-5.15137e+012
-5.09274e+012
-4.9603e+012
-4.75286e+012
-4.47186e+012
-4.12184e+012
-3.71081e+012
-3.25058e+012
-2.75699e+012
-2.24974e+012
-1.75177e+012
-1.28881e+012
-8.87396e+011
-5.87144e+011
-3.41138e+011
-2.66395e+011
-3.15966e+011
-4.86141e+011
-7.98482e+011
-1.15485e+012
-1.55348e+012
-1.89757e+012
-2.0672e+012
-2.00592e+012
-1.39187e+012
-1.22621e+012
-5.4125e+011
-5.42311e+011
-5.42551e+011
-5.4268e+011
-5.42407e+011
-5.41908e+011
-5.4129e+011
-5.40679e+011
-5.40249e+011
-5.39837e+011
-5.39943e+011
-5.39992e+011
-5.40203e+011
-5.41344e+011
-5.42066e+011
-5.43106e+011
-5.44244e+011
-5.45404e+011
-5.46512e+011
-5.47507e+011
-5.48338e+011
-5.48968e+011
-5.49375e+011
-5.49553e+011
-5.49506e+011
-5.49248e+011
-5.48796e+011
-5.48172e+011
-5.47309e+011
-5.46742e+011
-5.45762e+011
-5.44643e+011
-5.43748e+011
-5.42824e+011
-5.41916e+011
-5.41024e+011
-5.40177e+011
-5.39394e+011
-5.38688e+011
-5.38071e+011
-5.37551e+011
-5.37136e+011
-5.3683e+011
-5.36636e+011
-5.36562e+011
-5.36565e+011
-5.36658e+011
-5.36857e+011
-5.37124e+011
-5.3744e+011
-5.37791e+011
-5.38158e+011
-5.38523e+011
-5.38871e+011
-5.39178e+011
-5.39449e+011
-5.3953e+011
-5.39661e+011
-5.39806e+011
-5.39689e+011
-5.39559e+011
-5.39314e+011
-5.38971e+011
-5.38536e+011
-5.38023e+011
-5.37448e+011
-5.36829e+011
-5.36189e+011
-5.35562e+011
-5.34984e+011
-5.34502e+011
-5.34167e+011
-5.34137e+011
-5.34003e+011
-5.33835e+011
-5.34301e+011
-5.35297e+011
-5.36004e+011
-5.37019e+011
-5.38199e+011
-5.39471e+011
-5.40769e+011
-5.42032e+011
-5.43203e+011
-5.44244e+011
-5.45133e+011
-5.45869e+011
-5.46479e+011
-5.47008e+011
-5.47516e+011
-5.48066e+011
-5.4848e+011
-5.50127e+011
-5.51476e+011
-5.52776e+011
-5.54626e+011
-5.56728e+011
-5.58895e+011
-5.60806e+011
-5.62306e+011
-5.63167e+011
-5.63173e+011
-5.62144e+011
-5.59969e+011
-5.56627e+011
-5.52212e+011
-5.46928e+011
-5.41164e+011
-5.35316e+011
-5.29873e+011
-5.25389e+011
-5.22464e+011
-5.21703e+011
-5.24559e+011
-5.26605e+011
-5.34081e+011
-5.44269e+011
-5.56313e+011
-5.73764e+011
-5.89894e+011
-6.08307e+011
-6.27744e+011
-6.47205e+011
-6.65758e+011
-6.82483e+011
-6.9648e+011
-7.06899e+011
-7.12972e+011
-7.14042e+011
-7.09601e+011
-6.99311e+011
-6.83024e+011
-6.60805e+011
-6.32938e+011
-5.99923e+011
-5.62475e+011
-5.21521e+011
-4.78183e+011
-4.33509e+011
-3.89147e+011
-3.47114e+011
-3.08356e+011
-2.74616e+011
-2.47682e+011
-2.29138e+011
-2.20497e+011
-2.23134e+011
-2.38015e+011
-2.66149e+011
-3.02013e+011
-3.62483e+011
-4.56395e+011
-5.55716e+011
-6.48336e+011
-7.96294e+011
-9.58957e+011
-1.10366e+012
-1.28312e+012
-1.49732e+012
-1.71674e+012
-1.9483e+012
-2.19077e+012
-2.44226e+012
-2.70022e+012
-2.96144e+012
-3.2221e+012
-3.47775e+012
-3.72328e+012
-3.95301e+012
-4.16071e+012
-4.33967e+012
-4.48297e+012
-4.58362e+012
-4.63504e+012
-4.63111e+012
-4.56708e+012
-4.44014e+012
-4.24921e+012
-3.99548e+012
-3.68274e+012
-3.31772e+012
-2.91027e+012
-2.47372e+012
-2.02426e+012
-1.58058e+012
-1.16297e+012
-7.9195e+011
-4.76414e+011
-2.94088e+011
-1.77827e+011
-1.79433e+011
-3.0214e+011
-5.02672e+011
-7.86232e+011
-1.10125e+012
-1.40574e+012
-1.60061e+012
-1.67091e+012
-1.18458e+012
-1.20309e+012
-5.32779e+011
-5.31098e+011
-5.30585e+011
-5.30283e+011
-5.3048e+011
-5.30982e+011
-5.31697e+011
-5.32542e+011
-5.33411e+011
-5.34476e+011
-5.35273e+011
-5.36425e+011
-5.37682e+011
-5.38223e+011
-5.39301e+011
-5.40098e+011
-5.40737e+011
-5.41196e+011
-5.41464e+011
-5.41536e+011
-5.41415e+011
-5.41117e+011
-5.40672e+011
-5.40113e+011
-5.39483e+011
-5.38829e+011
-5.38199e+011
-5.37637e+011
-5.37272e+011
-5.36613e+011
-5.36455e+011
-5.36555e+011
-5.36534e+011
-5.36653e+011
-5.36858e+011
-5.37191e+011
-5.37597e+011
-5.38047e+011
-5.38515e+011
-5.38976e+011
-5.3941e+011
-5.39801e+011
-5.40137e+011
-5.4041e+011
-5.4067e+011
-5.40603e+011
-5.40459e+011
-5.40478e+011
-5.40287e+011
-5.4003e+011
-5.39701e+011
-5.39318e+011
-5.38898e+011
-5.38465e+011
-5.38062e+011
-5.37518e+011
-5.37475e+011
-5.37123e+011
-5.36601e+011
-5.36665e+011
-5.36661e+011
-5.368e+011
-5.37067e+011
-5.37461e+011
-5.37977e+011
-5.38601e+011
-5.39322e+011
-5.40126e+011
-5.40999e+011
-5.41919e+011
-5.42864e+011
-5.43806e+011
-5.446e+011
-5.45607e+011
-5.46893e+011
-5.47707e+011
-5.48031e+011
-5.4871e+011
-5.49027e+011
-5.49048e+011
-5.48746e+011
-5.48074e+011
-5.47005e+011
-5.45526e+011
-5.43652e+011
-5.41425e+011
-5.38918e+011
-5.36238e+011
-5.33518e+011
-5.30924e+011
-5.28629e+011
-5.27063e+011
-5.25078e+011
-5.24227e+011
-5.24491e+011
-5.25351e+011
-5.26731e+011
-5.28708e+011
-5.3115e+011
-5.33795e+011
-5.36389e+011
-5.38684e+011
-5.40466e+011
-5.41586e+011
-5.41986e+011
-5.41704e+011
-5.40909e+011
-5.3993e+011
-5.3909e+011
-5.38833e+011
-5.39652e+011
-5.42012e+011
-5.46308e+011
-5.52057e+011
-5.63947e+011
-5.74903e+011
-5.91077e+011
-6.12007e+011
-6.30774e+011
-6.56082e+011
-6.81732e+011
-7.08214e+011
-7.34837e+011
-7.60809e+011
-7.85277e+011
-8.07381e+011
-8.26283e+011
-8.41209e+011
-8.51488e+011
-8.56575e+011
-8.56097e+011
-8.49892e+011
-8.38001e+011
-8.20674e+011
-7.98366e+011
-7.71736e+011
-7.41628e+011
-7.09032e+011
-6.75188e+011
-6.41412e+011
-6.09805e+011
-5.8138e+011
-5.57356e+011
-5.39271e+011
-5.28635e+011
-5.26889e+011
-5.35374e+011
-5.55123e+011
-5.87594e+011
-6.31485e+011
-6.8822e+011
-7.81306e+011
-8.73927e+011
-9.54527e+011
-1.07967e+012
-1.21944e+012
-1.34907e+012
-1.50217e+012
-1.67074e+012
-1.84891e+012
-2.03707e+012
-2.23316e+012
-2.43529e+012
-2.64129e+012
-2.84861e+012
-3.05427e+012
-3.25478e+012
-3.44615e+012
-3.62385e+012
-3.78285e+012
-3.91769e+012
-4.0226e+012
-4.09168e+012
-4.11919e+012
-4.10041e+012
-4.0316e+012
-3.91012e+012
-3.73492e+012
-3.50682e+012
-3.22882e+012
-2.9063e+012
-2.54722e+012
-2.16237e+012
-1.765e+012
-1.37048e+012
-9.95576e+011
-6.59003e+011
-3.71354e+011
-1.83162e+011
2.07107e+010
6.48853e+010
-4.14377e+010
-1.48174e+011
-3.44309e+011
-5.82063e+011
-8.46109e+011
-1.07934e+012
-1.28437e+012
-1.14868e+012
-1.23053e+012
-5.242e+011
-5.19948e+011
-5.18714e+011
-5.18099e+011
-5.18825e+011
-5.20336e+011
-5.22361e+011
-5.24639e+011
-5.2694e+011
-5.29361e+011
-5.30774e+011
-5.32526e+011
-5.34769e+011
-5.35637e+011
-5.36511e+011
-5.36961e+011
-5.37076e+011
-5.36855e+011
-5.36327e+011
-5.35533e+011
-5.34524e+011
-5.33365e+011
-5.32129e+011
-5.30892e+011
-5.2973e+011
-5.28716e+011
-5.27916e+011
-5.27374e+011
-5.27169e+011
-5.27122e+011
-5.27901e+011
-5.28614e+011
-5.29299e+011
-5.30624e+011
-5.32057e+011
-5.33629e+011
-5.35271e+011
-5.36924e+011
-5.38529e+011
-5.40031e+011
-5.41382e+011
-5.42541e+011
-5.4348e+011
-5.44167e+011
-5.44676e+011
-5.44667e+011
-5.4439e+011
-5.44104e+011
-5.43481e+011
-5.42661e+011
-5.41665e+011
-5.40543e+011
-5.39346e+011
-5.38128e+011
-5.36948e+011
-5.35725e+011
-5.35154e+011
-5.34551e+011
-5.33777e+011
-5.33685e+011
-5.33832e+011
-5.34326e+011
-5.35161e+011
-5.36334e+011
-5.37825e+011
-5.39585e+011
-5.41579e+011
-5.43766e+011
-5.46082e+011
-5.48464e+011
-5.50838e+011
-5.53141e+011
-5.55236e+011
-5.56943e+011
-5.58675e+011
-5.6024e+011
-5.60849e+011
-5.61061e+011
-5.60649e+011
-5.5955e+011
-5.57742e+011
-5.5519e+011
-5.51891e+011
-5.47873e+011
-5.432e+011
-5.37975e+011
-5.32336e+011
-5.26462e+011
-5.20558e+011
-5.14852e+011
-5.09559e+011
-5.05018e+011
-5.01005e+011
-4.98979e+011
-4.9719e+011
-4.96186e+011
-4.9721e+011
-4.9917e+011
-5.02095e+011
-5.05742e+011
-5.0986e+011
-5.14182e+011
-5.1847e+011
-5.22543e+011
-5.26307e+011
-5.29777e+011
-5.33081e+011
-5.36443e+011
-5.40224e+011
-5.44839e+011
-5.50764e+011
-5.58479e+011
-5.685e+011
-5.8092e+011
-5.97867e+011
-6.11061e+011
-6.33329e+011
-6.63952e+011
-6.89556e+011
-7.20101e+011
-7.52143e+011
-7.85566e+011
-8.19587e+011
-8.53392e+011
-8.86124e+011
-9.16914e+011
-9.4491e+011
-9.69317e+011
-9.89433e+011
-1.00466e+012
-1.01456e+012
-1.01895e+012
-1.01786e+012
-1.01148e+012
-1.00024e+012
-9.84738e+011
-9.65779e+011
-9.44346e+011
-9.21727e+011
-8.99162e+011
-8.77793e+011
-8.59378e+011
-8.45171e+011
-8.36267e+011
-8.33892e+011
-8.39243e+011
-8.53553e+011
-8.77794e+011
-9.1305e+011
-9.59478e+011
-1.01811e+012
-1.09702e+012
-1.18113e+012
-1.2755e+012
-1.37539e+012
-1.47947e+012
-1.59348e+012
-1.71976e+012
-1.85486e+012
-1.99656e+012
-2.1438e+012
-2.29501e+012
-2.44876e+012
-2.60342e+012
-2.75713e+012
-2.9077e+012
-3.05259e+012
-3.18884e+012
-3.31304e+012
-3.42131e+012
-3.50935e+012
-3.57249e+012
-3.6058e+012
-3.60441e+012
-3.56487e+012
-3.4843e+012
-3.36034e+012
-3.19204e+012
-2.97992e+012
-2.72624e+012
-2.43522e+012
-2.11312e+012
-1.76842e+012
-1.41164e+012
-1.05507e+012
-7.12081e+011
-3.9737e+011
-1.20751e+011
9.01097e+010
2.5445e+011
3.45349e+011
3.48281e+011
2.94361e+011
1.64984e+011
-1.83516e+010
-2.4057e+011
-4.7162e+011
-6.98788e+011
-8.3024e+011
-9.89343e+011
-5.15434e+011
-5.09069e+011
-5.07302e+011
-5.06656e+011
-5.08025e+011
-5.10507e+011
-5.13682e+011
-5.17139e+011
-5.20558e+011
-5.23842e+011
-5.2659e+011
-5.29051e+011
-5.30963e+011
-5.32136e+011
-5.32904e+011
-5.33095e+011
-5.3279e+011
-5.32024e+011
-5.30864e+011
-5.2939e+011
-5.27694e+011
-5.25879e+011
-5.24057e+011
-5.22337e+011
-5.20822e+011
-5.1961e+011
-5.18782e+011
-5.1839e+011
-5.18491e+011
-5.19015e+011
-5.20089e+011
-5.21693e+011
-5.2358e+011
-5.25879e+011
-5.28392e+011
-5.31072e+011
-5.33821e+011
-5.36547e+011
-5.3916e+011
-5.41577e+011
-5.43727e+011
-5.45549e+011
-5.47001e+011
-5.48034e+011
-5.48654e+011
-5.48762e+011
-5.48454e+011
-5.47805e+011
-5.46758e+011
-5.454e+011
-5.43781e+011
-5.41975e+011
-5.40064e+011
-5.38133e+011
-5.36279e+011
-5.34537e+011
-5.33168e+011
-5.32071e+011
-5.31274e+011
-5.31032e+011
-5.31253e+011
-5.32001e+011
-5.33279e+011
-5.35089e+011
-5.37395e+011
-5.40109e+011
-5.43187e+011
-5.46564e+011
-5.50135e+011
-5.53798e+011
-5.57437e+011
-5.60938e+011
-5.64158e+011
-5.6697e+011
-5.69432e+011
-5.71088e+011
-5.71929e+011
-5.71959e+011
-5.71041e+011
-5.69085e+011
-5.66065e+011
-5.61958e+011
-5.56784e+011
-5.50605e+011
-5.43529e+011
-5.35709e+011
-5.27343e+011
-5.1867e+011
-5.09961e+011
-5.01508e+011
-4.9359e+011
-4.86528e+011
-4.80402e+011
-4.75662e+011
-4.72642e+011
-4.7097e+011
-4.71054e+011
-4.72597e+011
-4.75535e+011
-4.79629e+011
-4.84615e+011
-4.90213e+011
-4.96165e+011
-5.02266e+011
-5.08399e+011
-5.1455e+011
-5.20824e+011
-5.27434e+011
-5.34704e+011
-5.43037e+011
-5.52918e+011
-5.64833e+011
-5.79283e+011
-5.96568e+011
-6.17821e+011
-6.41285e+011
-6.68693e+011
-6.99882e+011
-7.33032e+011
-7.70113e+011
-8.09427e+011
-8.50644e+011
-8.93036e+011
-9.35821e+011
-9.78156e+011
-1.01918e+012
-1.05801e+012
-1.09382e+012
-1.12585e+012
-1.15342e+012
-1.17603e+012
-1.19345e+012
-1.20566e+012
-1.21283e+012
-1.21532e+012
-1.21368e+012
-1.20865e+012
-1.20119e+012
-1.19247e+012
-1.18359e+012
-1.17545e+012
-1.1697e+012
-1.16773e+012
-1.17049e+012
-1.17898e+012
-1.194e+012
-1.21649e+012
-1.24746e+012
-1.28758e+012
-1.33682e+012
-1.39524e+012
-1.46489e+012
-1.53919e+012
-1.6169e+012
-1.70803e+012
-1.80423e+012
-1.90239e+012
-2.00463e+012
-2.10951e+012
-2.21606e+012
-2.32329e+012
-2.43012e+012
-2.53546e+012
-2.63815e+012
-2.73691e+012
-2.83028e+012
-2.91651e+012
-2.99358e+012
-3.05911e+012
-3.11027e+012
-3.14388e+012
-3.15629e+012
-3.14354e+012
-3.10158e+012
-3.02813e+012
-2.92121e+012
-2.77898e+012
-2.60079e+012
-2.38717e+012
-2.13998e+012
-1.86262e+012
-1.56022e+012
-1.23958e+012
-9.09e+011
-5.78319e+011
-2.58222e+011
3.95917e+010
3.05733e+011
5.24418e+011
6.9703e+011
8.04295e+011
8.3776e+011
8.08307e+011
7.06456e+011
5.40862e+011
3.21539e+011
7.2656e+010
-1.66091e+011
-3.115e+011
-3.1704e+011
-5.06479e+011
-4.98543e+011
-4.96826e+011
-4.96557e+011
-4.98653e+011
-5.01961e+011
-5.05967e+011
-5.10187e+011
-5.14277e+011
-5.18056e+011
-5.21259e+011
-5.23938e+011
-5.25986e+011
-5.27273e+011
-5.2794e+011
-5.27949e+011
-5.27378e+011
-5.26291e+011
-5.24779e+011
-5.22946e+011
-5.2091e+011
-5.18796e+011
-5.16739e+011
-5.1487e+011
-5.13312e+011
-5.12175e+011
-5.11547e+011
-5.11486e+011
-5.12037e+011
-5.1318e+011
-5.14942e+011
-5.17254e+011
-5.19997e+011
-5.23158e+011
-5.26586e+011
-5.30185e+011
-5.33833e+011
-5.37413e+011
-5.40815e+011
-5.43935e+011
-5.46687e+011
-5.48995e+011
-5.50816e+011
-5.52096e+011
-5.52803e+011
-5.52908e+011
-5.52459e+011
-5.51522e+011
-5.50105e+011
-5.48282e+011
-5.46124e+011
-5.43725e+011
-5.41193e+011
-5.38639e+011
-5.36179e+011
-5.33909e+011
-5.31996e+011
-5.30472e+011
-5.29411e+011
-5.2896e+011
-5.29127e+011
-5.29961e+011
-5.31473e+011
-5.33685e+011
-5.36544e+011
-5.39906e+011
-5.43744e+011
-5.47993e+011
-5.52504e+011
-5.57151e+011
-5.61787e+011
-5.66258e+011
-5.70391e+011
-5.74031e+011
-5.77067e+011
-5.79252e+011
-5.80445e+011
-5.80563e+011
-5.7947e+011
-5.77073e+011
-5.73329e+011
-5.68221e+011
-5.6178e+011
-5.5409e+011
-5.4529e+011
-5.35567e+011
-5.25161e+011
-5.14355e+011
-5.0347e+011
-4.92848e+011
-4.82822e+011
-4.73722e+011
-4.65785e+011
-4.59356e+011
-4.546e+011
-4.51555e+011
-4.50423e+011
-4.51048e+011
-4.53313e+011
-4.56983e+011
-4.61788e+011
-4.67444e+011
-4.73693e+011
-4.80319e+011
-4.87194e+011
-4.94302e+011
-5.0174e+011
-5.09726e+011
-5.18581e+011
-5.28726e+011
-5.40704e+011
-5.55046e+011
-5.72265e+011
-5.9276e+011
-6.17119e+011
-6.44864e+011
-6.7702e+011
-7.13487e+011
-7.53377e+011
-7.9725e+011
-8.44318e+011
-8.94188e+011
-9.4621e+011
-9.99638e+011
-1.05364e+012
-1.10736e+012
-1.15987e+012
-1.2103e+012
-1.25779e+012
-1.30156e+012
-1.34098e+012
-1.37577e+012
-1.40587e+012
-1.43138e+012
-1.45256e+012
-1.46985e+012
-1.4839e+012
-1.49554e+012
-1.5058e+012
-1.5157e+012
-1.52615e+012
-1.53848e+012
-1.55385e+012
-1.57305e+012
-1.59698e+012
-1.62624e+012
-1.66138e+012
-1.7032e+012
-1.75235e+012
-1.80867e+012
-1.87173e+012
-1.94166e+012
-2.01562e+012
-2.09175e+012
-2.17151e+012
-2.25206e+012
-2.33173e+012
-2.41038e+012
-2.48652e+012
-2.55913e+012
-2.62719e+012
-2.68976e+012
-2.74597e+012
-2.79498e+012
-2.83596e+012
-2.86798e+012
-2.88995e+012
-2.90062e+012
-2.89851e+012
-2.88176e+012
-2.84821e+012
-2.79522e+012
-2.71984e+012
-2.61865e+012
-2.49057e+012
-2.33463e+012
-2.14996e+012
-1.93656e+012
-1.69547e+012
-1.42871e+012
-1.13951e+012
-8.32581e+011
-5.1375e+011
-1.90181e+011
1.29801e+011
4.37252e+011
7.22553e+011
9.76815e+011
1.18803e+012
1.3508e+012
1.4519e+012
1.48294e+012
1.44259e+012
1.32408e+012
1.13089e+012
8.73958e+011
5.75063e+011
2.93031e+011
9.4279e+010
2.44825e+011
-4.97331e+011
-4.88762e+011
-4.87857e+011
-4.88372e+011
-4.91106e+011
-4.94866e+011
-4.99139e+011
-5.03478e+011
-5.07589e+011
-5.11316e+011
-5.14481e+011
-5.17048e+011
-5.18963e+011
-5.20178e+011
-5.20764e+011
-5.20731e+011
-5.2015e+011
-5.19094e+011
-5.17657e+011
-5.1595e+011
-5.14091e+011
-5.12202e+011
-5.10425e+011
-5.089e+011
-5.07753e+011
-5.07092e+011
-5.06998e+011
-5.07527e+011
-5.08707e+011
-5.10527e+011
-5.12974e+011
-5.15982e+011
-5.19453e+011
-5.23308e+011
-5.27415e+011
-5.31655e+011
-5.35896e+011
-5.40013e+011
-5.43882e+011
-5.47395e+011
-5.50459e+011
-5.52993e+011
-5.54974e+011
-5.56342e+011
-5.57022e+011
-5.57033e+011
-5.56413e+011
-5.55226e+011
-5.53507e+011
-5.51321e+011
-5.4875e+011
-5.45899e+011
-5.42894e+011
-5.39859e+011
-5.36919e+011
-5.34193e+011
-5.31821e+011
-5.29891e+011
-5.28497e+011
-5.27753e+011
-5.27702e+011
-5.28389e+011
-5.29836e+011
-5.3214e+011
-5.35199e+011
-5.38749e+011
-5.42873e+011
-5.47534e+011
-5.52529e+011
-5.57729e+011
-5.62977e+011
-5.68098e+011
-5.72906e+011
-5.77222e+011
-5.80874e+011
-5.83648e+011
-5.85375e+011
-5.8591e+011
-5.85111e+011
-5.82867e+011
-5.79106e+011
-5.73796e+011
-5.66961e+011
-5.587e+011
-5.49158e+011
-5.3853e+011
-5.27071e+011
-5.15088e+011
-5.02927e+011
-4.90961e+011
-4.79541e+011
-4.68973e+011
-4.59536e+011
-4.51535e+011
-4.45157e+011
-4.40537e+011
-4.37794e+011
-4.3682e+011
-4.37478e+011
-4.39536e+011
-4.42725e+011
-4.46772e+011
-4.51444e+011
-4.56525e+011
-4.61886e+011
-4.67532e+011
-4.73582e+011
-4.80291e+011
-4.88002e+011
-4.97187e+011
-5.08536e+011
-5.22697e+011
-5.4026e+011
-5.61814e+011
-5.87809e+011
-6.18251e+011
-6.53745e+011
-6.94395e+011
-7.39961e+011
-7.90608e+011
-8.45898e+011
-9.05451e+011
-9.68701e+011
-1.03494e+012
-1.10337e+012
-1.17313e+012
-1.24326e+012
-1.31279e+012
-1.38076e+012
-1.44622e+012
-1.50834e+012
-1.56679e+012
-1.62147e+012
-1.67236e+012
-1.71955e+012
-1.7633e+012
-1.80407e+012
-1.84252e+012
-1.87954e+012
-1.91606e+012
-1.95292e+012
-1.99136e+012
-2.03204e+012
-2.07517e+012
-2.12149e+012
-2.17138e+012
-2.22538e+012
-2.28433e+012
-2.34848e+012
-2.4174e+012
-2.49028e+012
-2.56615e+012
-2.64297e+012
-2.71898e+012
-2.79348e+012
-2.86415e+012
-2.9292e+012
-2.98746e+012
-3.03736e+012
-3.07771e+012
-3.10741e+012
-3.12549e+012
-3.13112e+012
-3.1236e+012
-3.10231e+012
-3.06669e+012
-3.01609e+012
-2.94982e+012
-2.86717e+012
-2.76697e+012
-2.64812e+012
-2.50894e+012
-2.34766e+012
-2.16104e+012
-1.94925e+012
-1.7127e+012
-1.45208e+012
-1.16857e+012
-8.64378e+011
-5.4245e+011
-2.06806e+011
1.37438e+011
4.84152e+011
8.26154e+011
1.15565e+012
1.46441e+012
1.74404e+012
1.98525e+012
2.17902e+012
2.31702e+012
2.3869e+012
2.38072e+012
2.29261e+012
2.11819e+012
1.86057e+012
1.53451e+012
1.15877e+012
8.12077e+011
5.31729e+011
7.70881e+011
-4.88276e+011
-4.81191e+011
-4.81278e+011
-4.82507e+011
-4.85417e+011
-4.88915e+011
-4.92601e+011
-4.96185e+011
-4.9949e+011
-5.02465e+011
-5.05004e+011
-5.07057e+011
-5.08617e+011
-5.09678e+011
-5.10282e+011
-5.10455e+011
-5.1025e+011
-5.09729e+011
-5.08968e+011
-5.08053e+011
-5.07076e+011
-5.06127e+011
-5.05323e+011
-5.04804e+011
-5.04678e+011
-5.0503e+011
-5.0592e+011
-5.07383e+011
-5.09435e+011
-5.12057e+011
-5.15216e+011
-5.18846e+011
-5.22856e+011
-5.27151e+011
-5.31612e+011
-5.36118e+011
-5.40545e+011
-5.44772e+011
-5.48683e+011
-5.52175e+011
-5.55166e+011
-5.57572e+011
-5.59439e+011
-5.60703e+011
-5.61194e+011
-5.61001e+011
-5.60174e+011
-5.58801e+011
-5.56897e+011
-5.54507e+011
-5.51706e+011
-5.48597e+011
-5.45323e+011
-5.42007e+011
-5.38767e+011
-5.35725e+011
-5.33003e+011
-5.30703e+011
-5.28924e+011
-5.2777e+011
-5.27294e+011
-5.275e+011
-5.28426e+011
-5.30409e+011
-5.33308e+011
-5.36528e+011
-5.40269e+011
-5.44715e+011
-5.49582e+011
-5.54758e+011
-5.60099e+011
-5.65431e+011
-5.70578e+011
-5.75355e+011
-5.79574e+011
-5.83036e+011
-5.85553e+011
-5.86951e+011
-5.87069e+011
-5.85764e+011
-5.82924e+011
-5.78467e+011
-5.72391e+011
-5.64799e+011
-5.55811e+011
-5.45593e+011
-5.34378e+011
-5.22465e+011
-5.10199e+011
-4.97963e+011
-4.86089e+011
-4.74804e+011
-4.64375e+011
-4.55085e+011
-4.47095e+011
-4.406e+011
-4.3571e+011
-4.32296e+011
-4.30196e+011
-4.29176e+011
-4.28967e+011
-4.29327e+011
-4.30083e+011
-4.31017e+011
-4.32003e+011
-4.331e+011
-4.34483e+011
-4.36482e+011
-4.39475e+011
-4.44008e+011
-4.51061e+011
-4.61494e+011
-4.76015e+011
-4.95525e+011
-5.20453e+011
-5.50981e+011
-5.87775e+011
-6.3118e+011
-6.81349e+011
-7.38433e+011
-8.02247e+011
-8.72506e+011
-9.48744e+011
-1.03034e+012
-1.11653e+012
-1.20647e+012
-1.29915e+012
-1.39348e+012
-1.48836e+012
-1.58261e+012
-1.6751e+012
-1.76541e+012
-1.85347e+012
-1.93904e+012
-2.022e+012
-2.10221e+012
-2.17988e+012
-2.25543e+012
-2.32955e+012
-2.40307e+012
-2.47672e+012
-2.55189e+012
-2.62866e+012
-2.70598e+012
-2.78437e+012
-2.86376e+012
-2.94452e+012
-3.02849e+012
-3.11596e+012
-3.20565e+012
-3.296e+012
-3.38544e+012
-3.47196e+012
-3.55348e+012
-3.62815e+012
-3.69362e+012
-3.74781e+012
-3.78892e+012
-3.81512e+012
-3.82488e+012
-3.8168e+012
-3.78973e+012
-3.74264e+012
-3.67471e+012
-3.5852e+012
-3.47356e+012
-3.33926e+012
-3.18182e+012
-3.00098e+012
-2.79647e+012
-2.56807e+012
-2.31495e+012
-2.03704e+012
-1.73008e+012
-1.39581e+012
-1.03672e+012
-6.55941e+011
-2.56329e+011
1.57804e+011
5.81663e+011
1.00929e+012
1.43377e+012
1.84734e+012
2.24155e+012
2.60766e+012
2.93685e+012
3.22024e+012
3.44948e+012
3.6191e+012
3.71813e+012
3.73312e+012
3.65876e+012
3.48856e+012
3.22135e+012
2.86224e+012
2.42922e+012
1.92684e+012
1.45354e+012
9.89115e+011
1.18254e+012
-4.80045e+011
-4.77119e+011
-4.77531e+011
-4.78744e+011
-4.80944e+011
-4.83106e+011
-4.85085e+011
-4.86867e+011
-4.88439e+011
-4.89924e+011
-4.91267e+011
-4.92416e+011
-4.93433e+011
-4.9434e+011
-4.95167e+011
-4.95931e+011
-4.96653e+011
-4.97355e+011
-4.98066e+011
-4.98822e+011
-4.99648e+011
-5.00555e+011
-5.01609e+011
-5.02936e+011
-5.0461e+011
-5.06663e+011
-5.09108e+011
-5.11948e+011
-5.15175e+011
-5.1876e+011
-5.22657e+011
-5.26805e+011
-5.31126e+011
-5.35535e+011
-5.39934e+011
-5.44226e+011
-5.48314e+011
-5.52103e+011
-5.55506e+011
-5.58439e+011
-5.60854e+011
-5.62668e+011
-5.64172e+011
-5.65098e+011
-5.65164e+011
-5.64634e+011
-5.63568e+011
-5.62053e+011
-5.60087e+011
-5.57682e+011
-5.54898e+011
-5.51819e+011
-5.48584e+011
-5.45287e+011
-5.42015e+011
-5.38871e+011
-5.35953e+011
-5.3335e+011
-5.31152e+011
-5.29469e+011
-5.28373e+011
-5.2786e+011
-5.27951e+011
-5.28839e+011
-5.30511e+011
-5.32746e+011
-5.35561e+011
-5.39069e+011
-5.43027e+011
-5.47426e+011
-5.52184e+011
-5.57154e+011
-5.62197e+011
-5.67151e+011
-5.71848e+011
-5.76105e+011
-5.79733e+011
-5.82547e+011
-5.84358e+011
-5.84984e+011
-5.84247e+011
-5.81968e+011
-5.78088e+011
-5.72716e+011
-5.65906e+011
-5.57737e+011
-5.48373e+011
-5.38058e+011
-5.27107e+011
-5.15915e+011
-5.04745e+011
-4.93642e+011
-4.82821e+011
-4.72549e+011
-4.62919e+011
-4.54228e+011
-4.46608e+011
-4.39835e+011
-4.33707e+011
-4.27974e+011
-4.22364e+011
-4.16682e+011
-4.10868e+011
-4.04673e+011
-3.97937e+011
-3.90806e+011
-3.83564e+011
-3.7666e+011
-3.70479e+011
-3.65624e+011
-3.63658e+011
-3.65804e+011
-3.72886e+011
-3.86388e+011
-4.06668e+011
-4.33837e+011
-4.69002e+011
-5.12841e+011
-5.65869e+011
-6.28436e+011
-7.00611e+011
-7.82272e+011
-8.73095e+011
-9.72554e+011
-1.07998e+012
-1.19458e+012
-1.31531e+012
-1.44097e+012
-1.5702e+012
-1.7015e+012
-1.8333e+012
-1.96511e+012
-2.09703e+012
-2.22851e+012
-2.35905e+012
-2.48795e+012
-2.615e+012
-2.74029e+012
-2.86428e+012
-2.98767e+012
-3.11107e+012
-3.23674e+012
-3.36387e+012
-3.48883e+012
-3.61164e+012
-3.73162e+012
-3.84861e+012
-3.96649e+012
-4.08646e+012
-4.20615e+012
-4.32306e+012
-4.43471e+012
-4.53857e+012
-4.63221e+012
-4.71321e+012
-4.7789e+012
-4.82677e+012
-4.8545e+012
-4.85985e+012
-4.84082e+012
-4.79556e+012
-4.72246e+012
-4.62006e+012
-4.48705e+012
-4.32231e+012
-4.12489e+012
-3.89404e+012
-3.62912e+012
-3.32959e+012
-2.99569e+012
-2.62807e+012
-2.2279e+012
-1.79749e+012
-1.3286e+012
-8.25072e+011
-2.927e+011
2.61816e+011
8.3364e+011
1.41526e+012
1.99893e+012
2.57537e+012
3.13432e+012
3.66471e+012
4.15495e+012
4.59336e+012
4.96908e+012
5.27354e+012
5.49894e+012
5.64476e+012
5.69619e+012
5.63465e+012
5.46148e+012
5.17212e+012
4.7707e+012
4.26784e+012
3.68366e+012
2.98843e+012
2.30691e+012
1.49669e+012
1.43863e+012
-4.73946e+011
-4.75127e+011
-4.7505e+011
-4.75547e+011
-4.76099e+011
-4.75735e+011
-4.74835e+011
-4.73784e+011
-4.72736e+011
-4.72082e+011
-4.71791e+011
-4.71747e+011
-4.72129e+011
-4.72992e+011
-4.74361e+011
-4.76222e+011
-4.78545e+011
-4.8129e+011
-4.84412e+011
-4.87875e+011
-4.91594e+011
-4.95421e+011
-4.99341e+011
-5.03482e+011
-5.07858e+011
-5.12391e+011
-5.1702e+011
-5.21708e+011
-5.26418e+011
-5.31108e+011
-5.35733e+011
-5.40243e+011
-5.44585e+011
-5.48703e+011
-5.52544e+011
-5.56059e+011
-5.59202e+011
-5.61936e+011
-5.64222e+011
-5.66013e+011
-5.67356e+011
-5.68268e+011
-5.68806e+011
-5.68856e+011
-5.68421e+011
-5.67414e+011
-5.66051e+011
-5.64637e+011
-5.6303e+011
-5.61003e+011
-5.58492e+011
-5.55654e+011
-5.52742e+011
-5.49795e+011
-5.46804e+011
-5.43822e+011
-5.40904e+011
-5.38101e+011
-5.35478e+011
-5.33168e+011
-5.31297e+011
-5.29818e+011
-5.28474e+011
-5.27541e+011
-5.27367e+011
-5.27626e+011
-5.28656e+011
-5.30466e+011
-5.32659e+011
-5.35434e+011
-5.38842e+011
-5.42779e+011
-5.47176e+011
-5.51937e+011
-5.56945e+011
-5.62055e+011
-5.67096e+011
-5.71891e+011
-5.76231e+011
-5.79902e+011
-5.82631e+011
-5.84032e+011
-5.83963e+011
-5.82598e+011
-5.79861e+011
-5.75636e+011
-5.69952e+011
-5.6295e+011
-5.54875e+011
-5.4621e+011
-5.37077e+011
-5.27086e+011
-5.16515e+011
-5.05663e+011
-4.94396e+011
-4.83169e+011
-4.7226e+011
-4.61217e+011
-4.49754e+011
-4.37592e+011
-4.244e+011
-4.10094e+011
-3.94887e+011
-3.78376e+011
-3.60275e+011
-3.40911e+011
-3.20812e+011
-3.00604e+011
-2.80463e+011
-2.60882e+011
-2.44563e+011
-2.33153e+011
-2.27403e+011
-2.30159e+011
-2.415e+011
-2.60896e+011
-2.9049e+011
-3.31492e+011
-3.84832e+011
-4.51175e+011
-5.30873e+011
-6.24036e+011
-7.30549e+011
-8.50014e+011
-9.81911e+011
-1.12563e+012
-1.28005e+012
-1.44401e+012
-1.61596e+012
-1.79349e+012
-1.97436e+012
-2.15836e+012
-2.34597e+012
-2.53605e+012
-2.72761e+012
-2.91895e+012
-3.10939e+012
-3.2986e+012
-3.48656e+012
-3.67335e+012
-3.85963e+012
-4.05042e+012
-4.24295e+012
-4.42906e+012
-4.61072e+012
-4.7859e+012
-4.95085e+012
-5.11472e+012
-5.28082e+012
-5.44327e+012
-5.59824e+012
-5.74298e+012
-5.8746e+012
-5.99013e+012
-6.08653e+012
-6.1604e+012
-6.20868e+012
-6.22857e+012
-6.21734e+012
-6.17237e+012
-6.09111e+012
-5.9712e+012
-5.81052e+012
-5.60706e+012
-5.35888e+012
-5.06421e+012
-4.72152e+012
-4.32931e+012
-3.88615e+012
-3.39209e+012
-2.84775e+012
-2.2569e+012
-1.62974e+012
-9.4661e+011
-2.15085e+011
5.53183e+011
1.34659e+012
2.15829e+012
2.97642e+012
3.78907e+012
4.58192e+012
5.33953e+012
6.04555e+012
6.68306e+012
7.23566e+012
7.68894e+012
8.0322e+012
8.25733e+012
8.37983e+012
8.37565e+012
8.21297e+012
7.91175e+012
7.46867e+012
6.89226e+012
6.20605e+012
5.43127e+012
4.47575e+012
3.51137e+012
2.13295e+012
1.54386e+012
-4.72566e+011
-4.73931e+011
-4.7352e+011
-4.72491e+011
-4.69843e+011
-4.65117e+011
-4.59524e+011
-4.54256e+011
-4.49619e+011
-4.46294e+011
-4.4395e+011
-4.42401e+011
-4.4211e+011
-4.43186e+011
-4.45619e+011
-4.49345e+011
-4.54253e+011
-4.60204e+011
-4.67026e+011
-4.74567e+011
-4.82598e+011
-4.90736e+011
-4.98701e+011
-5.06839e+011
-5.15105e+011
-5.2319e+011
-5.30897e+011
-5.38127e+011
-5.44807e+011
-5.50878e+011
-5.56297e+011
-5.61033e+011
-5.6507e+011
-5.68407e+011
-5.71056e+011
-5.73044e+011
-5.74411e+011
-5.75205e+011
-5.75458e+011
-5.75155e+011
-5.7454e+011
-5.73813e+011
-5.72869e+011
-5.71757e+011
-5.70559e+011
-5.69171e+011
-5.67736e+011
-5.66376e+011
-5.64939e+011
-5.63333e+011
-5.61549e+011
-5.59748e+011
-5.57889e+011
-5.55901e+011
-5.53736e+011
-5.51379e+011
-5.48816e+011
-5.46007e+011
-5.42923e+011
-5.39724e+011
-5.36547e+011
-5.33371e+011
-5.30167e+011
-5.27067e+011
-5.24294e+011
-5.21813e+011
-5.19878e+011
-5.18394e+011
-5.17335e+011
-5.17136e+011
-5.18087e+011
-5.20071e+011
-5.2311e+011
-5.27213e+011
-5.32351e+011
-5.38449e+011
-5.45374e+011
-5.52963e+011
-5.60974e+011
-5.69161e+011
-5.77132e+011
-5.84182e+011
-5.89839e+011
-5.94621e+011
-5.98332e+011
-6.00419e+011
-6.00637e+011
-5.9893e+011
-5.95451e+011
-5.90987e+011
-5.858e+011
-5.78634e+011
-5.68835e+011
-5.57068e+011
-5.43286e+011
-5.28843e+011
-5.14214e+011
-4.98249e+011
-4.80517e+011
-4.60707e+011
-4.38372e+011
-4.13437e+011
-3.86676e+011
-3.57406e+011
-3.24665e+011
-2.89011e+011
-2.51495e+011
-2.12885e+011
-1.72575e+011
-1.30699e+011
-9.19498e+010
-5.98388e+010
-3.55068e+010
-2.34604e+010
-2.10818e+010
-2.71034e+010
-4.59678e+010
-7.96621e+010
-1.29493e+011
-1.96493e+011
-2.81373e+011
-3.84537e+011
-5.06106e+011
-6.45845e+011
-8.03361e+011
-9.78073e+011
-1.16899e+012
-1.375e+012
-1.59467e+012
-1.82558e+012
-2.06318e+012
-2.30678e+012
-2.55941e+012
-2.81935e+012
-3.0842e+012
-3.35105e+012
-3.61885e+012
-3.88672e+012
-4.15389e+012
-4.41927e+012
-4.68457e+012
-4.9647e+012
-5.2551e+012
-5.53533e+012
-5.79914e+012
-6.03194e+012
-6.24315e+012
-6.4593e+012
-6.68092e+012
-6.89393e+012
-7.09316e+012
-7.27559e+012
-7.4382e+012
-7.57788e+012
-7.69138e+012
-7.77545e+012
-7.82641e+012
-7.84058e+012
-7.81453e+012
-7.74487e+012
-7.62833e+012
-7.46157e+012
-7.24131e+012
-6.96437e+012
-6.62772e+012
-6.22839e+012
-5.76383e+012
-5.23162e+012
-4.62923e+012
-3.95547e+012
-3.20877e+012
-2.39368e+012
-1.53868e+012
-6.12142e+011
3.87283e+011
1.44447e+012
2.52894e+012
3.63922e+012
4.75604e+012
5.86194e+012
6.9365e+012
7.95778e+012
8.90237e+012
9.74661e+012
1.04675e+013
1.10446e+013
1.14624e+013
1.17164e+013
1.18564e+013
1.18405e+013
1.15756e+013
1.1091e+013
1.04008e+013
9.55313e+012
8.61793e+012
7.63332e+012
6.42567e+012
5.27114e+012
3.29436e+012
1.82879e+012
-4.74828e+011
-4.7546e+011
-4.7394e+011
-4.69161e+011
-4.62112e+011
-4.5384e+011
-4.45157e+011
-4.36648e+011
-4.28842e+011
-4.22228e+011
-4.17309e+011
-4.14375e+011
-4.13539e+011
-4.14867e+011
-4.18331e+011
-4.23821e+011
-4.3116e+011
-4.40125e+011
-4.50472e+011
-4.61934e+011
-4.74132e+011
-4.86711e+011
-4.9951e+011
-5.12111e+011
-5.24134e+011
-5.35416e+011
-5.45802e+011
-5.55155e+011
-5.63375e+011
-5.70395e+011
-5.76182e+011
-5.80736e+011
-5.84089e+011
-5.86302e+011
-5.87463e+011
-5.87686e+011
-5.87102e+011
-5.85859e+011
-5.84117e+011
-5.82039e+011
-5.7972e+011
-5.77277e+011
-5.74858e+011
-5.7262e+011
-5.70656e+011
-5.68892e+011
-5.67416e+011
-5.66221e+011
-5.65201e+011
-5.64417e+011
-5.63822e+011
-5.63239e+011
-5.62522e+011
-5.61588e+011
-5.60343e+011
-5.58697e+011
-5.56585e+011
-5.53965e+011
-5.5082e+011
-5.47116e+011
-5.42858e+011
-5.38113e+011
-5.33021e+011
-5.27708e+011
-5.22284e+011
-5.16955e+011
-5.11873e+011
-5.07347e+011
-5.03649e+011
-5.00889e+011
-4.99256e+011
-4.98992e+011
-5.00277e+011
-5.03244e+011
-5.07968e+011
-5.14453e+011
-5.22628e+011
-5.32363e+011
-5.43458e+011
-5.55631e+011
-5.68421e+011
-5.81353e+011
-5.94148e+011
-6.06086e+011
-6.16514e+011
-6.25083e+011
-6.31442e+011
-6.35305e+011
-6.36512e+011
-6.34951e+011
-6.30663e+011
-6.24094e+011
-6.15448e+011
-6.04717e+011
-5.92151e+011
-5.77189e+011
-5.59467e+011
-5.39061e+011
-5.15627e+011
-4.88755e+011
-4.57977e+011
-4.23118e+011
-3.83846e+011
-3.39989e+011
-2.92073e+011
-2.4078e+011
-1.8677e+011
-1.313e+011
-7.57061e+010
-2.12083e+010
3.06755e+010
7.85249e+010
1.2067e+011
1.5467e+011
1.77646e+011
1.87109e+011
1.80728e+011
1.56654e+011
1.13262e+011
4.92033e+010
-3.6552e+010
-1.44736e+011
-2.75754e+011
-4.29612e+011
-6.06261e+011
-8.05513e+011
-1.02635e+012
-1.26787e+012
-1.52824e+012
-1.8045e+012
-2.09677e+012
-2.40422e+012
-2.722e+012
-3.04771e+012
-3.3804e+012
-3.71828e+012
-4.05939e+012
-4.40227e+012
-4.74525e+012
-5.08637e+012
-5.42482e+012
-5.75528e+012
-6.07983e+012
-6.40612e+012
-6.72924e+012
-7.04791e+012
-7.36214e+012
-7.66445e+012
-7.95123e+012
-8.22187e+012
-8.47309e+012
-8.70177e+012
-8.90464e+012
-9.07826e+012
-9.21906e+012
-9.3229e+012
-9.38541e+012
-9.40265e+012
-9.37071e+012
-9.28553e+012
-9.14295e+012
-8.93869e+012
-8.66841e+012
-8.32776e+012
-7.9124e+012
-7.4181e+012
-6.84095e+012
-6.17665e+012
-5.42096e+012
-4.5714e+012
-3.62705e+012
-2.59458e+012
-1.46908e+012
-2.583e+011
1.0213e+012
2.35191e+012
3.72892e+012
5.12811e+012
6.53046e+012
7.91364e+012
9.25125e+012
1.05151e+013
1.16757e+013
1.27033e+013
1.35688e+013
1.42452e+013
1.47084e+013
1.49343e+013
1.49364e+013
1.47282e+013
1.43131e+013
1.37154e+013
1.29471e+013
1.20294e+013
1.09873e+013
9.82585e+012
8.48088e+012
7.04288e+012
4.92002e+012
3.09319e+012
)
;

boundaryField
{
    walls
    {
        type            zeroGradient;
    }
    inlet
    {
        type            zeroGradient;
    }
    outlet
    {
        type            fixedValue;
        value           uniform 0;
    }
    frontAndBack
    {
        type            empty;
    }
}


// ************************************************************************* //
