/*--------------------------------*- C++ -*----------------------------------*\
| =========                 |                                                 |
| \\      /  F ield         | OpenFOAM: The Open Source CFD Toolbox           |
|  \\    /   O peration     | Version:  5.x                                   |
|   \\  /    A nd           | Web:      www.OpenFOAM.org                      |
|    \\/     M anipulation  |                                                 |
\*---------------------------------------------------------------------------*/
/*   Windows 32 and 64 bit porting by blueCAPE: http://www.bluecape.com.pt   *\
|  Based on Windows porting (2.0.x v4) by Symscape: http://www.symscape.com   |
\*---------------------------------------------------------------------------*/
FoamFile
{
    version     2.0;
    format      ascii;
    class       volScalarField;
    location    "3000";
    object      nut;
}
// * * * * * * * * * * * * * * * * * * * * * * * * * * * * * * * * * * * * * //

dimensions      [0 2 -1 0 0 0 0];

internalField   nonuniform List<scalar> 
4000
(
203.058
293.653
364.088
417.664
462.494
501.232
535.833
567.632
597.217
625.125
651.798
677.495
702.371
726.528
750.026
772.892
795.129
816.722
837.641
857.85
877.308
895.983
914.049
931.418
947.904
963.525
978.29
992.208
1005.29
1017.56
1029.04
1039.74
1049.71
1058.97
1067.56
1075.52
1082.87
1089.65
1095.9
1101.64
1106.89
1111.67
1115.99
1119.89
1123.4
1126.48
1129.11
1131.27
1132.97
1134.24
1135.04
1135.33
1135.06
1134.24
1132.82
1130.8
1128.15
1124.87
1120.93
1116.31
1111.01
1105.05
1098.43
1091.15
1083.4
1075.12
1066.29
1056.99
1047.29
1037.23
1026.89
1016.35
1005.69
994.961
984.242
973.583
963.029
952.609
942.334
932.199
922.181
912.261
902.747
893.486
884.161
874.773
865.301
855.719
845.997
836.079
825.942
815.756
805.659
795.936
786.632
777.729
769.276
761.575
754.902
749.54
745.793
743.952
744.285
747.934
755.153
765.729
779.966
798.178
820.661
847.543
878.858
915.055
954.999
998.855
1046.61
1098.01
1152.71
1210.42
1270.83
1333.69
1398.77
1465.83
1534.66
1605.08
1676.88
1749.91
1824
1899
1974.78
2051.36
2129.66
2208.86
2288.25
2367.92
2447.82
2527.86
2607.95
2687.97
2767.81
2847.35
2926.43
3004.77
3082.05
3158.73
3234.99
3311.27
3386.44
3460.02
3531.28
3600.5
3667.63
3732.52
3794.98
3854.84
3911.9
3965.97
4016.84
4064.3
4108.12
4148.08
4183.92
4215.38
4242.19
4264.07
4280.72
4291.81
4297.02
4296
4288.38
4273.8
4251.86
4222.14
4184.22
4137.52
4081.95
4021.28
3951.74
3872.4
3783.04
3683.64
3574.28
3455.13
3326.47
3188.79
3042.88
2890.11
2732.81
2574.71
2419.14
2259.82
2116.56
1987.92
1868.59
1747.79
1610.59
1442.53
1238
982.601
664.562
223.346
729.391
1885.41
2698.2
3241.22
3636.86
3960.97
4242.85
4496.35
4730.68
4951.61
5163.67
5369.71
5571
5768.41
5962.41
6153.13
6340.41
6523.87
6702.98
6877.06
7045.3
7206.4
7356.7
7497.28
7630.55
7757.09
7877.07
7990.57
8097.66
8198.46
8293.09
8381.71
8464.52
8541.71
8613.5
8680.13
8741.83
8798.81
8851.28
8899.44
8943.47
8983.46
9019.41
9050.98
9078.52
9103.15
9124.73
9142.95
9157.8
9168.55
9174.68
9176.51
9173.97
9166.94
9155.28
9138.84
9117.51
9091.16
9059.72
9023.11
8981.31
8934.3
8881.96
8823.85
8758.25
8685.72
8607.91
8526.07
8441.01
8353.28
8263.76
8173.43
8083.21
7993.96
7906.43
7821.28
7739.02
7659.99
7584.33
7511.88
7442.15
7373.72
7301.28
7223.15
7143.23
7062.34
6980.61
6898
6814.49
6730.2
6645.4
6560.48
6475.93
6392.45
6311.67
6235.22
6164.93
6102.82
6051.2
6012.54
5989.24
5983.26
5994.82
6017.82
6049.68
6103.69
6184.6
6295.62
6440.38
6619.34
6829.51
7067.9
7336.5
7637.76
7975.19
8348.44
8754.82
9192.49
9659.66
10154.6
10675.6
11221.1
11789.2
12378.2
12986.1
13611.2
14251.5
14904.8
15568.4
16237.3
16897.7
17541.8
18186.6
18834.9
19487.1
20142.3
20799.8
21458.4
22117
22774.4
23429.4
24080.7
24726.9
25366
25994.6
26609.7
27212.4
27801.6
28376
28933.5
29472.9
29992.6
30491.1
30966.9
31418.5
31844.1
32241.9
32610.2
32947.1
33250.7
33518.9
33749.5
33940.5
34089.6
34194.2
34252.2
34260.8
34217.5
34119.6
33964.4
33749.1
33470.4
33124.8
32706.6
32203.1
31540.1
30758.7
29878.1
28907.9
27855.1
26727.4
25533.7
24285.2
22995
21681.9
20371.3
19100.4
17922.3
16865.3
15900.2
15006.5
14276
13745.3
13378.6
13043.8
12462.2
11079.4
8715.68
5458.97
2088.77
1019.9
3141.88
5122.23
6557.54
7619.77
8458.81
9160.15
9772.06
10323.8
10833.9
11315.2
11776
12221.6
12655.1
13078.6
13493
13898.5
14294.7
14680.7
15055.3
15416.8
15762.8
16089.6
16397.7
16689.9
16967.2
17230.1
17479
17714
17935.4
18143.4
18338.5
18520.9
18691.2
18849.7
18996.9
19133.4
19259.4
19375.6
19482.2
19579.7
19668.2
19747.9
19818.8
19880.8
19935.4
19982.7
20022.4
20054.1
20076.7
20090
20093.8
20088.1
20072.6
20047
20011.1
19964.4
19907
19838.5
19758.9
19668
19565.7
19451.7
19325.3
19184.9
19031.3
18866.9
18693.5
18512.8
18326.4
18135.9
17943.2
17750.1
17558.1
17368.8
17183.3
17002.7
16827.5
16657.8
16493.1
16331.9
16171.3
16005.1
15831.4
15653.3
15472.4
15288.9
15103.1
14915.1
14725.3
14534.5
14343.7
14154.4
13968.6
13789.3
13620.5
13466.2
13331.3
13221
13140.5
13094.6
13086.9
13117.8
13181.4
13280.1
13428.1
13633.4
13901.3
14235.5
14635.9
15100.4
15630.1
16226.9
16893.2
17631.3
18440.8
19319.1
20263
21269.5
22335.2
23456.6
24630.2
25852.3
27119
28426.3
29769.8
31145.1
32547
33968.9
35402
36819
38228.8
39643.1
41065.7
42497
43935.6
45379.5
46826.4
48273.5
49718.1
51157.1
52587.3
54004.5
55402.9
56778.9
58130.3
59455
60749.9
62011.3
63235.9
64419.9
65560.1
66652.9
67694.7
68681.9
69610.5
70476.8
71276.6
72005.8
72659.8
73234.4
73724.7
74125.9
74433.1
74641
74744.4
74737.6
74615.1
74371
73999.2
73493.4
72846
72047.6
71083.2
69924.1
68506.6
66858.7
65004.8
62963.7
60752.5
58389.3
55895.2
53295.7
50621.9
47913.4
45220.1
42604.4
40136.5
37868
35816.8
33994.5
32419.1
31080.2
29836.7
28342.8
25997.4
22034.9
16041.6
8927.75
3072.24
1274.05
4023.43
6967.43
9324.59
11159.8
12623.2
13833.2
14869.9
15786.6
16618.9
17390.9
18119.2
18814.8
19485
20134.5
20765.9
21380.5
21978.6
22559.4
23121.8
23663.8
24183.2
24677.1
25145.5
25590.4
26013
26414.1
26794.1
27153.4
27492.5
27811.7
28111.5
28392.5
28655.3
28900.4
29128.4
29340.1
29536
29716.6
29882.5
30034.2
30172
30296.1
30406.8
30504.3
30589.1
30661.7
30722
30769.2
30802.6
30822
30827
30817.4
30792.8
30752.8
30697.1
30625.3
30537.3
30432.7
30311.5
30173.3
30018.1
29845.5
29654.9
29445.5
29218.3
28975.4
28719.1
28451.6
28175.1
27891.9
27604.2
27314.5
27024.7
26736.8
26452.4
26172.6
25898.2
25629
25364.2
25102
24838.8
24569.8
24293
24010.1
23722.4
23430.3
23134.5
22835.5
22534.2
22232.3
21931.6
21635
21346.1
21069.7
20811.6
20578.5
20378
20217.8
20106
20049.8
20054.8
20124.2
20253
20450.9
20728.9
21095
21554.6
22110.4
22762.6
23511.7
24358.8
25305.3
26352.8
27501.9
28751.4
30098.5
31539.4
33069.8
34685.1
36380.2
38150
39988.8
41891
43850.4
45860.6
47914.8
50005
52122.2
54255.5
56383.8
58515.7
60657.9
62813.3
64981.5
67160.7
69348
71539.8
73732.2
75920.9
78101.2
80268
82414.6
84534.3
86623.8
88678.8
90694.6
92666.3
94588.3
96455.2
98261.7
100002
101671
103263
104772
106192
107517
108741
109857
110859
111739
112491
113107
113580
113903
114066
114062
113882
113517
112958
112196
111217
110009
108550
106810
104746
102374
99714.1
96786.7
93614.6
90223.8
86644.6
82913.9
79076.1
75185.1
71305.2
67509.8
63875.1
60463.2
57309.9
54423.5
51770.3
49219.3
46480.3
43037.2
38162.2
31144.8
21884.2
11706.6
3955.05
1476.14
4675.6
8350.7
11498.5
14061.4
16149
17882.3
19358.7
20649.9
21806.9
22865.9
23852.3
24783.9
25672.9
26527.4
27352.6
28151.5
28925.4
29674.6
30398.3
31095.1
31763.2
32400.7
33007.3
33584.6
34133.7
34655.4
35150.5
35619.5
36062.8
36481.1
36874.9
37244.9
37591.7
37915.9
38218.2
38499.3
38759.9
39000.4
39221.6
39423.9
39607.6
39773.1
39920.6
40050.6
40163.2
40258.6
40336.9
40397.5
40439.9
40463.7
40468.7
40454.4
40420.5
40366.7
40292.6
40197.9
40082.4
39945.7
39787.8
39608.4
39407.5
39184.7
38939.8
38672.3
38383.6
38075.5
37750.4
37410.5
37058.6
36696.9
36328.2
35955
35579.5
35203.9
34829.8
34458.5
34090.6
33725.9
33363.5
33001.4
32636.5
32264.9
31885
31497.7
31103.7
30704
30299.5
29891.5
29481.8
29072.7
28667.6
28270.6
27887.1
27523.7
27188.4
26890.1
26638.7
26444.8
26318.5
26269.4
26305.4
26431.8
26648.6
26966.5
27394.5
27939.5
28605.8
29395
30307.6
31344
32504.6
33789.6
35199.2
36732.5
38387.5
40160.7
42047.5
44042.8
46140.8
48335.3
50619.6
52987
55430.1
57941.2
60512.5
63135.2
65800.2
68497.1
71215.2
73941
76679.5
79434.2
82206.1
84994.5
87796.7
90609.2
93427.9
96247.9
99063.8
101870
104660
107426
110162
112862
115520
118132
120688
123184
125610
127961
130230
132407
134487
136462
138323
140062
141672
143144
144469
145638
146643
147473
148120
148573
148822
148856
148665
148237
147559
146619
145403
143891
142063
139891
137346
134439
131185
127605
123723
119569
115180
110598
105876
101074
96262.2
91515.2
86905.8
82491.8
78300.7
74314.1
70439.5
66460.1
61968.8
56374.9
48963.5
39158.7
27078.4
14324.9
4778.34
1640.38
5187.09
9405.34
13180.9
16360.6
19005.5
21222.7
23112.8
24757.6
26219.3
27544.2
28765.9
29908.8
30990
32021.5
33011.2
33964.4
34883.8
35770.9
36625.9
37448.2
38236.7
38990.3
39709
40393.9
41046.4
41667.2
42257.3
42817.3
43347.8
43849.6
44323.2
44769.2
45188.2
45581
45948.1
46290.1
46607.7
46901.2
47171.3
47418.4
47642.8
47844.9
48024.9
48183
48319.6
48434.5
48527.9
48599.4
48648.6
48675.3
48679.1
48659.8
48617
48550.5
48460
48345.3
48206.3
48042.6
47854.3
47641.1
47403.1
47140
46851.8
46538.4
46201.1
45841.7
45462.4
45065.6
44653.6
44229.2
43794.9
43353.1
42906.2
42456.2
42004.8
41553.1
41101.7
40650.4
40198.2
39743.5
39283.5
38815.1
38337.3
37850.6
37355.9
36854.4
36347.6
35837.7
35327.4
34820.2
34320.8
33834.9
33369.4
32933
32535.6
32188.2
31902.9
31692.5
31569.3
31544.9
31628.9
31828.6
32148
32597
33183.3
33912
34785.7
35805
36969.3
38277.9
39729.6
41323.4
43057.8
44930.6
46938.6
49077.4
51342
53726.3
56223.7
58827.1
61528.9
64321.2
67195.7
70143.9
73156.7
76224.7
79338.2
82486.8
85660.2
88850.6
92060.5
95291.1
98542.4
101813
105099
108398
111705
115015
118322
121620
124900
128157
131382
134571
137715
140806
143838
146802
149689
152490
155197
157801
160293
162663
164903
167001
168950
170737
172354
173790
175034
176074
176901
177501
177863
177975
177823
177395
176675
175648
174298
172605
170548
168100
165246
161992
158350
154340
149986
145321
140381
135213
129871
124417
118917
113441
108052
102791
97665
92621
87516.4
82077.8
75861
68242.4
58573.4
46399.2
31945.5
16953
5627.51
1792.62
5634.92
10217.6
14463.9
18129
21232.3
23860.4
26109.1
28063.2
29791.6
31347.5
32771.4
34093.1
35334.2
36510.3
37632.3
38707.5
39740.5
40734.1
41689.6
42607.5
43487.4
44329
45132.6
45899.5
46631
47328.2
47992
48623.2
49222.6
49790.8
50328.4
50836.1
51314.3
51763.6
52184.5
52577.4
52942.8
53281
53592.5
53877.5
54136.4
54369.3
54576.4
54758
54914.1
55044.9
55150.2
55229.9
55283.9
55311.9
55313.7
55289.2
55238.2
55160.6
55056.2
54924.9
54766.7
54581.5
54369.3
54130.1
53863.8
53570.5
53250.1
52902.7
52529.6
52132.6
51713.4
51274.3
50817.7
50345.8
49861.2
49366.1
48862.6
48352.7
47837.7
47318.8
46796.4
46270.3
45739.6
45202.9
44658
44102.6
43536
42958.9
42372.7
41779
41180
40578.9
39979.4
39386.3
38805.6
38244.7
37712.1
37218.2
36774.8
36394.9
36092.4
35881.9
35777.6
35792.6
35938
36222.1
36651.2
37234.2
37977.3
38883.7
39954.3
41187.7
42582
44134.6
45842.8
47703.7
49714.4
51871.3
54170
56605.5
59171.9
61862.5
64670.1
67587
70605.1
73715.8
76910.3
80179.3
83513.7
86903.8
90339.9
93812.2
97310.8
100832
104377
107945
111537
115149
118780
122425
126081
129741
133401
137054
140692
144308
147895
151447
154954
158409
161803
165126
168369
171523
174576
177520
180343
183036
185587
187985
190219
192279
194152
195827
197292
198535
199543
200303
200802
201027
200961
200592
199902
198874
197491
195733
193578
191003
187998
184568
180724
176485
171873
166919
161660
156141
150414
144537
138569
132570
126587
120642
114716
108724
102489
95708.8
87936.6
78592.5
67045.2
52942.7
36551.5
19791.5
6568.52
1948.32
6060.71
10831.4
15406.9
19426.5
22877.1
25825.7
28359.5
30562.2
32505.4
34246.8
35831.2
37292.9
38657.2
39942.7
41162.8
42326.8
43441
44509.6
45535.1
46518.8
47461.5
48363.5
49225.4
50048.9
50835.3
51586
52302.1
52984.5
53633.9
54251.1
54836.6
55390.9
55914.3
56407.4
56870.3
57303.3
57706.6
58080.4
58425
58740.4
59026.7
59284.1
59512.7
59712.6
59883.8
60026.4
60140.5
60225.9
60282.6
60310.6
60309.8
60280.3
60222
60135
60019.4
59875.2
59702.5
59501.4
59272
59014.4
58728.6
58414.7
58072.7
57702.8
57306.3
56884.4
56438.9
55971.7
55484.8
54980.4
54460.5
53927.1
53382.1
52827
52263.1
51691.3
51111.9
50524.7
49928.9
49323.5
48706.6
48076.6
47433.4
46778.2
46112.6
45439.2
44760.9
44081.9
43407.1
42742.6
42095.7
41475.3
40891.5
40356.2
39883
39486.4
39182
38985.8
38913.4
38978.7
39193.7
39567.2
40106.3
40818.6
41708.7
42777.8
44024.8
45446.6
47039.1
48798.1
50719
52797.3
55028.5
57407.7
59929.6
62588.3
65377.3
68289.5
71317.3
74452.6
77687
81011.7
84417.6
87895.7
91436.6
95030.9
98669.3
102343
106042
109766
113516
117290
121089
124910
128751
132608
136478
140357
144237
148115
151981
155831
159656
163448
167201
170904
174548
178124
181622
185030
188337
191533
194607
197546
200339
202975
205440
207724
209814
211697
213361
214792
215978
216904
217556
217920
217980
217720
217123
216170
214844
213123
210987
208413
205397
201943
198061
193767
189081
184033
178655
172990
167084
160987
154750
148419
142022
135563
129001
122225
115041
107137
98083
87347.6
74376.4
58778.8
40845.3
22766.7
7590.17
2091.43
6424.46
11255.6
16038.5
20290.7
23977.1
27148.5
29883.7
32263.4
34359.9
36232.8
37929.9
39488.1
40935.4
42292.7
43575.3
44794.3
45957.3
47069.8
48135.3
49156.1
50133.7
51069.2
51963.7
52819
53636.9
54418.9
55166.2
55879.9
56560.7
57209.4
57826.4
58412.1
58966.6
59490.2
59982.9
60444.7
60875.5
61275.4
61644.2
61981.9
62288.3
62563.6
62807.7
63020.5
63202.2
63352.8
63472.4
63560.9
63618.6
63645.4
63641.7
63607.5
63543.1
63448.8
63324.8
63171.5
62989
62777.6
62537.6
62269.1
61972.2
61647
61293.6
60912.2
60503.6
60069.1
59610.1
59128.2
58624.9
58102.1
57561.4
57004.5
56432.9
55847.7
55250
54640.4
54019
53385.8
52740.1
52080.9
51407
50717.2
50012.1
49293.3
48563.1
47824.9
47082.6
46341.2
45607
44887.2
44190.4
43526.9
42908.2
42347.7
41860.2
41461.6
41168.7
40998.6
40967.4
41089.7
41377.6
41839.3
42482.1
43312
44331.8
45540.8
46936
48512.2
50263.6
52184.1
54267.4
56507.6
58898.6
61434.6
64109.1
66915.8
69847.5
72897
76056.3
79317.4
82671.8
86110.7
89625.4
93206.8
96846.1
100534
104263
108023
111807
115616
119449
123307
127189
131094
135020
138965
142925
146897
150875
154854
158829
162792
166736
170655
174539
178380
182169
185894
189545
193111
196582
199944
203185
206295
209260
212068
214707
217163
219425
221479
223313
224913
226264
227354
228167
228689
228902
228790
228336
227520
226323
224726
222706
220244
217338
213990
210210
206011
201411
196435
191112
185479
179574
173439
167113
160628
153997
147207
140197
132846
124952
116212
106223
94496.8
80528.1
63943.7
44842.4
25749
8724.2
2190.27
6660.78
11478.2
16365.4
20740.8
24554.9
27849.2
30696.7
33175.6
35357.4
37302.5
39059.7
40667.6
42155.4
43545.4
44854.3
46094.1
47273.7
48399.5
49475.7
50505.6
51491.4
52434.6
53336.8
54200.2
55026.9
55818.6
56576.7
57302.2
57996.2
58659.1
59291.3
59893.1
60464.4
61005.2
61515.2
61994.1
62441.7
62857.6
63241.5
63593.1
63912.2
64198.4
64451.8
64672.2
64859.7
65014.3
65136.2
65225.4
65282.3
65307.1
65300.1
65261.9
65192.9
65093.4
64964.2
64805.5
64618
64401.9
64157.7
63885.6
63585.7
63258.2
62903
62520.2
62110.6
61675.1
61214.7
60730.7
60224.3
59696.8
59149.5
58583.5
58000.1
57399.9
56783.8
56152
55504.7
54841.6
54162.3
53465.9
52751.7
52018.7
51268.3
50502.5
49724.6
48938.6
48149.4
47363.1
46586.8
45829.2
45099.9
44410.3
43773.4
43203.4
42716.2
42328.7
42058.6
41923.2
41939
42120.5
42479.1
43022.4
43756.3
44685.7
45811.3
47130.7
48638.8
50329.1
52193.8
54225.4
56416
58758.4
61245.4
63870
66625.4
69504.4
72499.6
75603.7
78808.7
82106.7
85489.4
88948.4
92475.4
96061.8
99699.2
103379
107094
110836
114599
118383
122189
126018
129870
133745
137642
141560
145496
149446
153408
157376
161345
165310
169264
173199
177108
180982
184811
188586
192294
195925
199468
202909
206237
209439
212503
215417
218166
220740
223124
225306
227274
229013
230511
231752
232723
233408
233790
233852
233577
232945
231936
230530
228705
226445
223747
220614
217054
213077
208697
203936
198818
193371
187627
181618
175370
168904
162220
155289
148044
140359
132038
122803
112286
100045
85607.4
68568.8
48884.9
28955.5
10336.8
2190.29
6664.38
11487.7
16389.2
20784.2
24620.3
27936.8
30804.9
33301.3
35496.8
37451.3
39213.6
40822.2
42306.6
43689.5
44988.1
46214.9
47379.5
48488.6
49547.4
50559.5
51527.6
52453.8
53339.9
54188.7
55002.3
55782.9
56531.9
57250.5
57939.6
58599.7
59231.1
59833.7
60407.5
60951.9
61466.5
61950.8
62404.1
62825.9
63215.4
63572.3
63896
64186.2
64442.6
64665.1
64853.6
65008.3
65129.3
65216.9
65271.5
65293.4
65283.3
65241.9
65169.7
65067.5
64936.1
64776.1
64588.2
64373
64130.9
63862.2
63567.2
63245.9
62898.1
62523.8
62123.6
61698
61247.8
60773.8
60276.9
59757.9
59217.6
58656.9
58076.3
57476.4
56857.5
56219.8
55563.2
54887.3
54191.9
53476.1
52739.6
51981.8
51204.5
50410.4
49603.5
48788.5
47971.3
47158.9
46359.5
45582.6
44839
44140.9
43502.1
42937.8
42464.5
42099.6
41860.9
41766
41830.8
42069.2
42491.4
43103.7
43910.7
44915.2
46116.7
47510.8
49091.2
50849.6
52777.1
54864.8
57103.7
59485.6
62002.4
64646.4
67410.1
70286.2
73267.1
76345.4
79513.4
82763.5
86087.9
89478.8
92928.2
96428.4
99971.8
103551
107158
110786
114430
118091
121769
125468
129188
132930
136694
140480
144287
148112
151952
155805
159665
163527
167387
171236
175069
178875
182647
186374
190045
193649
197174
200609
203940
207156
210244
213191
215986
218614
221065
223326
225384
227226
228839
230210
231324
232165
232719
232967
232892
232474
231692
230527
228957
226967
224556
221725
218480
214829
210783
206357
201571
196446
191004
185269
179258
172978
166420
159549
152295
144539
136105
126749
116159
103965
89758.2
73146.3
53888.3
33530.4
14009.9
2090.95
6434.4
11284.5
16110.7
20420.9
24172.2
27408.4
30203.3
32633.9
34770
36670
38381.4
39941.2
41378.2
42714.4
43966.5
45147.2
46265.8
47329.6
48343.6
49312.1
50237.9
51123.5
51971
52783.4
53563.2
54312.6
55033.4
55726.7
56393.4
57034
57648.6
58237
58798.7
59333.2
59839.6
60317.2
60764.9
61182
61567.5
61920.7
62241
62527.8
62780.8
62999.8
63184.6
63335.5
63452.6
63536.3
63587.1
63605.7
63592.7
63548.9
63475.4
63373.1
63242.8
63085.5
62902
62693.1
62459.2
62200.9
61918.2
61611.2
61279.6
60923.2
60542.1
60136.9
59707.8
59255.3
58780
58282.2
57762.4
57220.8
56657.8
56073.4
55467.8
54840.7
54192.1
53521.5
52828.4
52112.4
51373.1
50610.5
49826.4
49024.3
48208.8
47385.4
46560.8
45742.9
44940.6
44164.1
43425.1
42736.4
42112.2
41568.1
41120.9
40788
40587.1
40535.1
40647.1
40935.6
41409.4
42073.1
42929.2
43979
45220.5
46648.5
48254.9
50030.7
51966
54051
56276.2
58632.3
61110.9
63703.9
66403.4
69201.9
72092.1
75066.6
78118.4
81240
84424.5
87664.5
90953.2
94283.3
97648.1
101041
104455
107884
111322
114771
118233
121710
125206
128722
132260
135821
139404
143009
146633
150274
153929
157593
161263
164930
168590
172234
175854
179440
182982
186469
189888
193230
196481
199629
202662
205569
208337
210954
213409
215690
217786
219684
221372
222838
224068
225047
225760
226190
226320
226129
225597
224704
223427
221755
219687
217223
214366
211122
207500
203509
199162
194474
189460
184133
178503
172570
166318
159711
152684
145131
136903
127808
117612
106054
92882.2
77955.6
61475.7
44603.6
31115.4
1946.86
6075.9
10882.3
15530
19643.2
23197
26247.7
28874.9
31156.6
33160.9
34943.7
36549.2
38012
39358.7
40609.6
41780.5
42883
43926.2
44916.9
45860.5
46760.9
47621.2
48443.9
49231.3
49986.7
50712.8
51412
52086.1
52736.4
53363.8
53968.5
54550.5
55109.5
55644.8
56155.6
56640.7
57099.2
57529.7
57931.3
58302.7
58643.1
58951.7
59227.7
59470.6
59680.3
59856.7
59999.8
60110
60187.7
60233.6
60248.3
60232.8
60188
60115.1
60015.2
59889.5
59739
59564.7
59367.5
59148
58906.6
58643.5
58358.6
58051.5
57721.6
57369
56993.9
56596.3
56176.4
55734.2
55269.9
54783.5
54274.8
53743.8
53190.4
52614.2
52014.9
51392.1
50745.5
50074.4
49378.6
48657.6
47911.4
47142.4
46354.5
45552.7
44743.4
43933.7
43132.4
42348.7
41593.6
40879
40217.8
39624.4
39114.4
38704.2
38411
38251.5
38241.5
38394.8
38722.4
39231
39923.2
40799.1
41859
43099.6
44515
46096.7
47834.8
49719
51739.1
53885.4
56148.4
58519.4
60990.1
63552.7
66200
68924.7
71719.9
74579.1
77495.7
80463.2
83475.4
86526
89608.9
92718.2
95847.8
98992
102145
105301
108460
111625
114801
117991
121200
124429
127681
130957
134256
137579
140923
144285
147664
151053
154450
157847
161238
164616
167971
171294
174574
177800
180962
184047
187044
189942
192729
195394
197927
200317
202554
204626
206523
208235
209750
211055
212138
212984
213576
213898
213929
213650
213039
212074
210746
209053
206997
204579
201802
198670
195191
191369
187215
182736
177938
172824
167389
161615
155469
148895
141810
134100
125621
116227
105781
94198.4
81568.7
68375.8
55910.6
46932.4
1790.41
5656.37
10295.9
14640.7
18429.1
21665.4
24423.7
26790.3
28843.4
30647.4
32253.7
33701.7
35022.2
36238.2
37367.7
38424.4
39418.8
40358.9
41251
42099.9
42909.5
43682.7
44421.8
45129
45808
46461.7
47092.5
47702.5
48292.8
48864.2
49417
49950.9
50465.5
50959.9
51433
51883.5
52310.1
52711.6
53086.4
53433.4
53751.5
54039.6
54297
54523.1
54717.6
54880.6
55012.1
55112.5
55182.4
55222.2
55232.9
55215.5
55171.1
55101
55006.5
54888.8
54749.3
54589
54408.8
54209.4
53991.4
53754.7
53499.2
53224.4
52929.3
52613.9
52278
51921.6
51544.4
51146.5
50727.4
50286.8
49824.5
49339.9
48832.7
48302.2
47748
47169.7
46566.6
45938.3
45284.2
44603.9
43897.5
43167.1
42417.2
41653.5
40882.5
40112.1
39351.2
38609.5
37897.9
37228.1
36613.1
36066.7
35603.8
35240.3
34992
34874.7
34902.5
35087.5
35438.6
35960.4
36653.4
37514.8
38544.2
39737.9
41089.8
42591.6
44232.9
46003.7
47893.9
49893.9
51994.5
54187.2
56464
58817.5
61240.5
63726.5
66269.3
68862.8
71501.4
74179.5
76891.8
79633
82398
85181.8
87979.3
90785.3
93594.6
96401.7
99202.6
102002
104807
107621
110450
113299
116170
119065
121985
124931
127901
130893
133906
136935
139977
143028
146081
149131
152168
155186
158172
161118
164013
166847
169608
172286
174871
177354
179724
181973
184091
186070
187900
189573
191078
192406
193543
194479
195197
195680
195910
195867
195527
194869
193886
192578
190946
188992
186716
184120
181204
177973
174428
170572
166405
161927
157127
151991
146489
140580
134203
127280
119720
111443
102421
92690.1
82466.3
72309.5
63356.6
57548.8
1639.57
5221.31
9517.8
13411.1
16732.7
19528.2
21890.8
23911.1
25663.8
27206.8
28584.2
29829.2
30966.8
32016
32991.4
33904.2
34763.1
35574.9
36345
37077.5
37775.6
38442
39078.6
39687.3
40272.1
40836
41381.7
41911
42425.1
42924.8
43410
43880.6
44335.8
44774.7
45195.9
45598.2
45980.1
46340
46676.5
46988.2
47274
47532.7
47763.4
47965.7
48139.1
48283.7
48399.7
48487.6
48547.7
48580.7
48587.5
48569
48526.7
48461.9
48375.8
48270
48145.7
48004.1
47846.1
47672.5
47483.7
47279.9
47060.6
46825.1
46572.4
46301.9
46013.5
45707
45382.1
45038.5
44675.6
44292.9
43889.8
43465.5
43019.6
42551.2
42059.7
41544.7
41005.4
40441.4
39852
39236.5
38594.5
37928.2
37242.3
36542.8
35836.6
35131.8
34437.2
33762.3
33117.7
32514.6
31964.8
31481.2
31077.7
30768.7
30568.7
30491.5
30549.4
30752.4
31107
31615.9
32277.3
33085.3
34039
35135.4
36368.7
37731.5
39214.1
40806.5
42499.4
44284.1
46152
48095.2
50106.5
52178.9
54306.1
56482.3
58702
60960.1
63251.9
65572.7
67918.3
70284.5
72667.3
75062.6
77466.3
79874.1
82281.1
84682.1
87067.8
89443.9
91817.8
94196.8
96587.4
98995
101423
103876
106354
108858
111389
113944
116521
119118
121731
124359
126995
129637
132275
134904
137513
140094
142638
145134
147573
149947
152246
154462
156587
158614
160534
162341
164029
165589
167014
168297
169426
170392
171181
171777
172162
172315
172213
171834
171172
170232
169016
167524
165756
163712
161389
158785
155901
152733
149279
145534
141488
137128
132433
127373
121909
115996
109582
102643
95217.3
87401.1
79443.2
71842.4
65457
61523
1480.29
4732.38
8498.92
11770.5
14478.7
16718.1
18596.2
20200.5
21596
22830.1
23936.9
24941.7
25863
26715.1
27508.6
28252
28951.9
29613.6
30241.3
30838.3
31407.2
31949.8
32467.4
32961.6
33436.5
33895.4
34340.8
34774.4
35197.5
35610.5
36013.4
36405.8
36786.9
37155.7
37510.9
37851.1
38174.8
38480.5
38766.6
39031.9
39275
39495
39690.9
39862.1
40008.3
40129.5
40226.2
40298.9
40347.9
40373.5
40376.7
40358.5
40320.3
40263.4
40189.1
40099
39994.2
39875.9
39745
39602.3
39448.3
39282.9
39105.7
38915.7
38711.7
38492.8
38258.9
38010
37745.7
37465.5
37168.8
36854.8
36522.9
36172.2
35802
35411.5
35000.2
34567.4
34112.5
33634.9
33133.9
32608.3
32057.1
31481.9
30887.8
30281
29668.3
29057.5
28456.9
27875.6
27322.9
26808.8
26343.6
25938.4
25605.4
25357.2
25206.4
25164.4
25241.1
25444.4
25778.5
26244.2
26837.7
27549.2
28378.6
29324
30381.3
31543.9
32804.2
34152.1
35579.9
37080
38645.3
40268.9
41944.5
43666.3
45428.8
47227.3
49057.2
50914.5
52795.5
54696.7
56614.9
58547
60490.2
62441.4
64397.6
66355.3
68310.5
70258.5
72183.3
74089.5
75986.4
77883.6
79788.9
81708.4
83646.9
85607.6
87592.9
89604.3
91642
93704.4
95788.7
97892.6
100014
102151
104301
106461
108627
110790
112944
115081
117191
119268
121303
123288
125217
127082
128877
130597
132236
133789
135251
136617
137882
139039
140083
141004
141791
142431
142906
143197
143277
143122
142732
142116
141278
140219
138938
137433
135699
133734
131531
129089
126400
123458
120256
116783
113023
108961
104574
99839.3
94733.5
89271.6
83516.5
77580.2
71683.2
66206.3
61733.3
59014.5
1285.14
4103.99
7135.6
9604.78
11571.2
13170
14506.8
15653.4
16658.1
17553.6
18362.8
19102.1
19783.3
20415.7
21006.2
21560.5
22082.9
22577.3
23046.4
23492.9
23918.3
24323.8
24709.5
25076.4
25429
25770.5
26103.3
26428.8
26748
27061.2
27368.2
27668.7
27961.8
28246.6
28521.8
28786.2
29038.5
29277.1
29500.7
29708.2
29898.3
30070.2
30223.1
30356.1
30468.9
30561.9
30635.8
30691.2
30727.9
30746.1
30746.5
30730.1
30698.3
30652.3
30593.4
30522.8
30441.6
30350.9
30251.5
30144.2
30029.3
29906.8
29776.2
29636.5
29486
29323.6
29149.7
28964.3
28767.2
28557.7
28335.4
28099.4
27849
27583.5
27302.2
27004.3
26689.3
26356.6
26005.8
25636.3
25247.3
24837.2
24403.6
23947.5
23474.3
22990.3
22501.6
22015
21537.7
21077.6
20642.5
20240.1
19878.5
19566.3
19313.5
19130.5
19027.2
19012.5
19093.5
19275.6
19561.4
19950.3
20437
21007.7
21663.1
22404
23228.3
24131.4
25107.1
26147.8
27245.9
28396
29592.9
30831.5
32106.7
33414
34749.3
36109
37489.8
38888.8
40303.3
41731.1
43170.1
44618.1
46073.5
47534.3
48998.6
50464
51927.3
53383.5
54818.5
56223.1
57611.4
58996.1
60386.2
61787.7
63205
64641.5
66099.7
67581.5
69088.2
70619
72169.4
73735.4
75315.3
76908.2
78514.5
80134.1
81763.8
83397.3
85028.1
86649.3
88254.5
89837.3
91391.6
92911.6
94391.6
95826.6
97212.3
98544.6
99819.9
101035
102187
103274
104292
105237
106106
106893
107590
108187
108669
109015
109200
109193
109001
108639
108115
107432
106586
105576
104397
103043
101511
99793.7
97886.4
95782.9
93476.3
90959.2
88223.4
85260.4
82061.2
78616.3
74917.1
71001.2
66928.6
62797.2
58771.8
55107.8
52161.2
50348.5
1035.12
3224.81
5265.58
6786.06
7949.96
8890.45
9683.42
10372.5
10984.5
11536.5
12040.3
12504.3
12934.6
13336
13712.1
14066
14400.3
14717
15018
15304.8
15578.3
15838.8
16085.5
16318
16541.4
16758.6
16971.5
17180.8
17387.3
17590.9
17791.7
17989.1
18182.6
18371.4
18554.5
18730.9
18899.6
19059.5
19209.6
19348.8
19476.4
19591.7
19694.1
19782.7
19856.9
19917.8
19966.2
20002.3
20026.4
20037.5
20036.2
20023.6
20000.9
19969
19928.9
19881.4
19827.5
19767.9
19703.2
19634.1
19561
19483.7
19401.9
19314.5
19219.7
19116.3
19005.2
18886.6
18760.4
18626.2
18483.4
18331.5
18169.9
17998.1
17815.4
17621.3
17415.4
17197.4
16966.9
16723.5
16466.7
16194.7
15903.7
15593.2
15269.7
14938.3
14603.7
14270.8
13945.3
13633
13339.8
13070
12828.7
12621.6
12456
12339.8
12280
12281.8
12349.6
12486.6
12694.2
12971
13311.5
13702.1
14139.7
14630.2
15173.8
15767.6
16407.8
17089.4
17806.4
18554.8
19331.9
20134.6
20959.7
21804.2
22665.7
23541.7
24430.5
25330.2
26239.4
27156.8
28081.3
29011.7
29947.3
30887.2
31830.3
32775.5
33721
34663.1
35594.3
36484.6
37354.8
38220.6
39090.1
39968.1
40857.7
41761.3
42681.1
43619.2
44578
45559
46557.6
47564.5
48577.5
49596.3
50624.2
51665.5
52719.1
53778.7
54838.7
55894.2
56940.9
57974.3
58990.5
59985.4
60955.3
61897.1
62808.1
63686
64528.9
65335.2
66103.7
66833.2
67522.7
68170.8
68775.9
69335.2
69844.5
70297.6
70684.6
70989.6
71186.5
71234.6
71151.1
70959.8
70669.3
70281.3
69794.4
69205.8
68512.2
67709.6
66793.8
65760.6
64605.5
63323.9
61911.4
60363.6
58676.8
56848.2
54875.7
52756.2
50487.2
48109.9
45667.3
43226.8
40891.6
38805.9
37150.8
36096.2
731.149
1918.23
2762.1
3358.31
3810.77
4185.74
4510.43
4798.55
5058.9
5297.16
5517.07
5721.37
5912.13
6091.02
6259.37
6418.35
6568.92
6711.95
6848.17
6978.22
7102.55
7221.23
7332.79
7436.17
7535.91
7633.51
7729.62
7824.66
7918.82
8012.15
8104.53
8195.74
8285.45
8373.23
8458.62
8541.07
8620.06
8695.01
8765.38
8830.61
8890.41
8944.49
8992.47
9033.69
9067.46
9095.4
9117.66
9134.34
9145.48
9150.74
9149.5
9142.93
9131.75
9116.43
9097.42
9075.18
9050.13
9022.65
8993.05
8961.75
8929.05
8894.84
8858.76
8820.54
8778.58
8731.85
8681.62
8628.11
8571.21
8510.67
8446.25
8377.65
8304.58
8226.75
8143.86
8055.68
7961.98
7862.6
7757.41
7646.28
7528.97
7404.62
7269.34
7121.77
6967.8
6810.03
6650.66
6492.05
6337.05
6189.4
6052
5925.87
5812.61
5715.43
5638.15
5585.53
5561.24
5566.84
5603.95
5673.85
5777.04
5913.07
6079.56
6265.54
6465.63
6688.49
6934.76
7203.19
7492.05
7799.42
8122.92
8459.12
8806.89
9165.83
9534.61
9912.01
10296.9
10688.5
11085.9
11488.7
11896.2
12308
12723.8
13143.1
13565.8
13991.5
14420.1
14851.3
15284.6
15719.4
16155.4
16558.8
16946.5
17332.8
17722.3
18116.4
18516.5
18923.7
19339
19763.5
20199.6
20652
21118.3
21588.5
22056
22519.5
22984.4
23459.9
23945.5
24434.6
24923.6
25410.3
25892.6
26368.3
26835.8
27292.9
27737.8
28169.1
28585.6
28986.5
29370.9
29738.3
30088.5
30421.2
30736.3
31033.6
31312.8
31573.3
31813.8
32032.3
32225.3
32385.9
32499.8
32522.7
32477.8
32387.1
32255.1
32082.4
31868.3
31611.7
31311
30964.5
30570.4
30126.9
29631.9
29083.5
28479.8
27819.1
27100.7
26324.2
25489.3
24591.7
23638.1
22651.9
21653.1
20672.2
19754.2
18957.7
18345.2
17928.7
203.673
300.226
376.305
435.225
484.72
527.183
564.718
598.692
629.752
658.372
684.927
709.655
732.802
754.546
775.033
794.386
812.715
830.121
846.695
862.521
877.667
892.178
906.207
920.053
933.478
946.525
959.238
971.65
983.779
995.63
1007.2
1018.46
1029.4
1039.98
1050.17
1059.92
1069.19
1077.95
1086.14
1093.72
1100.68
1106.98
1112.59
1117.5
1121.74
1125.25
1128.03
1130.13
1131.54
1132.29
1132.41
1131.92
1130.85
1129.25
1127.16
1124.61
1121.64
1118.3
1114.6
1110.57
1106.26
1101.65
1096.74
1091.53
1086.15
1080.54
1074.6
1068.3
1061.59
1054.46
1046.86
1038.75
1030.08
1020.8
1010.86
1000.22
988.842
976.693
963.75
949.998
935.419
919.98
904.024
887.707
870.812
853.459
835.816
818.087
800.522
783.436
767.146
751.91
738.139
726.457
717.084
710.44
706.901
706.717
710.077
717.089
727.768
742.053
759.888
781.845
807.18
835.227
865.857
898.85
933.909
970.795
1009.61
1050.49
1093.03
1136.77
1181.54
1227.05
1273.37
1320.44
1368.21
1416.61
1465.6
1515.12
1565.13
1615.62
1666.55
1717.91
1769.68
1821.86
1874.42
1927.34
1980.67
2035.85
2091.85
2148.4
2205.64
2263.65
2322.52
2382.31
2443.09
2504.9
2567.85
2632.13
2697.58
2763.88
2831.16
2898.94
2966.64
3034.68
3102.81
3170.54
3237.51
3303.41
3367.94
3430.82
3491.8
3550.61
3607.01
3660.81
3711.8
3759.85
3804.78
3846.49
3884.84
3919.74
3951.08
3978.75
4002.64
4022.61
4038.49
4050.12
4057.3
4059.96
4058.54
4055.57
4049.1
4037.77
4021.82
4001.07
3975.44
3944.79
3908.97
3867.83
3821.2
3768.92
3710.85
3646.83
3576.68
3500.02
3415.79
3324.72
3227.67
3125.88
3023.75
2920.44
2816.75
2715.81
2625.19
2549.21
2505.83
2491.51
)
;

boundaryField
{
    walls
    {
        type            nutkWallFunction;
        Cmu             0.09;
        kappa           0.41;
        E               9.8;
        value           nonuniform List<scalar> 
400
(
10.3811
14.7338
18.0726
20.5917
22.688
24.4918
26.0976
27.5693
28.9351
30.2208
31.4471
32.6265
33.7664
34.8716
35.945
36.9882
38.0014
38.9839
39.9347
40.8522
41.7347
42.5808
43.3986
44.1841
44.929
45.6343
46.3005
46.928
47.5176
48.07
48.5864
49.068
49.5162
49.9325
50.3184
50.6755
51.0054
51.3098
51.5902
51.8477
52.0831
52.2973
52.4909
52.6658
52.8232
52.9611
53.0789
53.1759
53.252
53.3086
53.3446
53.3573
53.3455
53.3083
53.245
53.1544
53.0357
52.8884
52.7116
52.5046
52.2669
51.9994
51.7026
51.3757
51.0276
50.6556
50.259
49.841
49.4045
48.9521
48.4868
48.0122
47.5316
47.0482
46.5649
46.084
45.6076
45.1371
44.6729
44.2148
43.7618
43.3131
42.8823
42.463
42.0405
41.615
41.1854
40.7506
40.3091
39.8586
39.3977
38.9341
38.4742
38.0308
37.6063
37.1998
36.8134
36.461
36.1552
35.909
35.7363
35.6505
35.6639
35.829
36.1567
36.6375
37.2849
38.113
39.1347
40.3549
41.7744
43.4131
45.2174
47.195
49.3442
51.6526
54.104
56.684
59.3795
62.1783
65.0693
68.0423
71.0878
74.1969
77.3615
80.5737
83.8266
87.1136
90.4293
93.7747
97.1902
100.638
104.09
107.548
111.012
114.477
117.939
121.394
124.836
128.262
131.663
135.029
138.346
141.634
144.901
148.165
151.379
154.521
157.561
160.512
163.371
166.133
168.79
171.334
173.758
176.053
178.211
180.224
182.082
183.775
185.293
186.625
187.76
188.686
189.39
189.86
190.081
190.038
189.717
189.1
188.173
186.916
185.312
183.335
180.981
178.41
175.46
172.092
168.295
164.067
159.408
154.326
148.829
142.935
136.678
130.111
123.332
116.502
109.763
102.843
96.601
90.9832
85.7606
80.4611
74.4242
66.9978
57.9067
46.4599
32.0102
15.7417
10.4103
15.0473
18.6498
21.416
23.7262
25.6995
27.4376
29.0062
30.4367
31.752
32.9699
34.1022
35.1604
36.1532
37.0873
37.9686
38.8025
39.5936
40.3461
41.0641
41.7507
42.4079
43.0429
43.6692
44.2761
44.8655
45.4396
45.9997
46.5467
47.0809
47.602
48.1093
48.6017
49.0778
49.5359
49.9743
50.391
50.7841
51.1518
51.4923
51.8044
52.087
52.3388
52.5589
52.7489
52.906
53.0308
53.1246
53.1877
53.2213
53.2266
53.2044
53.1564
53.0846
52.9907
52.8764
52.7434
52.5932
52.4271
52.2467
52.053
51.8462
51.626
51.3922
51.1505
50.8985
50.6317
50.3489
50.0475
49.7268
49.3854
49.0209
48.6309
48.2133
47.7658
47.2866
46.7738
46.2261
45.6422
45.0214
44.3627
43.6648
42.9427
42.2037
41.4379
40.6506
39.8493
39.0433
38.2438
37.4653
36.7222
36.0264
35.3966
34.8618
34.432
34.1268
33.9635
33.9536
34.1059
34.4251
34.9117
35.5626
36.375
37.3745
38.5263
39.7996
41.1882
42.6815
44.2657
45.9299
47.678
49.5165
51.4258
53.3856
55.3879
57.4201
59.4848
61.5798
63.7026
65.8502
68.0203
70.211
72.4205
74.6476
76.8912
79.1508
81.4258
83.7155
86.0192
88.3358
90.668
93.0791
95.5222
97.9867
100.478
103.001
105.558
108.153
110.788
113.465
116.189
118.967
121.794
124.654
127.554
130.471
133.383
136.307
139.231
142.136
145.006
147.827
150.587
153.275
155.879
158.388
160.794
163.086
165.258
167.303
169.214
170.987
172.617
174.099
175.429
176.603
177.616
178.463
179.136
179.628
179.932
180.044
179.983
179.857
179.581
179.1
178.423
177.542
176.454
175.154
173.633
171.886
169.904
167.682
165.212
162.488
159.5
156.232
152.639
148.749
144.599
140.239
135.858
131.422
126.963
122.616
118.708
115.426
113.553
112.936
)
;
    }
    inlet
    {
        type            calculated;
        value           nonuniform List<scalar> 
20
(
5.89052e-010
3.46324e-010
2.80655e-010
2.75995e-010
3.20759e-010
3.99394e-010
5.37024e-010
7.77515e-010
1.22482e-009
1.94131e-009
1.84549e-009
1.13875e-009
7.27944e-010
5.05445e-010
3.77544e-010
3.04832e-010
2.63747e-010
2.69348e-010
3.34323e-010
5.59584e-010
)
;
    }
    outlet
    {
        type            calculated;
        value           nonuniform List<scalar> 
20
(
3.59684e-012
3.35561e-012
3.51729e-012
3.93559e-012
4.56291e-012
5.44065e-012
6.66098e-012
8.24595e-012
9.51643e-012
9.41983e-012
8.56787e-012
31115.4
46932.4
57548.8
61523
59014.5
50348.5
36096.2
17928.7
2491.51
)
;
    }
    frontAndBack
    {
        type            empty;
    }
}


// ************************************************************************* //
