/*--------------------------------*- C++ -*----------------------------------*\
| =========                 |                                                 |
| \\      /  F ield         | OpenFOAM: The Open Source CFD Toolbox           |
|  \\    /   O peration     | Version:  5.x                                   |
|   \\  /    A nd           | Web:      www.OpenFOAM.org                      |
|    \\/     M anipulation  |                                                 |
\*---------------------------------------------------------------------------*/
/*   Windows 32 and 64 bit porting by blueCAPE: http://www.bluecape.com.pt   *\
|  Based on Windows porting (2.0.x v4) by Symscape: http://www.symscape.com   |
\*---------------------------------------------------------------------------*/
FoamFile
{
    version     2.0;
    format      ascii;
    class       volScalarField;
    location    "3000";
    object      omega;
}
// * * * * * * * * * * * * * * * * * * * * * * * * * * * * * * * * * * * * * //

dimensions      [0 0 -1 0 0 0 0];

internalField   nonuniform List<scalar> 
4000
(
6.46323e+008
9.33557e+008
1.15624e+009
1.32503e+009
1.46578e+009
1.58696e+009
1.69483e+009
1.79365e+009
1.88527e+009
1.97145e+009
2.05356e+009
2.13246e+009
2.20862e+009
2.28237e+009
2.35391e+009
2.42333e+009
2.49064e+009
2.5558e+009
2.61872e+009
2.6793e+009
2.73741e+009
2.79295e+009
2.84649e+009
2.89775e+009
2.94616e+009
2.99178e+009
3.03465e+009
3.0748e+009
3.11229e+009
3.14718e+009
3.17954e+009
3.20946e+009
3.23704e+009
3.26239e+009
3.28562e+009
3.30685e+009
3.32617e+009
3.34371e+009
3.35959e+009
3.37387e+009
3.38662e+009
3.3979e+009
3.40777e+009
3.41633e+009
3.42369e+009
3.42971e+009
3.43436e+009
3.43758e+009
3.43938e+009
3.43985e+009
3.43893e+009
3.43643e+009
3.43229e+009
3.42644e+009
3.41883e+009
3.4094e+009
3.39811e+009
3.3849e+009
3.36975e+009
3.3526e+009
3.33344e+009
3.31231e+009
3.28927e+009
3.26427e+009
3.23791e+009
3.21003e+009
3.18056e+009
3.14974e+009
3.11777e+009
3.08481e+009
3.05108e+009
3.01681e+009
2.98223e+009
2.94754e+009
2.91294e+009
2.87858e+009
2.84459e+009
2.81107e+009
2.77804e+009
2.74549e+009
2.71334e+009
2.68155e+009
2.65099e+009
2.62126e+009
2.59138e+009
2.56138e+009
2.53118e+009
2.50071e+009
2.46989e+009
2.43855e+009
2.40661e+009
2.37457e+009
2.34284e+009
2.31221e+009
2.28287e+009
2.25474e+009
2.22794e+009
2.20336e+009
2.18178e+009
2.16401e+009
2.15092e+009
2.14334e+009
2.14203e+009
2.15031e+009
2.16883e+009
2.19696e+009
2.23556e+009
2.28553e+009
2.34767e+009
2.42231e+009
2.5095e+009
2.61055e+009
2.72202e+009
2.84451e+009
2.97788e+009
3.12138e+009
3.27399e+009
3.43484e+009
3.60307e+009
3.77793e+009
3.95872e+009
4.14479e+009
4.33552e+009
4.53036e+009
4.72876e+009
4.93024e+009
5.13432e+009
5.34058e+009
5.54866e+009
5.75863e+009
5.97313e+009
6.18961e+009
6.40625e+009
6.62329e+009
6.84057e+009
7.05785e+009
7.27485e+009
7.49126e+009
7.70678e+009
7.92106e+009
8.13364e+009
8.34373e+009
8.55057e+009
8.75542e+009
8.95875e+009
9.16164e+009
9.36114e+009
9.55578e+009
9.74361e+009
9.92552e+009
1.01013e+010
1.02706e+010
1.04329e+010
1.05878e+010
1.07346e+010
1.0873e+010
1.10024e+010
1.11222e+010
1.12318e+010
1.13306e+010
1.1418e+010
1.14933e+010
1.15558e+010
1.16047e+010
1.16393e+010
1.16588e+010
1.16622e+010
1.16487e+010
1.16174e+010
1.15673e+010
1.14974e+010
1.14066e+010
1.12938e+010
1.11576e+010
1.09976e+010
1.08243e+010
1.06273e+010
1.04044e+010
1.01549e+010
9.87899e+009
9.57679e+009
9.24885e+009
8.89603e+009
8.51963e+009
8.12186e+009
7.70638e+009
7.27942e+009
6.851e+009
6.43009e+009
6.00013e+009
5.61337e+009
5.26659e+009
4.94549e+009
4.62135e+009
4.25461e+009
3.80704e+009
3.264e+009
2.58802e+009
1.74838e+009
8.27934e+008
6.15697e+008
4.50471e+008
4.60852e+008
4.96705e+008
5.37246e+008
5.76222e+008
6.12685e+008
6.46799e+008
6.78839e+008
7.09079e+008
7.37685e+008
7.64812e+008
7.90635e+008
8.15272e+008
8.38808e+008
8.61309e+008
8.8283e+008
9.03412e+008
9.23098e+008
9.41923e+008
9.59935e+008
9.77245e+008
9.94287e+008
1.01094e+009
1.02684e+009
1.04195e+009
1.05625e+009
1.06976e+009
1.08249e+009
1.09445e+009
1.10567e+009
1.11616e+009
1.12594e+009
1.13504e+009
1.14348e+009
1.15127e+009
1.15843e+009
1.16499e+009
1.17096e+009
1.17635e+009
1.18117e+009
1.18544e+009
1.18918e+009
1.19244e+009
1.19522e+009
1.1974e+009
1.19898e+009
1.19998e+009
1.2004e+009
1.2003e+009
1.19971e+009
1.19857e+009
1.19685e+009
1.19456e+009
1.19167e+009
1.1882e+009
1.18412e+009
1.17945e+009
1.17417e+009
1.1683e+009
1.16182e+009
1.15476e+009
1.14715e+009
1.13905e+009
1.13073e+009
1.12216e+009
1.11319e+009
1.10379e+009
1.09396e+009
1.08375e+009
1.07316e+009
1.06221e+009
1.05091e+009
1.03927e+009
1.02731e+009
1.01505e+009
1.0025e+009
9.89669e+008
9.76583e+008
9.63261e+008
9.49743e+008
9.36165e+008
9.23153e+008
9.10768e+008
8.98488e+008
8.86212e+008
8.73928e+008
8.61651e+008
8.49404e+008
8.37219e+008
8.25149e+008
8.13299e+008
8.01788e+008
7.90878e+008
7.80724e+008
7.71389e+008
7.63013e+008
7.55817e+008
7.50052e+008
7.46e+008
7.43977e+008
7.44368e+008
7.47775e+008
7.55744e+008
7.68844e+008
7.86151e+008
8.0765e+008
8.33399e+008
8.633e+008
8.97446e+008
9.36309e+008
9.79079e+008
1.02532e+009
1.07457e+009
1.12615e+009
1.17966e+009
1.23489e+009
1.29158e+009
1.34945e+009
1.40832e+009
1.46797e+009
1.52824e+009
1.58903e+009
1.65023e+009
1.71177e+009
1.7736e+009
1.8357e+009
1.89809e+009
1.96089e+009
2.02451e+009
2.09053e+009
2.15899e+009
2.22805e+009
2.29735e+009
2.36678e+009
2.43627e+009
2.50575e+009
2.57515e+009
2.64441e+009
2.71344e+009
2.78218e+009
2.85054e+009
2.91851e+009
2.98636e+009
3.05371e+009
3.12019e+009
3.18556e+009
3.24959e+009
3.31207e+009
3.37293e+009
3.43203e+009
3.48923e+009
3.54438e+009
3.59731e+009
3.64784e+009
3.69582e+009
3.74107e+009
3.78341e+009
3.82267e+009
3.85865e+009
3.89117e+009
3.92005e+009
3.94508e+009
3.96607e+009
3.98281e+009
3.99511e+009
4.00273e+009
4.00547e+009
4.00311e+009
3.99541e+009
3.98214e+009
3.96309e+009
3.93808e+009
3.90721e+009
3.87172e+009
3.8389e+009
3.80354e+009
3.76333e+009
3.71723e+009
3.66462e+009
3.60495e+009
3.53768e+009
3.46221e+009
3.37796e+009
3.28412e+009
3.17972e+009
3.06324e+009
2.93222e+009
2.78645e+009
2.62939e+009
2.46333e+009
2.29241e+009
2.10659e+009
1.89886e+009
1.66946e+009
1.43058e+009
1.21312e+009
1.02333e+009
8.64942e+008
7.72679e+008
7.28707e+008
4.23217e+008
3.66792e+008
3.63769e+008
3.76161e+008
3.93607e+008
4.12618e+008
4.31866e+008
4.508e+008
4.69179e+008
4.86888e+008
5.03885e+008
5.2017e+008
5.35759e+008
5.50673e+008
5.64934e+008
5.78568e+008
5.91604e+008
6.04071e+008
6.16005e+008
6.27451e+008
6.38486e+008
6.49246e+008
6.59712e+008
6.69768e+008
6.79371e+008
6.88512e+008
6.97189e+008
7.05409e+008
7.13179e+008
7.20507e+008
7.274e+008
7.33868e+008
7.39916e+008
7.45553e+008
7.50785e+008
7.55617e+008
7.60056e+008
7.64107e+008
7.67772e+008
7.71057e+008
7.73966e+008
7.76506e+008
7.78688e+008
7.80515e+008
7.8195e+008
7.82983e+008
7.83622e+008
7.83874e+008
7.83769e+008
7.83305e+008
7.82473e+008
7.81266e+008
7.79685e+008
7.7773e+008
7.75401e+008
7.727e+008
7.6963e+008
7.66194e+008
7.62398e+008
7.58249e+008
7.53757e+008
7.48947e+008
7.43864e+008
7.38596e+008
7.33132e+008
7.27428e+008
7.21464e+008
7.15231e+008
7.08732e+008
7.01968e+008
6.94936e+008
6.87637e+008
6.80072e+008
6.72244e+008
6.64158e+008
6.55821e+008
6.47245e+008
6.38446e+008
6.29454e+008
6.20321e+008
6.11153e+008
6.02169e+008
5.93402e+008
5.84716e+008
5.76064e+008
5.67442e+008
5.58868e+008
5.50373e+008
5.41997e+008
5.33793e+008
5.25831e+008
5.18193e+008
5.11006e+008
5.04413e+008
4.98498e+008
4.93373e+008
4.89184e+008
4.86098e+008
4.84312e+008
4.84055e+008
4.85612e+008
4.89388e+008
4.9603e+008
5.05726e+008
5.18306e+008
5.33741e+008
5.52026e+008
5.7314e+008
5.97123e+008
6.23727e+008
6.52616e+008
6.83499e+008
7.16047e+008
7.49912e+008
7.8482e+008
8.20574e+008
8.57003e+008
8.9396e+008
9.31328e+008
9.69011e+008
1.00694e+009
1.04507e+009
1.08338e+009
1.12185e+009
1.1605e+009
1.19936e+009
1.23848e+009
1.27801e+009
1.31818e+009
1.35975e+009
1.40227e+009
1.44528e+009
1.48855e+009
1.53201e+009
1.57559e+009
1.61925e+009
1.66296e+009
1.70668e+009
1.75038e+009
1.79403e+009
1.83761e+009
1.88118e+009
1.92456e+009
1.96748e+009
2.00987e+009
2.0516e+009
2.09259e+009
2.13272e+009
2.17192e+009
2.21008e+009
2.24711e+009
2.28289e+009
2.31733e+009
2.35032e+009
2.38174e+009
2.41149e+009
2.43945e+009
2.46552e+009
2.48959e+009
2.51153e+009
2.53125e+009
2.54863e+009
2.56357e+009
2.57594e+009
2.58565e+009
2.59257e+009
2.59662e+009
2.59767e+009
2.59564e+009
2.59043e+009
2.58199e+009
2.57036e+009
2.55579e+009
2.53916e+009
2.52229e+009
2.504e+009
2.4834e+009
2.45987e+009
2.43295e+009
2.40222e+009
2.36723e+009
2.32749e+009
2.2824e+009
2.2312e+009
2.17293e+009
2.10636e+009
2.03009e+009
1.94338e+009
1.84647e+009
1.73956e+009
1.62216e+009
1.49672e+009
1.36479e+009
1.23277e+009
1.1135e+009
1.02528e+009
9.87413e+008
1.02245e+009
1.14999e+009
8.02767e+008
4.37259e+008
3.48222e+008
3.25323e+008
3.2357e+008
3.30362e+008
3.40975e+008
3.53328e+008
3.66405e+008
3.79671e+008
3.92829e+008
4.0571e+008
4.1822e+008
4.3031e+008
4.41955e+008
4.53146e+008
4.63887e+008
4.74188e+008
4.84068e+008
4.93548e+008
5.02662e+008
5.11452e+008
5.19975e+008
5.28232e+008
5.36177e+008
5.43788e+008
5.51055e+008
5.57975e+008
5.6455e+008
5.70783e+008
5.76679e+008
5.82241e+008
5.87474e+008
5.9238e+008
5.96963e+008
6.01226e+008
6.05171e+008
6.08801e+008
6.12116e+008
6.1512e+008
6.17812e+008
6.20196e+008
6.22273e+008
6.24046e+008
6.25513e+008
6.26669e+008
6.27503e+008
6.28018e+008
6.28224e+008
6.28129e+008
6.27734e+008
6.27038e+008
6.26042e+008
6.24748e+008
6.23156e+008
6.2127e+008
6.19094e+008
6.1663e+008
6.13885e+008
6.10863e+008
6.07573e+008
6.04025e+008
6.00236e+008
5.96234e+008
5.92055e+008
5.87697e+008
5.83144e+008
5.78387e+008
5.73417e+008
5.68233e+008
5.62831e+008
5.57209e+008
5.51365e+008
5.45299e+008
5.39013e+008
5.32509e+008
5.25794e+008
5.1888e+008
5.11784e+008
5.04532e+008
4.97169e+008
4.89762e+008
4.8241e+008
4.75139e+008
4.67914e+008
4.60721e+008
4.53566e+008
4.46469e+008
4.39459e+008
4.32575e+008
4.25865e+008
4.1939e+008
4.1322e+008
4.07442e+008
4.02179e+008
3.97518e+008
3.93565e+008
3.90442e+008
3.88291e+008
3.87277e+008
3.87589e+008
3.89451e+008
3.9313e+008
3.99005e+008
4.07143e+008
4.1755e+008
4.30226e+008
4.45165e+008
4.62351e+008
4.81674e+008
5.02905e+008
5.25835e+008
5.50233e+008
5.75858e+008
6.02474e+008
6.29882e+008
6.57921e+008
6.8646e+008
7.15392e+008
7.44638e+008
7.74137e+008
8.03849e+008
8.33752e+008
8.63839e+008
8.94117e+008
9.24608e+008
9.55352e+008
9.86413e+008
1.01789e+009
1.04993e+009
1.08278e+009
1.11624e+009
1.15009e+009
1.18424e+009
1.2186e+009
1.25312e+009
1.28779e+009
1.32255e+009
1.35739e+009
1.39227e+009
1.42718e+009
1.46212e+009
1.49701e+009
1.53165e+009
1.56595e+009
1.59984e+009
1.63324e+009
1.66607e+009
1.69825e+009
1.72971e+009
1.76035e+009
1.79011e+009
1.81889e+009
1.84661e+009
1.87317e+009
1.8985e+009
1.9225e+009
1.94508e+009
1.96617e+009
1.98566e+009
2.00349e+009
2.01955e+009
2.03378e+009
2.04608e+009
2.05639e+009
2.06462e+009
2.0707e+009
2.07457e+009
2.07616e+009
2.07542e+009
2.07232e+009
2.06685e+009
2.0591e+009
2.04928e+009
2.03788e+009
2.02543e+009
2.0116e+009
1.99598e+009
1.97823e+009
1.95804e+009
1.93509e+009
1.90904e+009
1.8795e+009
1.84597e+009
1.80788e+009
1.7645e+009
1.71499e+009
1.65853e+009
1.59453e+009
1.52289e+009
1.44389e+009
1.35833e+009
1.26831e+009
1.17967e+009
1.1001e+009
1.04165e+009
1.02225e+009
1.06959e+009
1.23006e+009
1.56725e+009
8.64263e+008
4.57934e+008
3.48199e+008
3.12793e+008
3.02219e+008
3.02366e+008
3.07771e+008
3.15913e+008
3.25492e+008
3.35782e+008
3.46358e+008
3.56961e+008
3.67433e+008
3.77676e+008
3.8763e+008
3.97261e+008
4.06555e+008
4.15506e+008
4.24121e+008
4.32412e+008
4.40398e+008
4.48104e+008
4.55557e+008
4.62762e+008
4.69698e+008
4.76353e+008
4.82718e+008
4.88791e+008
4.94571e+008
5.0006e+008
5.05259e+008
5.10172e+008
5.14799e+008
5.19142e+008
5.23205e+008
5.26986e+008
5.30489e+008
5.33714e+008
5.36661e+008
5.39331e+008
5.41726e+008
5.43845e+008
5.45689e+008
5.47259e+008
5.48555e+008
5.49573e+008
5.50312e+008
5.50773e+008
5.50959e+008
5.50876e+008
5.50525e+008
5.49908e+008
5.49026e+008
5.47883e+008
5.46481e+008
5.44823e+008
5.42912e+008
5.40754e+008
5.38354e+008
5.35717e+008
5.3285e+008
5.29764e+008
5.26471e+008
5.22987e+008
5.19335e+008
5.15512e+008
5.11515e+008
5.07337e+008
5.02974e+008
4.98423e+008
4.93681e+008
4.88746e+008
4.83616e+008
4.78293e+008
4.72776e+008
4.6707e+008
4.61181e+008
4.55119e+008
4.48902e+008
4.42552e+008
4.36103e+008
4.29602e+008
4.23105e+008
4.16634e+008
4.10185e+008
4.0376e+008
3.97372e+008
3.91041e+008
3.84797e+008
3.78676e+008
3.72724e+008
3.66995e+008
3.61556e+008
3.56482e+008
3.51874e+008
3.47827e+008
3.44439e+008
3.41825e+008
3.40114e+008
3.39454e+008
3.40006e+008
3.41954e+008
3.455e+008
3.50867e+008
3.58123e+008
3.67299e+008
3.78405e+008
3.91432e+008
4.06344e+008
4.22983e+008
4.41197e+008
4.60813e+008
4.81646e+008
5.0351e+008
5.26226e+008
5.49638e+008
5.73616e+008
5.98054e+008
6.2287e+008
6.48002e+008
6.73405e+008
6.99053e+008
7.24932e+008
7.51043e+008
7.77397e+008
8.04017e+008
8.3094e+008
8.58216e+008
8.85915e+008
9.14125e+008
9.42919e+008
9.72185e+008
1.00182e+009
1.03176e+009
1.06194e+009
1.09232e+009
1.12287e+009
1.15355e+009
1.18434e+009
1.21521e+009
1.24613e+009
1.27708e+009
1.3079e+009
1.3385e+009
1.36882e+009
1.39877e+009
1.4283e+009
1.45732e+009
1.48578e+009
1.51359e+009
1.54068e+009
1.56698e+009
1.5924e+009
1.61687e+009
1.64031e+009
1.66265e+009
1.6838e+009
1.70369e+009
1.72224e+009
1.73938e+009
1.75503e+009
1.76912e+009
1.78158e+009
1.79235e+009
1.80136e+009
1.80856e+009
1.81388e+009
1.81728e+009
1.81871e+009
1.81816e+009
1.81561e+009
1.81108e+009
1.80465e+009
1.79647e+009
1.78684e+009
1.77593e+009
1.7636e+009
1.74965e+009
1.73387e+009
1.71603e+009
1.69592e+009
1.67326e+009
1.64774e+009
1.61901e+009
1.58661e+009
1.55005e+009
1.50878e+009
1.46231e+009
1.41037e+009
1.35305e+009
1.29098e+009
1.22563e+009
1.15984e+009
1.0987e+009
1.05083e+009
1.02824e+009
1.05052e+009
1.15463e+009
1.42128e+009
1.98965e+009
9.14469e+008
4.76823e+008
3.53288e+008
3.09532e+008
2.93041e+008
2.88682e+008
2.90533e+008
2.95804e+008
3.03017e+008
3.11324e+008
3.2021e+008
3.29354e+008
3.38546e+008
3.47653e+008
3.56588e+008
3.65299e+008
3.73752e+008
3.81931e+008
3.89832e+008
3.97457e+008
4.04816e+008
4.11922e+008
4.18789e+008
4.25423e+008
4.31811e+008
4.37944e+008
4.43817e+008
4.49427e+008
4.54772e+008
4.59852e+008
4.64668e+008
4.69222e+008
4.73513e+008
4.77544e+008
4.81315e+008
4.84828e+008
4.88081e+008
4.91077e+008
4.93816e+008
4.96298e+008
4.98523e+008
5.00493e+008
5.02206e+008
5.03664e+008
5.04866e+008
5.05811e+008
5.06499e+008
5.06932e+008
5.07111e+008
5.0704e+008
5.0672e+008
5.06154e+008
5.05344e+008
5.04293e+008
5.03004e+008
5.0148e+008
4.99726e+008
4.97745e+008
4.95542e+008
4.93124e+008
4.90497e+008
4.8767e+008
4.84653e+008
4.81458e+008
4.78098e+008
4.74575e+008
4.70886e+008
4.6703e+008
4.63004e+008
4.58806e+008
4.54433e+008
4.49885e+008
4.4516e+008
4.4026e+008
4.35186e+008
4.29942e+008
4.24534e+008
4.18973e+008
4.13273e+008
4.07454e+008
4.01543e+008
3.95573e+008
3.89585e+008
3.83596e+008
3.77613e+008
3.71647e+008
3.65713e+008
3.59832e+008
3.54033e+008
3.48353e+008
3.42834e+008
3.3753e+008
3.32502e+008
3.27823e+008
3.23582e+008
3.19874e+008
3.16797e+008
3.1446e+008
3.12985e+008
3.12506e+008
3.13167e+008
3.15122e+008
3.18532e+008
3.23546e+008
3.30224e+008
3.38602e+008
3.48686e+008
3.60462e+008
3.73864e+008
3.88767e+008
4.05043e+008
4.2255e+008
4.41137e+008
4.60651e+008
4.80952e+008
5.01912e+008
5.23425e+008
5.45405e+008
5.67782e+008
5.90508e+008
6.13546e+008
6.36877e+008
6.60492e+008
6.84393e+008
7.08592e+008
7.33109e+008
7.57975e+008
7.83227e+008
8.08915e+008
8.3509e+008
8.61762e+008
8.88864e+008
9.16332e+008
9.44112e+008
9.72159e+008
1.00043e+009
1.0289e+009
1.05752e+009
1.08627e+009
1.1151e+009
1.14401e+009
1.17288e+009
1.20162e+009
1.23016e+009
1.25843e+009
1.28635e+009
1.31387e+009
1.34092e+009
1.36742e+009
1.3933e+009
1.4185e+009
1.44293e+009
1.46653e+009
1.48922e+009
1.51092e+009
1.53157e+009
1.5511e+009
1.56942e+009
1.58647e+009
1.60218e+009
1.61648e+009
1.62932e+009
1.64061e+009
1.65032e+009
1.65837e+009
1.66473e+009
1.66934e+009
1.67218e+009
1.67321e+009
1.67242e+009
1.66981e+009
1.66541e+009
1.65929e+009
1.65157e+009
1.64243e+009
1.63194e+009
1.62001e+009
1.60652e+009
1.59134e+009
1.57431e+009
1.55527e+009
1.53402e+009
1.51032e+009
1.48391e+009
1.45447e+009
1.42167e+009
1.3852e+009
1.34482e+009
1.30053e+009
1.25267e+009
1.20216e+009
1.15079e+009
1.10162e+009
1.05959e+009
1.03256e+009
1.03307e+009
1.08244e+009
1.22565e+009
1.57596e+009
2.40101e+009
9.49538e+008
4.88619e+008
3.58766e+008
3.09662e+008
2.89214e+008
2.8176e+008
2.81124e+008
2.84368e+008
2.8991e+008
2.96824e+008
3.04536e+008
3.12679e+008
3.21009e+008
3.29365e+008
3.3764e+008
3.45764e+008
3.53692e+008
3.61397e+008
3.68866e+008
3.76093e+008
3.83082e+008
3.89837e+008
3.96365e+008
4.02671e+008
4.08745e+008
4.1458e+008
4.20171e+008
4.25515e+008
4.3061e+008
4.35455e+008
4.4005e+008
4.44396e+008
4.48493e+008
4.52341e+008
4.55942e+008
4.59295e+008
4.62402e+008
4.65263e+008
4.67878e+008
4.70248e+008
4.72373e+008
4.74253e+008
4.7589e+008
4.77282e+008
4.78431e+008
4.79335e+008
4.79997e+008
4.80416e+008
4.80595e+008
4.80535e+008
4.8024e+008
4.7971e+008
4.78949e+008
4.77958e+008
4.76743e+008
4.75304e+008
4.73647e+008
4.71776e+008
4.69696e+008
4.67412e+008
4.64931e+008
4.62259e+008
4.59407e+008
4.56383e+008
4.53198e+008
4.49854e+008
4.4635e+008
4.42686e+008
4.38861e+008
4.34874e+008
4.30723e+008
4.26409e+008
4.21932e+008
4.17291e+008
4.12491e+008
4.07535e+008
4.02428e+008
3.97182e+008
3.91808e+008
3.86324e+008
3.80751e+008
3.75117e+008
3.69452e+008
3.63771e+008
3.58087e+008
3.52412e+008
3.46762e+008
3.41161e+008
3.35636e+008
3.30224e+008
3.24966e+008
3.19914e+008
3.15129e+008
3.10681e+008
3.06655e+008
3.03144e+008
3.00245e+008
2.98065e+008
2.9672e+008
2.96335e+008
2.9704e+008
2.9897e+008
3.02255e+008
3.07006e+008
3.13274e+008
3.21088e+008
3.30449e+008
3.41335e+008
3.53674e+008
3.67364e+008
3.82299e+008
3.98356e+008
4.15409e+008
4.33334e+008
4.52014e+008
4.71345e+008
4.91237e+008
5.11618e+008
5.32432e+008
5.53635e+008
5.75199e+008
5.97108e+008
6.19355e+008
6.41942e+008
6.64879e+008
6.88185e+008
7.11883e+008
7.36001e+008
7.60573e+008
7.85635e+008
8.11167e+008
8.37122e+008
8.63453e+008
8.90114e+008
9.17066e+008
9.44268e+008
9.71681e+008
9.99269e+008
1.02699e+009
1.05481e+009
1.08269e+009
1.1105e+009
1.13818e+009
1.16567e+009
1.19288e+009
1.21976e+009
1.24623e+009
1.27223e+009
1.29768e+009
1.32252e+009
1.34666e+009
1.37005e+009
1.39261e+009
1.41427e+009
1.43495e+009
1.45458e+009
1.4731e+009
1.49043e+009
1.50651e+009
1.52126e+009
1.53464e+009
1.54657e+009
1.557e+009
1.56587e+009
1.57314e+009
1.57876e+009
1.5827e+009
1.58492e+009
1.58542e+009
1.58417e+009
1.5812e+009
1.57654e+009
1.57025e+009
1.56242e+009
1.55318e+009
1.54256e+009
1.53049e+009
1.5169e+009
1.5017e+009
1.48479e+009
1.46605e+009
1.44532e+009
1.42245e+009
1.39725e+009
1.36951e+009
1.33905e+009
1.30572e+009
1.26948e+009
1.23054e+009
1.18944e+009
1.1473e+009
1.10603e+009
1.06868e+009
1.04005e+009
1.02757e+009
1.04372e+009
1.11121e+009
1.28035e+009
1.67858e+009
2.76597e+009
9.66692e+008
4.91005e+008
3.62836e+008
3.1074e+008
2.87794e+008
2.78277e+008
2.75938e+008
2.77771e+008
2.82141e+008
2.88077e+008
2.94969e+008
3.02418e+008
3.10158e+008
3.18009e+008
3.25847e+008
3.33591e+008
3.41185e+008
3.48595e+008
3.558e+008
3.62789e+008
3.69558e+008
3.76109e+008
3.82443e+008
3.88563e+008
3.94459e+008
4.00126e+008
4.05559e+008
4.10753e+008
4.15707e+008
4.2042e+008
4.2489e+008
4.29118e+008
4.33104e+008
4.36847e+008
4.40349e+008
4.4361e+008
4.46631e+008
4.49412e+008
4.51955e+008
4.54258e+008
4.56324e+008
4.58153e+008
4.59745e+008
4.611e+008
4.62219e+008
4.63102e+008
4.63751e+008
4.64166e+008
4.64349e+008
4.64301e+008
4.64025e+008
4.63522e+008
4.62795e+008
4.61847e+008
4.6068e+008
4.59298e+008
4.57705e+008
4.55904e+008
4.53901e+008
4.51701e+008
4.49309e+008
4.46734e+008
4.43982e+008
4.41062e+008
4.37983e+008
4.34747e+008
4.31355e+008
4.27808e+008
4.24106e+008
4.20248e+008
4.16235e+008
4.12067e+008
4.07744e+008
4.03268e+008
3.98642e+008
3.9387e+008
3.88959e+008
3.83916e+008
3.78754e+008
3.73487e+008
3.68134e+008
3.62717e+008
3.57263e+008
3.51785e+008
3.46295e+008
3.40807e+008
3.35339e+008
3.29913e+008
3.24557e+008
3.19307e+008
3.14205e+008
3.09301e+008
3.04656e+008
3.0034e+008
2.96436e+008
2.93035e+008
2.90234e+008
2.8814e+008
2.86863e+008
2.86523e+008
2.87238e+008
2.89128e+008
2.92305e+008
2.96854e+008
3.02817e+008
3.10215e+008
3.19042e+008
3.2927e+008
3.40832e+008
3.53642e+008
3.67606e+008
3.82622e+008
3.98581e+008
4.15381e+008
4.32923e+008
4.5112e+008
4.69897e+008
4.89193e+008
5.08959e+008
5.2916e+008
5.4977e+008
5.70776e+008
5.92172e+008
6.13961e+008
6.36151e+008
6.58758e+008
6.81798e+008
7.05295e+008
7.29272e+008
7.53755e+008
7.78712e+008
8.04105e+008
8.29893e+008
8.56036e+008
8.82493e+008
9.09223e+008
9.36185e+008
9.63336e+008
9.90632e+008
1.01803e+009
1.04545e+009
1.07281e+009
1.10004e+009
1.12706e+009
1.15381e+009
1.18022e+009
1.2062e+009
1.23171e+009
1.25665e+009
1.28096e+009
1.30456e+009
1.32739e+009
1.34937e+009
1.37043e+009
1.3905e+009
1.4095e+009
1.42738e+009
1.44405e+009
1.45946e+009
1.47354e+009
1.48622e+009
1.49746e+009
1.50719e+009
1.51537e+009
1.52194e+009
1.52688e+009
1.53015e+009
1.53172e+009
1.5316e+009
1.52977e+009
1.52626e+009
1.5211e+009
1.51436e+009
1.50611e+009
1.49646e+009
1.4854e+009
1.4729e+009
1.4589e+009
1.44336e+009
1.4262e+009
1.40734e+009
1.38669e+009
1.36413e+009
1.33956e+009
1.31285e+009
1.28394e+009
1.2528e+009
1.21955e+009
1.18453e+009
1.14845e+009
1.11249e+009
1.07862e+009
1.04982e+009
1.03071e+009
1.02848e+009
1.05542e+009
1.13545e+009
1.32265e+009
1.74462e+009
3.08275e+009
9.70069e+008
4.87657e+008
3.65248e+008
3.11801e+008
2.87423e+008
2.76631e+008
2.732e+008
2.74113e+008
2.77709e+008
2.82997e+008
2.89345e+008
2.96338e+008
3.03694e+008
3.11219e+008
3.18782e+008
3.2629e+008
3.33683e+008
3.4092e+008
3.47974e+008
3.54831e+008
3.61483e+008
3.67926e+008
3.74161e+008
3.80187e+008
3.85995e+008
3.9158e+008
3.96935e+008
4.02057e+008
4.06942e+008
4.1159e+008
4.15999e+008
4.20167e+008
4.24097e+008
4.27786e+008
4.31237e+008
4.3445e+008
4.37425e+008
4.40164e+008
4.42668e+008
4.44936e+008
4.46971e+008
4.48772e+008
4.50341e+008
4.51677e+008
4.52783e+008
4.53658e+008
4.54303e+008
4.5472e+008
4.54909e+008
4.54873e+008
4.54613e+008
4.54131e+008
4.53429e+008
4.5251e+008
4.51376e+008
4.50031e+008
4.48479e+008
4.46722e+008
4.44767e+008
4.42617e+008
4.40279e+008
4.3776e+008
4.35067e+008
4.32207e+008
4.2919e+008
4.26016e+008
4.22689e+008
4.1921e+008
4.1558e+008
4.11799e+008
4.07867e+008
4.03787e+008
3.99559e+008
3.95185e+008
3.90668e+008
3.86012e+008
3.81224e+008
3.76311e+008
3.71285e+008
3.66157e+008
3.60945e+008
3.55668e+008
3.50348e+008
3.44999e+008
3.39632e+008
3.34262e+008
3.28905e+008
3.23583e+008
3.18325e+008
3.13166e+008
3.08146e+008
3.03319e+008
2.98745e+008
2.94493e+008
2.90647e+008
2.87298e+008
2.84543e+008
2.82486e+008
2.81239e+008
2.80913e+008
2.81621e+008
2.83469e+008
2.86556e+008
2.9095e+008
2.96686e+008
3.03774e+008
3.12203e+008
3.21942e+008
3.32929e+008
3.45091e+008
3.58344e+008
3.72598e+008
3.87764e+008
4.03752e+008
4.2048e+008
4.37875e+008
4.55873e+008
4.7442e+008
4.93477e+008
5.13012e+008
5.33004e+008
5.53441e+008
5.74319e+008
5.95638e+008
6.17407e+008
6.39638e+008
6.62346e+008
6.85549e+008
7.09265e+008
7.33511e+008
7.58253e+008
7.83457e+008
8.09083e+008
8.35091e+008
8.61441e+008
8.88088e+008
9.14988e+008
9.42092e+008
9.69349e+008
9.96705e+008
1.02408e+009
1.05139e+009
1.07856e+009
1.10552e+009
1.1322e+009
1.15851e+009
1.18439e+009
1.20976e+009
1.23455e+009
1.25868e+009
1.28208e+009
1.30467e+009
1.32637e+009
1.34713e+009
1.36686e+009
1.3855e+009
1.40296e+009
1.4192e+009
1.43414e+009
1.44771e+009
1.45987e+009
1.47054e+009
1.47968e+009
1.48724e+009
1.49318e+009
1.49746e+009
1.50006e+009
1.50096e+009
1.50015e+009
1.49766e+009
1.49349e+009
1.48769e+009
1.48031e+009
1.47144e+009
1.46118e+009
1.4495e+009
1.43637e+009
1.42179e+009
1.4057e+009
1.38807e+009
1.36886e+009
1.34801e+009
1.32546e+009
1.30116e+009
1.27506e+009
1.24719e+009
1.21761e+009
1.18654e+009
1.15444e+009
1.12207e+009
1.09065e+009
1.06213e+009
1.03939e+009
1.02686e+009
1.03157e+009
1.06579e+009
1.15394e+009
1.35478e+009
1.79372e+009
3.35456e+009
9.66375e+008
4.83047e+008
3.66482e+008
3.1258e+008
2.87499e+008
2.76043e+008
2.72027e+008
2.72436e+008
2.75605e+008
2.80531e+008
2.86576e+008
2.93314e+008
3.00457e+008
3.07806e+008
3.15223e+008
3.22612e+008
3.29908e+008
3.37066e+008
3.44057e+008
3.50863e+008
3.57474e+008
3.63883e+008
3.70088e+008
3.76089e+008
3.81875e+008
3.87441e+008
3.92778e+008
3.97884e+008
4.02755e+008
4.07387e+008
4.11781e+008
4.15934e+008
4.19848e+008
4.23522e+008
4.26957e+008
4.30154e+008
4.33114e+008
4.35838e+008
4.38327e+008
4.40583e+008
4.42607e+008
4.44399e+008
4.4596e+008
4.47293e+008
4.48396e+008
4.49272e+008
4.4992e+008
4.50343e+008
4.50542e+008
4.50517e+008
4.5027e+008
4.49804e+008
4.4912e+008
4.48221e+008
4.47108e+008
4.45786e+008
4.44257e+008
4.42525e+008
4.40595e+008
4.38471e+008
4.3616e+008
4.33668e+008
4.31003e+008
4.28171e+008
4.25182e+008
4.22037e+008
4.18741e+008
4.15294e+008
4.11698e+008
4.07954e+008
4.04065e+008
4.0003e+008
3.95852e+008
3.91534e+008
3.87077e+008
3.82488e+008
3.7777e+008
3.72933e+008
3.67985e+008
3.62938e+008
3.57808e+008
3.52612e+008
3.47371e+008
3.42096e+008
3.36797e+008
3.3149e+008
3.2619e+008
3.20919e+008
3.15704e+008
3.1058e+008
3.05589e+008
3.00784e+008
2.96226e+008
2.91987e+008
2.8815e+008
2.84808e+008
2.82059e+008
2.80008e+008
2.78764e+008
2.78434e+008
2.79126e+008
2.80938e+008
2.83956e+008
2.8824e+008
2.93813e+008
3.0068e+008
3.08824e+008
3.1821e+008
3.28782e+008
3.40476e+008
3.53215e+008
3.66922e+008
3.81519e+008
3.9693e+008
4.13085e+008
4.2992e+008
4.47385e+008
4.6543e+008
4.84021e+008
5.03133e+008
5.22747e+008
5.42853e+008
5.63446e+008
5.84528e+008
6.06106e+008
6.2819e+008
6.50794e+008
6.73933e+008
6.97623e+008
7.21875e+008
7.46658e+008
7.71935e+008
7.97669e+008
8.23818e+008
8.50339e+008
8.77185e+008
9.04306e+008
9.31649e+008
9.59156e+008
9.86762e+008
1.01439e+009
1.04195e+009
1.06937e+009
1.09656e+009
1.12346e+009
1.14998e+009
1.17604e+009
1.20156e+009
1.22647e+009
1.25068e+009
1.27412e+009
1.29671e+009
1.31838e+009
1.33906e+009
1.35866e+009
1.37712e+009
1.39437e+009
1.41033e+009
1.42495e+009
1.43816e+009
1.44989e+009
1.4601e+009
1.46873e+009
1.47574e+009
1.48108e+009
1.48472e+009
1.48665e+009
1.48685e+009
1.48532e+009
1.48208e+009
1.47716e+009
1.47061e+009
1.46248e+009
1.45287e+009
1.44185e+009
1.4294e+009
1.41553e+009
1.40021e+009
1.38343e+009
1.36519e+009
1.34545e+009
1.32421e+009
1.30145e+009
1.27716e+009
1.25137e+009
1.22414e+009
1.19563e+009
1.16612e+009
1.13611e+009
1.10638e+009
1.07816e+009
1.0533e+009
1.03452e+009
1.026e+009
1.0345e+009
1.07209e+009
1.1635e+009
1.36981e+009
1.82424e+009
3.53632e+009
9.67769e+008
4.83788e+008
3.67127e+008
3.13044e+008
2.87797e+008
2.76195e+008
2.72047e+008
2.72337e+008
2.754e+008
2.80232e+008
2.86196e+008
2.92868e+008
2.99958e+008
3.07268e+008
3.14658e+008
3.22032e+008
3.29323e+008
3.36486e+008
3.43489e+008
3.50315e+008
3.56949e+008
3.63387e+008
3.69624e+008
3.75657e+008
3.81478e+008
3.87077e+008
3.92449e+008
3.97586e+008
4.02487e+008
4.07147e+008
4.11565e+008
4.15741e+008
4.19673e+008
4.23364e+008
4.26812e+008
4.30021e+008
4.3299e+008
4.35723e+008
4.38219e+008
4.40482e+008
4.42511e+008
4.4431e+008
4.45878e+008
4.47217e+008
4.48328e+008
4.49212e+008
4.4987e+008
4.50303e+008
4.50512e+008
4.50498e+008
4.50264e+008
4.49809e+008
4.49137e+008
4.48249e+008
4.47147e+008
4.45834e+008
4.44314e+008
4.4259e+008
4.40666e+008
4.38548e+008
4.36241e+008
4.33751e+008
4.31087e+008
4.28257e+008
4.25267e+008
4.22123e+008
4.18827e+008
4.15381e+008
4.11788e+008
4.0805e+008
4.04167e+008
4.00142e+008
3.95977e+008
3.91675e+008
3.87239e+008
3.82672e+008
3.77981e+008
3.73172e+008
3.68254e+008
3.6324e+008
3.58142e+008
3.52977e+008
3.47764e+008
3.42515e+008
3.37239e+008
3.31948e+008
3.26658e+008
3.2139e+008
3.1617e+008
3.11033e+008
3.06022e+008
3.01191e+008
2.96602e+008
2.9233e+008
2.88461e+008
2.85088e+008
2.82314e+008
2.80242e+008
2.78982e+008
2.7864e+008
2.79316e+008
2.81103e+008
2.84081e+008
2.88299e+008
2.93774e+008
3.00504e+008
3.08467e+008
3.17624e+008
3.27925e+008
3.39306e+008
3.51702e+008
3.65044e+008
3.79262e+008
3.94291e+008
4.10072e+008
4.2655e+008
4.43681e+008
4.61424e+008
4.7975e+008
4.98635e+008
5.18065e+008
5.38031e+008
5.58528e+008
5.79559e+008
6.0113e+008
6.2325e+008
6.45932e+008
6.69191e+008
6.93042e+008
7.17497e+008
7.42525e+008
7.68089e+008
7.9415e+008
8.20664e+008
8.47584e+008
8.7486e+008
9.02438e+008
9.3026e+008
9.58261e+008
9.86371e+008
1.01451e+009
1.04259e+009
1.07052e+009
1.09822e+009
1.1256e+009
1.15258e+009
1.17907e+009
1.20499e+009
1.23026e+009
1.25479e+009
1.2785e+009
1.30131e+009
1.32315e+009
1.34394e+009
1.3636e+009
1.38206e+009
1.39925e+009
1.4151e+009
1.42953e+009
1.4425e+009
1.45392e+009
1.46376e+009
1.47195e+009
1.47846e+009
1.48324e+009
1.48626e+009
1.48752e+009
1.48699e+009
1.4847e+009
1.48066e+009
1.47492e+009
1.46752e+009
1.45855e+009
1.44808e+009
1.4362e+009
1.42289e+009
1.40815e+009
1.39198e+009
1.37439e+009
1.35539e+009
1.33498e+009
1.31318e+009
1.29001e+009
1.26551e+009
1.23974e+009
1.21282e+009
1.18494e+009
1.15642e+009
1.12777e+009
1.09975e+009
1.07355e+009
1.05084e+009
1.0341e+009
1.02711e+009
1.03592e+009
1.07137e+009
1.15579e+009
1.34581e+009
1.78632e+009
3.34826e+009
9.74275e+008
4.89948e+008
3.67171e+008
3.13168e+008
2.88299e+008
2.77072e+008
2.73251e+008
2.73809e+008
2.77089e+008
2.82098e+008
2.88207e+008
2.95001e+008
3.02198e+008
3.09605e+008
3.17087e+008
3.2455e+008
3.31929e+008
3.3918e+008
3.46273e+008
3.53188e+008
3.59913e+008
3.66441e+008
3.72769e+008
3.78894e+008
3.84804e+008
3.90492e+008
3.95947e+008
4.01165e+008
4.06141e+008
4.10871e+008
4.15353e+008
4.19587e+008
4.23573e+008
4.27312e+008
4.30804e+008
4.34051e+008
4.37056e+008
4.39819e+008
4.42344e+008
4.44632e+008
4.46685e+008
4.48504e+008
4.50092e+008
4.5145e+008
4.52578e+008
4.53479e+008
4.54151e+008
4.54598e+008
4.54819e+008
4.54817e+008
4.54591e+008
4.54144e+008
4.53477e+008
4.52592e+008
4.5149e+008
4.50175e+008
4.48649e+008
4.46916e+008
4.4498e+008
4.42845e+008
4.40519e+008
4.38008e+008
4.35319e+008
4.32461e+008
4.29444e+008
4.26271e+008
4.22946e+008
4.19471e+008
4.15849e+008
4.12083e+008
4.08173e+008
4.04122e+008
3.99933e+008
3.95608e+008
3.9115e+008
3.86563e+008
3.81854e+008
3.77027e+008
3.72092e+008
3.6706e+008
3.61943e+008
3.56759e+008
3.51526e+008
3.46255e+008
3.40953e+008
3.35632e+008
3.30304e+008
3.24991e+008
3.19718e+008
3.14519e+008
3.09438e+008
3.04531e+008
2.99864e+008
2.95514e+008
2.91571e+008
2.88132e+008
2.85303e+008
2.83191e+008
2.81903e+008
2.81544e+008
2.82213e+008
2.83996e+008
2.86969e+008
2.91174e+008
2.96622e+008
3.03302e+008
3.11191e+008
3.20246e+008
3.30415e+008
3.41638e+008
3.53855e+008
3.67003e+008
3.81022e+008
3.95854e+008
4.11449e+008
4.27759e+008
4.44746e+008
4.62375e+008
4.80623e+008
4.99468e+008
5.18898e+008
5.38905e+008
5.59485e+008
5.80642e+008
6.02381e+008
6.24711e+008
6.47646e+008
6.712e+008
6.9539e+008
7.20232e+008
7.457e+008
7.71754e+008
7.98353e+008
8.25448e+008
8.5299e+008
8.80923e+008
9.0919e+008
9.37727e+008
9.66468e+008
9.9534e+008
1.02427e+009
1.05313e+009
1.08185e+009
1.11031e+009
1.13845e+009
1.16615e+009
1.19334e+009
1.21991e+009
1.24579e+009
1.27088e+009
1.2951e+009
1.31836e+009
1.34059e+009
1.3617e+009
1.38162e+009
1.40027e+009
1.41757e+009
1.43345e+009
1.44785e+009
1.4607e+009
1.47194e+009
1.4815e+009
1.48934e+009
1.4954e+009
1.49967e+009
1.50209e+009
1.50268e+009
1.50141e+009
1.49832e+009
1.49342e+009
1.48678e+009
1.47845e+009
1.46853e+009
1.45711e+009
1.44425e+009
1.42996e+009
1.41424e+009
1.3971e+009
1.37857e+009
1.35867e+009
1.33743e+009
1.31489e+009
1.29111e+009
1.26616e+009
1.24012e+009
1.21316e+009
1.18548e+009
1.15741e+009
1.12946e+009
1.10233e+009
1.07706e+009
1.05513e+009
1.03869e+009
1.03088e+009
1.03649e+009
1.06344e+009
1.12592e+009
1.25145e+009
1.49257e+009
1.88037e+009
9.73597e+008
4.94959e+008
3.65963e+008
3.12936e+008
2.89197e+008
2.78978e+008
2.76002e+008
2.77255e+008
2.81103e+008
2.86578e+008
2.93073e+008
3.00193e+008
3.07671e+008
3.15325e+008
3.2303e+008
3.30699e+008
3.3827e+008
3.45704e+008
3.52972e+008
3.60057e+008
3.66948e+008
3.73639e+008
3.80128e+008
3.86412e+008
3.92478e+008
3.98315e+008
4.03915e+008
4.09269e+008
4.14373e+008
4.19223e+008
4.23816e+008
4.28153e+008
4.32232e+008
4.36057e+008
4.39627e+008
4.42945e+008
4.46014e+008
4.48836e+008
4.51413e+008
4.53749e+008
4.55846e+008
4.57704e+008
4.59328e+008
4.60718e+008
4.61875e+008
4.628e+008
4.63495e+008
4.63959e+008
4.64195e+008
4.64203e+008
4.63984e+008
4.63539e+008
4.62871e+008
4.61979e+008
4.60866e+008
4.59533e+008
4.57984e+008
4.56222e+008
4.54251e+008
4.52077e+008
4.49704e+008
4.47141e+008
4.44397e+008
4.41481e+008
4.38402e+008
4.35167e+008
4.31778e+008
4.28239e+008
4.24551e+008
4.20718e+008
4.16741e+008
4.12622e+008
4.08364e+008
4.0397e+008
3.99443e+008
3.94787e+008
3.90006e+008
3.85106e+008
3.80097e+008
3.74989e+008
3.69795e+008
3.64532e+008
3.59221e+008
3.53871e+008
3.48487e+008
3.43079e+008
3.37658e+008
3.32243e+008
3.26858e+008
3.21538e+008
3.1633e+008
3.11289e+008
3.06487e+008
3.02007e+008
2.97943e+008
2.944e+008
2.91487e+008
2.89314e+008
2.87989e+008
2.87617e+008
2.88294e+008
2.90105e+008
2.93122e+008
2.97386e+008
3.02894e+008
3.09633e+008
3.17572e+008
3.26668e+008
3.36862e+008
3.48097e+008
3.60314e+008
3.73458e+008
3.87472e+008
4.02308e+008
4.17919e+008
4.34267e+008
4.51317e+008
4.69041e+008
4.87416e+008
5.06427e+008
5.26062e+008
5.46314e+008
5.6718e+008
5.88664e+008
6.1077e+008
6.3351e+008
6.56895e+008
6.80944e+008
7.05677e+008
7.31118e+008
7.57248e+008
7.84027e+008
8.11408e+008
8.39338e+008
8.67761e+008
8.96617e+008
9.25842e+008
9.55372e+008
9.85138e+008
1.01507e+009
1.04508e+009
1.07504e+009
1.10485e+009
1.1344e+009
1.16359e+009
1.19233e+009
1.22052e+009
1.24805e+009
1.27484e+009
1.30078e+009
1.32578e+009
1.34977e+009
1.37264e+009
1.39433e+009
1.41474e+009
1.4338e+009
1.45143e+009
1.46755e+009
1.48209e+009
1.49499e+009
1.50618e+009
1.51559e+009
1.52317e+009
1.52888e+009
1.53268e+009
1.53455e+009
1.53447e+009
1.53245e+009
1.52851e+009
1.52269e+009
1.51506e+009
1.5057e+009
1.49472e+009
1.48223e+009
1.46829e+009
1.4529e+009
1.43607e+009
1.41781e+009
1.39817e+009
1.37718e+009
1.35491e+009
1.33142e+009
1.30677e+009
1.28107e+009
1.25444e+009
1.22704e+009
1.1991e+009
1.17093e+009
1.143e+009
1.11594e+009
1.09063e+009
1.06831e+009
1.05068e+009
1.04021e+009
1.04027e+009
1.05572e+009
1.09367e+009
1.16352e+009
1.27196e+009
1.39407e+009
9.58788e+008
4.94194e+008
3.62903e+008
3.12565e+008
2.91079e+008
2.8269e+008
2.81192e+008
2.83642e+008
2.88463e+008
2.94738e+008
3.019e+008
3.09583e+008
3.17548e+008
3.2563e+008
3.33718e+008
3.41736e+008
3.49631e+008
3.57368e+008
3.64923e+008
3.72283e+008
3.79438e+008
3.86386e+008
3.93127e+008
3.9966e+008
4.0597e+008
4.12042e+008
4.17866e+008
4.23432e+008
4.28736e+008
4.33773e+008
4.3854e+008
4.43038e+008
4.47266e+008
4.51227e+008
4.54923e+008
4.58357e+008
4.6153e+008
4.64448e+008
4.67113e+008
4.69527e+008
4.71694e+008
4.73617e+008
4.75298e+008
4.76738e+008
4.7794e+008
4.78903e+008
4.79628e+008
4.80117e+008
4.80369e+008
4.80387e+008
4.80171e+008
4.79723e+008
4.79043e+008
4.78131e+008
4.7699e+008
4.75621e+008
4.74027e+008
4.7221e+008
4.70175e+008
4.67927e+008
4.65472e+008
4.6282e+008
4.59979e+008
4.5696e+008
4.53777e+008
4.50435e+008
4.46936e+008
4.43284e+008
4.39481e+008
4.35529e+008
4.31431e+008
4.27188e+008
4.22803e+008
4.18278e+008
4.13617e+008
4.08823e+008
4.039e+008
3.98855e+008
3.93694e+008
3.88431e+008
3.83078e+008
3.77655e+008
3.72186e+008
3.66679e+008
3.61138e+008
3.55567e+008
3.49975e+008
3.44379e+008
3.38804e+008
3.33283e+008
3.27865e+008
3.22613e+008
3.17601e+008
3.12921e+008
3.08675e+008
3.0498e+008
3.01948e+008
2.99691e+008
2.98323e+008
2.97948e+008
2.98662e+008
3.00551e+008
3.03684e+008
3.08105e+008
3.138e+008
3.20742e+008
3.28895e+008
3.38216e+008
3.48638e+008
3.60101e+008
3.72547e+008
3.85923e+008
4.00178e+008
4.15269e+008
4.31153e+008
4.47799e+008
4.65175e+008
4.83258e+008
5.02029e+008
5.21473e+008
5.41581e+008
5.62346e+008
5.83767e+008
6.05845e+008
6.28587e+008
6.52003e+008
6.76107e+008
7.0092e+008
7.26469e+008
7.52786e+008
7.79878e+008
8.07699e+008
8.36194e+008
8.65302e+008
8.94958e+008
9.25094e+008
9.55644e+008
9.86538e+008
1.0177e+009
1.04907e+009
1.08057e+009
1.11203e+009
1.14334e+009
1.17439e+009
1.20507e+009
1.23526e+009
1.26486e+009
1.29376e+009
1.32185e+009
1.34903e+009
1.3752e+009
1.40027e+009
1.42415e+009
1.44675e+009
1.46799e+009
1.48777e+009
1.50601e+009
1.52264e+009
1.53758e+009
1.55075e+009
1.56209e+009
1.57153e+009
1.57901e+009
1.58448e+009
1.58791e+009
1.58927e+009
1.58854e+009
1.58575e+009
1.58091e+009
1.57409e+009
1.56537e+009
1.55485e+009
1.54266e+009
1.52896e+009
1.5138e+009
1.49715e+009
1.47903e+009
1.45946e+009
1.43848e+009
1.41617e+009
1.39258e+009
1.36782e+009
1.34196e+009
1.31514e+009
1.28747e+009
1.25915e+009
1.23038e+009
1.20147e+009
1.17283e+009
1.14498e+009
1.11868e+009
1.09487e+009
1.07489e+009
1.0605e+009
1.05395e+009
1.05787e+009
1.07521e+009
1.10798e+009
1.15307e+009
1.19243e+009
9.25167e+008
4.8345e+008
3.58122e+008
3.13015e+008
2.95334e+008
2.89855e+008
2.9064e+008
2.94913e+008
3.01212e+008
3.08703e+008
3.16885e+008
3.25439e+008
3.3416e+008
3.42912e+008
3.51603e+008
3.60171e+008
3.68575e+008
3.76788e+008
3.84791e+008
3.92577e+008
4.00141e+008
4.07486e+008
4.14615e+008
4.21533e+008
4.28217e+008
4.34651e+008
4.4082e+008
4.46713e+008
4.52325e+008
4.5765e+008
4.62687e+008
4.67436e+008
4.71898e+008
4.76075e+008
4.7997e+008
4.83587e+008
4.86928e+008
4.9e+008
4.92804e+008
4.95345e+008
4.97627e+008
4.99652e+008
5.01423e+008
5.02943e+008
5.04214e+008
5.05234e+008
5.06005e+008
5.06526e+008
5.068e+008
5.06827e+008
5.06609e+008
5.06147e+008
5.05441e+008
5.0449e+008
5.03297e+008
5.01861e+008
5.00187e+008
4.98276e+008
4.96133e+008
4.93762e+008
4.91173e+008
4.88372e+008
4.85372e+008
4.82187e+008
4.78834e+008
4.75317e+008
4.7164e+008
4.67805e+008
4.63813e+008
4.59666e+008
4.55365e+008
4.50913e+008
4.46312e+008
4.41564e+008
4.36671e+008
4.31637e+008
4.26466e+008
4.21162e+008
4.15734e+008
4.10193e+008
4.04556e+008
3.98847e+008
3.93096e+008
3.87313e+008
3.81497e+008
3.75645e+008
3.69764e+008
3.63867e+008
3.57976e+008
3.5213e+008
3.46379e+008
3.40792e+008
3.35455e+008
3.30471e+008
3.25957e+008
3.22039e+008
3.18837e+008
3.1647e+008
3.15055e+008
3.14698e+008
3.15499e+008
3.17544e+008
3.20906e+008
3.2564e+008
3.31714e+008
3.39081e+008
3.47694e+008
3.57505e+008
3.68451e+008
3.80455e+008
3.93459e+008
4.07411e+008
4.22261e+008
4.37969e+008
4.54498e+008
4.71819e+008
4.89906e+008
5.08738e+008
5.28298e+008
5.48573e+008
5.69555e+008
5.91237e+008
6.13618e+008
6.36699e+008
6.60485e+008
6.84986e+008
7.10219e+008
7.36207e+008
7.62985e+008
7.906e+008
8.19106e+008
8.48452e+008
8.7857e+008
9.09381e+008
9.40806e+008
9.7277e+008
1.0052e+009
1.03801e+009
1.07115e+009
1.10452e+009
1.13807e+009
1.17165e+009
1.20508e+009
1.23825e+009
1.27103e+009
1.3033e+009
1.33493e+009
1.36581e+009
1.3958e+009
1.42481e+009
1.45272e+009
1.47944e+009
1.50487e+009
1.5289e+009
1.55144e+009
1.57241e+009
1.59172e+009
1.60927e+009
1.62499e+009
1.63879e+009
1.6506e+009
1.66034e+009
1.66796e+009
1.67339e+009
1.6766e+009
1.67754e+009
1.67622e+009
1.67264e+009
1.66684e+009
1.6589e+009
1.64892e+009
1.63705e+009
1.62347e+009
1.60836e+009
1.59177e+009
1.57364e+009
1.55398e+009
1.53279e+009
1.51015e+009
1.48613e+009
1.46081e+009
1.4343e+009
1.40673e+009
1.37821e+009
1.34889e+009
1.31896e+009
1.28861e+009
1.25813e+009
1.22786e+009
1.19824e+009
1.16986e+009
1.14345e+009
1.11999e+009
1.10078e+009
1.08728e+009
1.08081e+009
1.08244e+009
1.09211e+009
1.10673e+009
1.11775e+009
8.75113e+008
4.64636e+008
3.53473e+008
3.16863e+008
3.05054e+008
3.03932e+008
3.08081e+008
3.15023e+008
3.23492e+008
3.32786e+008
3.42496e+008
3.52372e+008
3.62256e+008
3.72049e+008
3.81684e+008
3.9112e+008
4.0033e+008
4.09297e+008
4.18011e+008
4.26472e+008
4.34681e+008
4.4265e+008
4.50395e+008
4.57923e+008
4.65204e+008
4.72212e+008
4.78929e+008
4.85342e+008
4.91444e+008
4.9723e+008
5.02701e+008
5.07854e+008
5.12694e+008
5.17223e+008
5.21444e+008
5.25361e+008
5.28981e+008
5.32306e+008
5.35342e+008
5.38094e+008
5.40565e+008
5.42759e+008
5.4468e+008
5.46331e+008
5.47713e+008
5.48827e+008
5.49668e+008
5.50237e+008
5.50537e+008
5.50572e+008
5.50343e+008
5.4985e+008
5.49093e+008
5.4807e+008
5.46782e+008
5.45231e+008
5.43419e+008
5.41348e+008
5.39023e+008
5.36449e+008
5.33634e+008
5.30589e+008
5.27327e+008
5.23868e+008
5.20234e+008
5.16434e+008
5.12466e+008
5.08331e+008
5.04027e+008
4.99555e+008
4.94917e+008
4.90115e+008
4.85149e+008
4.80021e+008
4.74734e+008
4.69288e+008
4.63686e+008
4.57933e+008
4.52037e+008
4.46009e+008
4.39871e+008
4.33656e+008
4.27409e+008
4.21146e+008
4.14851e+008
4.08515e+008
4.02136e+008
3.95724e+008
3.89304e+008
3.82913e+008
3.76611e+008
3.7048e+008
3.64621e+008
3.59155e+008
3.54228e+008
3.49976e+008
3.46525e+008
3.44007e+008
3.42545e+008
3.42252e+008
3.43228e+008
3.45564e+008
3.49345e+008
3.54662e+008
3.61445e+008
3.69616e+008
3.79103e+008
3.89847e+008
4.01803e+008
4.14868e+008
4.28976e+008
4.44069e+008
4.60098e+008
4.77023e+008
4.94812e+008
5.13436e+008
5.32873e+008
5.53104e+008
5.74113e+008
5.95887e+008
6.18419e+008
6.41701e+008
6.65731e+008
6.90508e+008
7.16037e+008
7.42324e+008
7.69387e+008
7.97253e+008
8.25963e+008
8.55584e+008
8.86265e+008
9.17959e+008
9.50567e+008
9.83976e+008
1.01808e+009
1.0528e+009
1.08804e+009
1.12372e+009
1.15976e+009
1.1961e+009
1.23265e+009
1.26934e+009
1.30591e+009
1.34223e+009
1.37815e+009
1.41354e+009
1.44825e+009
1.48213e+009
1.51504e+009
1.54686e+009
1.57747e+009
1.60677e+009
1.63463e+009
1.66097e+009
1.68566e+009
1.70862e+009
1.72973e+009
1.74891e+009
1.76606e+009
1.78109e+009
1.79392e+009
1.80445e+009
1.81262e+009
1.81835e+009
1.8216e+009
1.82232e+009
1.8205e+009
1.81615e+009
1.80931e+009
1.80008e+009
1.7886e+009
1.77507e+009
1.75976e+009
1.74295e+009
1.72464e+009
1.7047e+009
1.68309e+009
1.65982e+009
1.63496e+009
1.6086e+009
1.58086e+009
1.55185e+009
1.52171e+009
1.49058e+009
1.45862e+009
1.426e+009
1.39292e+009
1.35961e+009
1.32638e+009
1.29357e+009
1.26163e+009
1.23112e+009
1.20275e+009
1.17763e+009
1.1567e+009
1.14066e+009
1.12995e+009
1.1244e+009
1.12255e+009
1.12127e+009
8.12763e+008
4.43522e+008
3.5416e+008
3.30433e+008
3.27449e+008
3.32823e+008
3.41981e+008
3.52925e+008
3.64687e+008
3.76763e+008
3.88874e+008
4.00863e+008
4.12637e+008
4.24143e+008
4.35351e+008
4.46242e+008
4.5681e+008
4.67051e+008
4.7697e+008
4.86572e+008
4.95871e+008
5.04893e+008
5.13677e+008
5.22249e+008
5.3055e+008
5.38539e+008
5.46191e+008
5.53491e+008
5.60434e+008
5.67015e+008
5.73233e+008
5.79091e+008
5.84591e+008
5.89738e+008
5.94534e+008
5.98987e+008
6.031e+008
6.06881e+008
6.10333e+008
6.13462e+008
6.16273e+008
6.18769e+008
6.20956e+008
6.22839e+008
6.24422e+008
6.257e+008
6.26662e+008
6.27306e+008
6.27642e+008
6.27679e+008
6.2742e+008
6.26864e+008
6.26005e+008
6.24845e+008
6.23381e+008
6.21617e+008
6.19555e+008
6.17197e+008
6.14549e+008
6.11616e+008
6.08406e+008
6.04932e+008
6.01213e+008
5.97274e+008
5.93154e+008
5.88865e+008
5.84396e+008
5.7974e+008
5.74892e+008
5.69853e+008
5.64622e+008
5.592e+008
5.53586e+008
5.47779e+008
5.41781e+008
5.3559e+008
5.29208e+008
5.22636e+008
5.15881e+008
5.08955e+008
5.01885e+008
4.94723e+008
4.87554e+008
4.80404e+008
4.73228e+008
4.65995e+008
4.58699e+008
4.51347e+008
4.43964e+008
4.36594e+008
4.29309e+008
4.22214e+008
4.15445e+008
4.09158e+008
4.03544e+008
3.98742e+008
3.94897e+008
3.92159e+008
3.90665e+008
3.90534e+008
3.91869e+008
3.94767e+008
3.99336e+008
4.05763e+008
4.13916e+008
4.23637e+008
4.34811e+008
4.4736e+008
4.61234e+008
4.76364e+008
4.92629e+008
5.09955e+008
5.28288e+008
5.47586e+008
5.67816e+008
5.88951e+008
6.10968e+008
6.33849e+008
6.57578e+008
6.82141e+008
7.07527e+008
7.33729e+008
7.60741e+008
7.88558e+008
8.17181e+008
8.46614e+008
8.76871e+008
9.07978e+008
9.39987e+008
9.72998e+008
1.00725e+009
1.04287e+009
1.07965e+009
1.11738e+009
1.15591e+009
1.19514e+009
1.23497e+009
1.27532e+009
1.3161e+009
1.35722e+009
1.3986e+009
1.44019e+009
1.48182e+009
1.52322e+009
1.56425e+009
1.60474e+009
1.6445e+009
1.68333e+009
1.72106e+009
1.75756e+009
1.79269e+009
1.82635e+009
1.85839e+009
1.88869e+009
1.91713e+009
1.94359e+009
1.96796e+009
1.99012e+009
2.00997e+009
2.02739e+009
2.04228e+009
2.05455e+009
2.0641e+009
2.07083e+009
2.07469e+009
2.0756e+009
2.07354e+009
2.06851e+009
2.06055e+009
2.04977e+009
2.03636e+009
2.02061e+009
2.00298e+009
1.98399e+009
1.96351e+009
1.94122e+009
1.91697e+009
1.89079e+009
1.86274e+009
1.83294e+009
1.80151e+009
1.7686e+009
1.73436e+009
1.69895e+009
1.66252e+009
1.62525e+009
1.58733e+009
1.54897e+009
1.5104e+009
1.4719e+009
1.43378e+009
1.39646e+009
1.36055e+009
1.32729e+009
1.29725e+009
1.27086e+009
1.24855e+009
1.23065e+009
1.21724e+009
1.20838e+009
7.37799e+008
4.30097e+008
3.75044e+008
3.71571e+008
3.82655e+008
3.98501e+008
4.15868e+008
4.33515e+008
4.50936e+008
4.67911e+008
4.84351e+008
5.00226e+008
5.15533e+008
5.30283e+008
5.44494e+008
5.58184e+008
5.71375e+008
5.84085e+008
5.96336e+008
6.0815e+008
6.19555e+008
6.30603e+008
6.41397e+008
6.52017e+008
6.62313e+008
6.72213e+008
6.81688e+008
6.90726e+008
6.9932e+008
7.07472e+008
7.1518e+008
7.22449e+008
7.29282e+008
7.35682e+008
7.41655e+008
7.47206e+008
7.52339e+008
7.57061e+008
7.61377e+008
7.65293e+008
7.68812e+008
7.71935e+008
7.74668e+008
7.77029e+008
7.79033e+008
7.80644e+008
7.81843e+008
7.8263e+008
7.83015e+008
7.83038e+008
7.82703e+008
7.81999e+008
7.80917e+008
7.79457e+008
7.77621e+008
7.75411e+008
7.72833e+008
7.69891e+008
7.66592e+008
7.62939e+008
7.58942e+008
7.54617e+008
7.49991e+008
7.45099e+008
7.40023e+008
7.34784e+008
7.29335e+008
7.23656e+008
7.17736e+008
7.11571e+008
7.05159e+008
6.98494e+008
6.91574e+008
6.84393e+008
6.76946e+008
6.69229e+008
6.61238e+008
6.52969e+008
6.44425e+008
6.35617e+008
6.26577e+008
6.17387e+008
6.08249e+008
5.99228e+008
5.90173e+008
5.81023e+008
5.71765e+008
5.62415e+008
5.53006e+008
5.43585e+008
5.34255e+008
5.25184e+008
5.16573e+008
5.08677e+008
5.01736e+008
4.95896e+008
4.9133e+008
4.88236e+008
4.86781e+008
4.87095e+008
4.89276e+008
4.93422e+008
4.99697e+008
5.08486e+008
5.19624e+008
5.3271e+008
5.47534e+008
5.63976e+008
5.8197e+008
6.01501e+008
6.22438e+008
6.44604e+008
6.67923e+008
6.9234e+008
7.17819e+008
7.44325e+008
7.71834e+008
8.0032e+008
8.29764e+008
8.60147e+008
8.91453e+008
9.23668e+008
9.56781e+008
9.9078e+008
1.02566e+009
1.06141e+009
1.09805e+009
1.13558e+009
1.17407e+009
1.21364e+009
1.25462e+009
1.29783e+009
1.34265e+009
1.38864e+009
1.43557e+009
1.48332e+009
1.53179e+009
1.58089e+009
1.63053e+009
1.68061e+009
1.731e+009
1.78158e+009
1.83244e+009
1.8833e+009
1.93386e+009
1.98397e+009
2.03334e+009
2.08158e+009
2.12848e+009
2.17392e+009
2.21778e+009
2.25989e+009
2.30009e+009
2.33821e+009
2.3741e+009
2.40761e+009
2.4386e+009
2.46692e+009
2.49244e+009
2.51502e+009
2.53452e+009
2.55081e+009
2.56376e+009
2.57325e+009
2.57917e+009
2.58144e+009
2.57997e+009
2.57472e+009
2.56573e+009
2.55309e+009
2.53703e+009
2.51799e+009
2.49682e+009
2.47487e+009
2.45152e+009
2.42588e+009
2.3977e+009
2.36694e+009
2.33372e+009
2.29814e+009
2.26037e+009
2.22057e+009
2.1789e+009
2.13553e+009
2.09062e+009
2.04434e+009
1.99686e+009
1.94837e+009
1.89905e+009
1.84911e+009
1.79872e+009
1.74814e+009
1.69841e+009
1.65109e+009
1.60635e+009
1.56468e+009
1.52688e+009
1.49411e+009
1.46792e+009
1.45134e+009
6.29219e+008
4.64014e+008
4.77318e+008
5.12855e+008
5.52192e+008
5.89833e+008
6.25e+008
6.57755e+008
6.8838e+008
7.17116e+008
7.44184e+008
7.69756e+008
7.93986e+008
8.17001e+008
8.38905e+008
8.59789e+008
8.7973e+008
8.98797e+008
9.17052e+008
9.34552e+008
9.51355e+008
9.67554e+008
9.83443e+008
9.99325e+008
1.01469e+009
1.02945e+009
1.04358e+009
1.05709e+009
1.06997e+009
1.08225e+009
1.09391e+009
1.10496e+009
1.1154e+009
1.12524e+009
1.13446e+009
1.14307e+009
1.15106e+009
1.15844e+009
1.1652e+009
1.17136e+009
1.17689e+009
1.18179e+009
1.18606e+009
1.18975e+009
1.19294e+009
1.19545e+009
1.19727e+009
1.19842e+009
1.19891e+009
1.19881e+009
1.19822e+009
1.19704e+009
1.19528e+009
1.19293e+009
1.19002e+009
1.18656e+009
1.18255e+009
1.17802e+009
1.17298e+009
1.16744e+009
1.16139e+009
1.15487e+009
1.14792e+009
1.14057e+009
1.13304e+009
1.12539e+009
1.11743e+009
1.10911e+009
1.1004e+009
1.09131e+009
1.0818e+009
1.07187e+009
1.06148e+009
1.05063e+009
1.03929e+009
1.02743e+009
1.01505e+009
1.00212e+009
9.88634e+008
9.74594e+008
9.60021e+008
9.45037e+008
9.30216e+008
9.15782e+008
9.01181e+008
8.86332e+008
8.71263e+008
8.56042e+008
8.40752e+008
8.25446e+008
8.10306e+008
7.95723e+008
7.82081e+008
7.69933e+008
7.59561e+008
7.51116e+008
7.44849e+008
7.41132e+008
7.40213e+008
7.42237e+008
7.47284e+008
7.55387e+008
7.66699e+008
7.82361e+008
8.02219e+008
8.24976e+008
8.50255e+008
8.77859e+008
9.07639e+008
9.39531e+008
9.73671e+008
1.00964e+009
1.04715e+009
1.08609e+009
1.12641e+009
1.16801e+009
1.21085e+009
1.2549e+009
1.30012e+009
1.34646e+009
1.39389e+009
1.44239e+009
1.49192e+009
1.54245e+009
1.59396e+009
1.64644e+009
1.69987e+009
1.75425e+009
1.80959e+009
1.866e+009
1.92373e+009
1.98602e+009
2.05099e+009
2.11738e+009
2.18485e+009
2.25337e+009
2.32287e+009
2.39326e+009
2.46449e+009
2.53645e+009
2.60893e+009
2.68143e+009
2.75407e+009
2.82777e+009
2.90162e+009
2.9755e+009
3.04884e+009
3.12061e+009
3.19045e+009
3.2585e+009
3.32458e+009
3.38842e+009
3.44975e+009
3.50831e+009
3.56384e+009
3.61612e+009
3.66495e+009
3.71011e+009
3.75138e+009
3.78856e+009
3.82144e+009
3.84984e+009
3.87355e+009
3.89239e+009
3.90618e+009
3.91473e+009
3.9179e+009
3.91554e+009
3.90758e+009
3.89401e+009
3.875e+009
3.85108e+009
3.82376e+009
3.79791e+009
3.77082e+009
3.73989e+009
3.70471e+009
3.66526e+009
3.62165e+009
3.57399e+009
3.52243e+009
3.4671e+009
3.40814e+009
3.34571e+009
3.27993e+009
3.21095e+009
3.13888e+009
3.06383e+009
2.98585e+009
2.90512e+009
2.82173e+009
2.7355e+009
2.65045e+009
2.5673e+009
2.48611e+009
2.40815e+009
2.33581e+009
2.27223e+009
2.22197e+009
2.19337e+009
6.48269e+008
9.54603e+008
1.19533e+009
1.38114e+009
1.5367e+009
1.66968e+009
1.7868e+009
1.89243e+009
1.98864e+009
2.07697e+009
2.1586e+009
2.23432e+009
2.3049e+009
2.37095e+009
2.43291e+009
2.49119e+009
2.54614e+009
2.59809e+009
2.64734e+009
2.69416e+009
2.73876e+009
2.78129e+009
2.82223e+009
2.86253e+009
2.90144e+009
2.9391e+009
2.97565e+009
3.01119e+009
3.04579e+009
3.07946e+009
3.11218e+009
3.14391e+009
3.17457e+009
3.20407e+009
3.23229e+009
3.25912e+009
3.28442e+009
3.30807e+009
3.32995e+009
3.34993e+009
3.36794e+009
3.3839e+009
3.39774e+009
3.4094e+009
3.41899e+009
3.42632e+009
3.43144e+009
3.43445e+009
3.43537e+009
3.43428e+009
3.43129e+009
3.42644e+009
3.41985e+009
3.41167e+009
3.40201e+009
3.391e+009
3.37875e+009
3.36537e+009
3.35096e+009
3.33561e+009
3.3194e+009
3.30235e+009
3.28444e+009
3.26565e+009
3.24638e+009
3.22646e+009
3.20562e+009
3.18374e+009
3.16069e+009
3.1364e+009
3.1108e+009
3.08373e+009
3.05504e+009
3.02459e+009
2.99225e+009
2.95789e+009
2.92142e+009
2.88274e+009
2.84179e+009
2.79853e+009
2.75292e+009
2.70486e+009
2.65534e+009
2.60487e+009
2.5528e+009
2.49947e+009
2.44539e+009
2.39115e+009
2.33748e+009
2.28529e+009
2.23551e+009
2.1889e+009
2.14659e+009
2.11044e+009
2.08105e+009
2.05962e+009
2.04722e+009
2.04455e+009
2.05213e+009
2.07025e+009
2.09892e+009
2.13793e+009
2.18711e+009
2.24808e+009
2.31864e+009
2.39686e+009
2.48235e+009
2.57446e+009
2.67231e+009
2.77523e+009
2.88348e+009
2.99747e+009
3.11592e+009
3.23758e+009
3.36193e+009
3.48817e+009
3.61645e+009
3.74665e+009
3.87858e+009
4.01207e+009
4.14695e+009
4.28309e+009
4.42039e+009
4.55876e+009
4.69812e+009
4.83844e+009
4.97967e+009
5.12177e+009
5.26468e+009
5.40834e+009
5.55292e+009
5.70253e+009
5.85405e+009
6.00684e+009
6.16128e+009
6.31763e+009
6.4761e+009
6.63687e+009
6.8001e+009
6.96593e+009
7.13469e+009
7.30683e+009
7.48193e+009
7.65904e+009
7.83867e+009
8.01912e+009
8.19918e+009
8.37987e+009
8.56044e+009
8.73957e+009
8.91625e+009
9.08963e+009
9.25893e+009
9.42337e+009
9.58225e+009
9.73487e+009
9.8806e+009
1.00189e+010
1.01493e+010
1.02713e+010
1.03846e+010
1.04888e+010
1.05837e+010
1.0669e+010
1.07444e+010
1.08096e+010
1.08645e+010
1.09086e+010
1.09415e+010
1.09628e+010
1.09721e+010
1.09691e+010
1.0955e+010
1.09369e+010
1.09092e+010
1.08686e+010
1.08156e+010
1.07498e+010
1.06711e+010
1.0579e+010
1.04733e+010
1.03535e+010
1.02193e+010
1.00702e+010
9.90591e+009
9.7261e+009
9.5303e+009
9.31754e+009
9.08509e+009
8.83483e+009
8.56918e+009
8.29126e+009
8.01301e+009
7.73225e+009
7.45106e+009
7.17764e+009
6.93201e+009
6.72543e+009
6.60529e+009
6.56189e+009
)
;

boundaryField
{
    walls
    {
        Cmu             0.09;
        kappa           0.41;
        E               9.8;
        beta1           0.075;
        blended         false;
        type            omegaWallFunction;
        value           nonuniform List<scalar> 
400
(
6.46323e+008
9.33557e+008
1.15624e+009
1.32503e+009
1.46578e+009
1.58696e+009
1.69483e+009
1.79365e+009
1.88527e+009
1.97145e+009
2.05356e+009
2.13246e+009
2.20862e+009
2.28237e+009
2.35391e+009
2.42333e+009
2.49064e+009
2.5558e+009
2.61872e+009
2.6793e+009
2.73741e+009
2.79295e+009
2.84649e+009
2.89775e+009
2.94616e+009
2.99178e+009
3.03465e+009
3.0748e+009
3.11229e+009
3.14718e+009
3.17954e+009
3.20946e+009
3.23704e+009
3.26239e+009
3.28562e+009
3.30685e+009
3.32617e+009
3.34371e+009
3.35959e+009
3.37387e+009
3.38662e+009
3.3979e+009
3.40777e+009
3.41633e+009
3.42369e+009
3.42971e+009
3.43436e+009
3.43758e+009
3.43938e+009
3.43985e+009
3.43893e+009
3.43643e+009
3.43229e+009
3.42644e+009
3.41883e+009
3.4094e+009
3.39811e+009
3.3849e+009
3.36975e+009
3.3526e+009
3.33344e+009
3.31231e+009
3.28927e+009
3.26427e+009
3.23791e+009
3.21003e+009
3.18056e+009
3.14974e+009
3.11777e+009
3.08481e+009
3.05108e+009
3.01681e+009
2.98223e+009
2.94754e+009
2.91294e+009
2.87858e+009
2.84459e+009
2.81107e+009
2.77804e+009
2.74549e+009
2.71334e+009
2.68155e+009
2.65099e+009
2.62126e+009
2.59138e+009
2.56138e+009
2.53118e+009
2.50071e+009
2.46989e+009
2.43855e+009
2.40661e+009
2.37457e+009
2.34284e+009
2.31221e+009
2.28287e+009
2.25474e+009
2.22794e+009
2.20336e+009
2.18178e+009
2.16401e+009
2.15092e+009
2.14334e+009
2.14203e+009
2.15031e+009
2.16883e+009
2.19696e+009
2.23556e+009
2.28553e+009
2.34767e+009
2.42231e+009
2.5095e+009
2.61055e+009
2.72202e+009
2.84451e+009
2.97788e+009
3.12138e+009
3.27399e+009
3.43484e+009
3.60307e+009
3.77793e+009
3.95872e+009
4.14479e+009
4.33552e+009
4.53036e+009
4.72876e+009
4.93024e+009
5.13432e+009
5.34058e+009
5.54866e+009
5.75863e+009
5.97313e+009
6.18961e+009
6.40625e+009
6.62329e+009
6.84057e+009
7.05785e+009
7.27485e+009
7.49126e+009
7.70678e+009
7.92106e+009
8.13364e+009
8.34373e+009
8.55057e+009
8.75542e+009
8.95875e+009
9.16164e+009
9.36114e+009
9.55578e+009
9.74361e+009
9.92552e+009
1.01013e+010
1.02706e+010
1.04329e+010
1.05878e+010
1.07346e+010
1.0873e+010
1.10024e+010
1.11222e+010
1.12318e+010
1.13306e+010
1.1418e+010
1.14933e+010
1.15558e+010
1.16047e+010
1.16393e+010
1.16588e+010
1.16622e+010
1.16487e+010
1.16174e+010
1.15673e+010
1.14974e+010
1.14066e+010
1.12938e+010
1.11576e+010
1.09976e+010
1.08243e+010
1.06273e+010
1.04044e+010
1.01549e+010
9.87899e+009
9.57679e+009
9.24885e+009
8.89603e+009
8.51963e+009
8.12186e+009
7.70638e+009
7.27942e+009
6.851e+009
6.43009e+009
6.00013e+009
5.61337e+009
5.26659e+009
4.94549e+009
4.62135e+009
4.25461e+009
3.80704e+009
3.264e+009
2.58802e+009
1.74838e+009
8.27934e+008
6.48269e+008
9.54603e+008
1.19533e+009
1.38114e+009
1.5367e+009
1.66968e+009
1.7868e+009
1.89243e+009
1.98864e+009
2.07697e+009
2.1586e+009
2.23432e+009
2.3049e+009
2.37095e+009
2.43291e+009
2.49119e+009
2.54614e+009
2.59809e+009
2.64734e+009
2.69416e+009
2.73876e+009
2.78129e+009
2.82223e+009
2.86253e+009
2.90144e+009
2.9391e+009
2.97565e+009
3.01119e+009
3.04579e+009
3.07946e+009
3.11218e+009
3.14391e+009
3.17457e+009
3.20407e+009
3.23229e+009
3.25912e+009
3.28442e+009
3.30807e+009
3.32995e+009
3.34993e+009
3.36794e+009
3.3839e+009
3.39774e+009
3.4094e+009
3.41899e+009
3.42632e+009
3.43144e+009
3.43445e+009
3.43537e+009
3.43428e+009
3.43129e+009
3.42644e+009
3.41985e+009
3.41167e+009
3.40201e+009
3.391e+009
3.37875e+009
3.36537e+009
3.35096e+009
3.33561e+009
3.3194e+009
3.30235e+009
3.28444e+009
3.26565e+009
3.24638e+009
3.22646e+009
3.20562e+009
3.18374e+009
3.16069e+009
3.1364e+009
3.1108e+009
3.08373e+009
3.05504e+009
3.02459e+009
2.99225e+009
2.95789e+009
2.92142e+009
2.88274e+009
2.84179e+009
2.79853e+009
2.75292e+009
2.70486e+009
2.65534e+009
2.60487e+009
2.5528e+009
2.49947e+009
2.44539e+009
2.39115e+009
2.33748e+009
2.28529e+009
2.23551e+009
2.1889e+009
2.14659e+009
2.11044e+009
2.08105e+009
2.05962e+009
2.04722e+009
2.04455e+009
2.05213e+009
2.07025e+009
2.09892e+009
2.13793e+009
2.18711e+009
2.24808e+009
2.31864e+009
2.39686e+009
2.48235e+009
2.57446e+009
2.67231e+009
2.77523e+009
2.88348e+009
2.99747e+009
3.11592e+009
3.23758e+009
3.36193e+009
3.48817e+009
3.61645e+009
3.74665e+009
3.87858e+009
4.01207e+009
4.14695e+009
4.28309e+009
4.42039e+009
4.55876e+009
4.69812e+009
4.83844e+009
4.97967e+009
5.12177e+009
5.26468e+009
5.40834e+009
5.55292e+009
5.70253e+009
5.85405e+009
6.00684e+009
6.16128e+009
6.31763e+009
6.4761e+009
6.63687e+009
6.8001e+009
6.96593e+009
7.13469e+009
7.30683e+009
7.48193e+009
7.65904e+009
7.83867e+009
8.01912e+009
8.19918e+009
8.37987e+009
8.56044e+009
8.73957e+009
8.91625e+009
9.08963e+009
9.25893e+009
9.42337e+009
9.58225e+009
9.73487e+009
9.8806e+009
1.00189e+010
1.01493e+010
1.02713e+010
1.03846e+010
1.04888e+010
1.05837e+010
1.0669e+010
1.07444e+010
1.08096e+010
1.08645e+010
1.09086e+010
1.09415e+010
1.09628e+010
1.09721e+010
1.09691e+010
1.0955e+010
1.09369e+010
1.09092e+010
1.08686e+010
1.08156e+010
1.07498e+010
1.06711e+010
1.0579e+010
1.04733e+010
1.03535e+010
1.02193e+010
1.00702e+010
9.90591e+009
9.7261e+009
9.5303e+009
9.31754e+009
9.08509e+009
8.83483e+009
8.56918e+009
8.29126e+009
8.01301e+009
7.73225e+009
7.45106e+009
7.17764e+009
6.93201e+009
6.72543e+009
6.60529e+009
6.56189e+009
)
;
    }
    inlet
    {
        type            fixedValue;
        value           uniform 1;
    }
    outlet
    {
        type            freestream;
        freestreamValue uniform 1;
        value           nonuniform List<scalar> 
20
(
1
1
1
1
1
1
1
1
1
1
1
1.88037e+009
1.39407e+009
1.19243e+009
1.11775e+009
1.12127e+009
1.20838e+009
1.45134e+009
2.19337e+009
6.56189e+009
)
;
    }
    frontAndBack
    {
        type            empty;
    }
}


// ************************************************************************* //
