/*--------------------------------*- C++ -*----------------------------------*\
| =========                 |                                                 |
| \\      /  F ield         | OpenFOAM: The Open Source CFD Toolbox           |
|  \\    /   O peration     | Version:  5.x                                   |
|   \\  /    A nd           | Web:      www.OpenFOAM.org                      |
|    \\/     M anipulation  |                                                 |
\*---------------------------------------------------------------------------*/
/*   Windows 32 and 64 bit porting by blueCAPE: http://www.bluecape.com.pt   *\
|  Based on Windows porting (2.0.x v4) by Symscape: http://www.symscape.com   |
\*---------------------------------------------------------------------------*/
FoamFile
{
    version     2.0;
    format      ascii;
    class       surfaceScalarField;
    location    "3000";
    object      phi;
}
// * * * * * * * * * * * * * * * * * * * * * * * * * * * * * * * * * * * * * //

dimensions      [0 3 -1 0 0 0 0];

internalField   nonuniform List<scalar> 
7780
(
0.577353
-0.577303
1.12661
-0.549252
1.39364
-0.267032
1.3682
0.0254387
1.11401
0.254193
0.697899
0.416107
0.161494
0.536405
-0.470754
0.632248
-1.17724
0.706489
-1.9396
0.762358
-2.73125
0.791647
-3.52407
0.79282
-4.29665
0.772578
-5.03011
0.733459
-5.70767
0.677564
-6.3151
0.607431
-6.84088
0.525784
-7.27634
0.435458
-7.61585
0.339506
-7.85684
0.240992
-7.99899
0.142152
-8.04227
0.0432798
-7.99045
-0.0518204
-7.85516
-0.135295
-7.64849
-0.20667
-7.38108
-0.267402
-7.06455
-0.316536
-6.7112
-0.353347
-6.33346
-0.377739
-5.94348
-0.389978
-5.55274
-0.390745
-5.17172
-0.381017
-4.8097
-0.362023
-4.47447
-0.335227
-4.17224
-0.30223
-3.90752
-0.264721
-3.68309
-0.224431
-3.4999
-0.18319
-3.35647
-0.143431
-3.25033
-0.106139
-3.17905
-0.0712754
-3.13857
-0.040482
-3.12436
-0.0142089
-3.12944
0.00507362
-3.14626
0.0168268
-3.16727
0.0210099
-3.18653
0.0192602
-3.20117
0.0146354
-3.20663
0.00546195
-3.19636
-0.0102674
-3.16432
-0.0320442
-3.10921
-0.0551065
-3.03157
-0.07764
-2.93239
-0.0991815
-2.81392
-0.118469
-2.67984
-0.134082
-2.53506
-0.144782
-2.38487
-0.150186
-2.23591
-0.148958
-2.09707
-0.138845
-1.97864
-0.118428
-1.88801
-0.0906263
-1.83082
-0.0571933
-1.81727
-0.013555
-1.85477
0.0375095
-1.94937
0.094598
-2.10692
0.157545
-2.32752
0.220598
-2.60949
0.281977
-2.95251
0.34302
-3.35278
0.400273
-3.80275
0.449965
-4.29198
0.489235
-4.80745
0.515465
-5.3338
0.526355
-5.85377
0.519961
-6.34844
0.49468
-6.79794
0.449496
-7.18197
0.384034
-7.48063
0.298655
-7.6741
0.193471
-7.73967
0.0655721
-7.65744
-0.0822315
-7.41958
-0.237864
-7.02138
-0.3982
-6.45774
-0.563635
-5.72775
-0.729992
-4.83516
-0.892586
-3.78942
-1.04575
-2.6134
-1.17602
-1.34275
-1.27065
0.00208566
-1.34483
1.4081
-1.40602
2.84586
-1.43776
4.30215
-1.45629
5.74005
-1.4379
7.10205
-1.362
8.34866
-1.24662
9.44372
-1.09506
10.3524
-0.908645
11.042
-0.689672
11.4809
-0.438825
11.6304
-0.149562
11.4484
0.181983
10.9197
0.528792
10.0347
0.884981
8.7791
1.25557
7.1463
1.6328
5.1627
1.9836
2.86172
2.30097
0.258104
2.60362
-2.64403
2.90213
-5.8426
3.19857
-9.30985
3.46726
-12.9685
3.65869
-16.7366
3.7681
-20.5535
3.81686
-24.3604
3.80691
-28.1015
3.74112
-31.7251
3.62353
-35.1802
3.45518
-38.4192
3.23896
-41.3976
2.97839
-44.075
2.67738
-46.415
2.34008
-48.3858
1.97076
-49.9591
1.57328
-51.1096
1.15049
-51.8142
0.704647
-52.0383
0.224124
-51.7649
-0.273445
-51.0046
-0.760326
-49.7633
-1.24127
-48.0372
-1.72609
-45.8258
-2.21139
-43.1319
-2.69388
-39.9612
-3.17076
-36.3214
-3.63981
-32.222
-4.09941
-27.6746
-4.54738
-22.6971
-4.97752
-17.3346
-5.36249
-11.6864
-5.64817
-5.76593
-5.92047
0.473629
-6.23956
7.00757
-6.53394
13.9119
-6.90436
21.1517
-7.23977
28.6042
-7.45253
36.2325
-7.62825
44.0136
-7.78112
51.9254
-7.91184
59.9453
-8.01989
68.0502
-8.10485
76.2167
-8.16648
84.4212
-8.20455
92.6398
-8.21861
100.847
-8.2075
109.017
-8.1695
117.119
-8.10239
125.122
-8.00327
132.991
-7.86858
140.685
-7.69396
148.159
-7.47429
155.363
-7.20363
162.238
-6.87524
168.72
-6.48167
174.735
-6.01479
180.201
-5.46612
185.028
-4.82715
189.117
-4.0891
192.361
-3.24438
194.647
-2.28546
195.834
-1.18666
195.729
0.104679
194.174
1.5553
191.05
3.1236
186.241
4.80911
179.619
6.62155
171.061
8.55825
160.455
10.606
147.711
12.7444
132.763
14.9472
115.57
17.193
96.1462
19.4242
74.5927
21.5534
51.2029
23.3898
26.7493
24.4537
2.18198
24.5673
-22.4432
24.6251
-46.9808
24.5377
-70.2567
23.2759
-90.7654
20.5087
-106.96
16.195
-117.484
10.5239
-121.147
3.66261
-117.694
-3.45307
-108.639
-9.05472
-96.9168
-11.7223
-7.53911
0.48726
-1.06451
0.592235
-0.654228
0.553027
-0.227824
0.40654
0.171926
0.154148
0.506585
-0.203006
0.773261
-0.65168
0.985078
-1.17128
1.15185
-1.74231
1.27752
-2.34433
1.36439
-2.96297
1.41028
-3.5849
1.41476
-4.19386
1.38154
-4.7747
1.3143
-5.31395
1.21681
-5.79994
1.09343
-6.22307
0.948907
-6.57598
0.788367
-6.8536
0.617125
-7.05305
0.440449
-7.17405
0.263146
-7.22025
0.0894857
-7.19692
-0.0751525
-7.1076
-0.22461
-6.95848
-0.355794
-6.75851
-0.467371
-6.51718
-0.557869
-6.2442
-0.626327
-5.94937
-0.672571
-5.64225
-0.697099
-5.33193
-0.701068
-5.02675
-0.686189
-4.73413
-0.654644
-4.46035
-0.60901
-4.21044
-0.552136
-3.98812
-0.487048
-3.79569
-0.416855
-3.63418
-0.344701
-3.5039
-0.273715
-3.40371
-0.206331
-3.33045
-0.144529
-3.28032
-0.0906154
-3.24995
-0.0445803
-3.23503
-0.00984855
-3.2301
0.0119011
-3.23072
0.0216258
-3.23251
0.0210529
-3.23005
0.0121772
-3.21901
-0.00557551
-3.19724
-0.0320364
-3.16313
-0.0661616
-3.1139
-0.104332
-3.04876
-0.142783
-2.96839
-0.179555
-2.87455
-0.212307
-2.76998
-0.238651
-2.65837
-0.256392
-2.54487
-0.263683
-2.43529
-0.258536
-2.3352
-0.238938
-2.25022
-0.203404
-2.18628
-0.154575
-2.15129
-0.0921753
-2.15121
-0.0136404
-2.19105
0.077355
-2.27426
0.1778
-2.40311
0.286403
-2.58099
0.398472
-2.80878
0.509773
-3.08318
0.617411
-3.39968
0.716774
-3.75238
0.802669
-4.13329
0.870148
-4.5324
0.914568
-4.93778
0.931736
-5.33588
0.918059
-5.71189
0.870696
-6.05011
0.787712
-6.33427
0.668194
-6.54791
0.512294
-6.67531
0.320876
-6.70507
0.0953309
-6.628
-0.159306
-6.43146
-0.434397
-6.10649
-0.723169
-5.65048
-1.01965
-5.06444
-1.31603
-4.3537
-1.60332
-3.52825
-1.8712
-2.59735
-2.10692
-1.56753
-2.30047
-0.459528
-2.45283
0.695281
-2.56083
1.87316
-2.61564
3.03371
-2.61684
4.1486
-2.55278
5.19797
-2.41137
6.14789
-2.19654
6.96381
-1.91098
7.6124
-1.55724
8.06161
-1.13888
8.2819
-0.659111
8.25169
-0.119351
7.95989
0.473781
7.38541
1.10327
6.51352
1.75687
5.34408
2.42501
3.88483
3.09206
2.13288
3.73555
0.0894778
4.34437
-2.22472
4.91782
-4.76779
5.4452
-7.48361
5.91439
-10.3246
6.30829
-13.2662
6.60023
-16.2773
6.77918
-19.3098
6.8494
-22.3171
6.81419
-25.2534
6.67749
-28.0734
6.44352
-30.7352
6.11697
-33.1997
5.70347
-35.4307
5.20932
-37.3946
4.64131
-39.061
4.00649
-40.4021
3.31187
-41.393
2.56419
-42.0123
1.76971
-42.2416
0.933999
-42.0795
0.061962
-41.5195
-0.833442
-40.5422
-1.7376
-39.1376
-2.6459
-37.3067
-3.55695
-35.0522
-4.46592
-32.3789
-5.36718
-29.2945
-6.25507
-25.8104
-7.12394
-21.9419
-7.96797
-17.7091
-8.78015
-13.1354
-9.55125
-8.23252
-10.2653
-2.97254
-10.9081
2.62448
-11.5175
8.49728
-12.1124
14.6374
-12.6741
20.9558
-13.2228
27.4389
-13.7229
34.1181
-14.1318
40.9632
-14.4733
47.9418
-14.7597
55.0256
-14.9956
62.1891
-15.1834
69.408
-15.3238
76.6588
-15.4173
83.9181
-15.4638
91.1618
-15.4623
98.3649
-15.4107
105.501
-15.3059
112.543
-15.1437
119.458
-14.919
126.215
-14.6252
132.776
-14.2545
139.099
-13.7977
145.139
-13.244
150.846
-12.5816
156.161
-11.7972
161.023
-10.8768
165.362
-9.80522
169.102
-8.56723
172.161
-7.14726
174.446
-5.53019
175.862
-3.7009
176.312
-1.63684
175.725
0.691709
174.008
3.27263
171.044
6.08696
166.728
9.1249
160.973
12.3775
153.704
15.8272
144.865
19.4442
134.424
23.1857
122.378
26.993
108.78
30.791
93.7277
34.4768
77.3813
37.8998
59.9363
40.8349
41.3916
42.9983
21.7214
44.2375
1.79155
44.555
-17.4297
43.7589
-35.6657
41.5119
-52.6207
37.4636
-67.8963
31.4706
-80.8915
23.5191
-91.0038
13.7748
-97.4162
2.95937
-98.9908
-7.4801
-96.1303
-14.5827
-11.4134
0.209271
-1.27373
0.168846
-0.613802
0.0375741
-0.0965526
-0.151527
0.361027
-0.400771
0.755828
-0.714684
1.08717
-1.08938
1.35977
-1.51519
1.57766
-1.98023
1.74256
-2.47103
1.85518
-2.97553
1.91479
-3.48254
1.92177
-3.97993
1.87892
-4.45581
1.79018
-4.89928
1.66028
-5.30072
1.49487
-5.65213
1.30032
-5.94729
1.08353
-6.18184
0.851674
-6.35337
0.611977
-6.46162
0.371394
-6.50866
0.136531
-6.49786
-0.0859491
-6.43278
-0.289697
-6.3184
-0.470173
-6.16142
-0.624352
-5.96928
-0.750009
-5.74977
-0.845837
-5.5108
-0.911534
-5.26017
-0.947734
-5.00528
-0.955958
-4.75299
-0.938475
-4.50943
-0.898205
-4.27982
-0.838618
-4.0684
-0.763555
-3.87835
-0.677105
-3.71174
-0.583459
-3.56967
-0.486778
-3.45232
-0.391057
-3.35883
-0.299823
-3.28718
-0.21618
-3.23463
-0.143169
-3.19765
-0.0815617
-3.17333
-0.0341683
-3.15808
-0.00334438
-3.14862
0.0121654
-3.14089
0.013321
-3.13014
0.00143326
-3.11306
-0.0226565
-3.08762
-0.0574778
-3.05297
-0.10081
-3.00796
-0.149349
-2.95152
-0.199214
-2.88403
-0.247048
-2.80683
-0.289511
-2.72214
-0.323341
-2.63302
-0.34551
-2.54342
-0.353279
-2.45779
-0.344174
-2.38053
-0.316192
-2.31565
-0.26828
-2.26877
-0.201463
-2.24601
-0.114929
-2.25198
-0.00767166
-2.29039
0.115764
-2.36377
0.251184
-2.47406
0.396691
-2.62292
0.547329
-2.81079
0.697641
-3.03558
0.842203
-3.29363
0.974823
-3.57988
1.08892
-3.88771
1.17798
-4.20892
1.23578
-4.53385
1.25667
-4.85157
1.23578
-5.15013
1.16926
-5.41687
1.05444
-5.63875
0.890074
-5.80284
0.676384
-5.89712
0.415158
-5.91163
0.109847
-5.83754
-0.2334
-5.66601
-0.605924
-5.39056
-0.998623
-5.00841
-1.4018
-4.52007
-1.80438
-3.92925
-2.19414
-3.24251
-2.55794
-2.46737
-2.88207
-1.61334
-3.15449
-0.698412
-3.36776
0.254714
-3.51395
1.2227
-3.58363
2.17634
-3.57048
3.08867
-3.46511
3.93678
-3.25947
4.69303
-2.9528
5.32836
-2.54631
5.81421
-2.04309
6.12344
-1.44811
6.232
-0.767671
6.12217
-0.00951862
5.78135
0.814601
5.197
1.68762
4.36167
2.5922
3.27615
3.51053
1.94615
4.42205
0.37743
5.30427
-1.41762
6.13942
-3.41337
6.91357
-5.57776
7.60959
-7.87369
8.21032
-10.2633
8.69791
-12.7167
9.05365
-15.205
9.26739
-17.693
9.33745
-20.1442
9.26537
-22.5217
9.05499
-24.7895
8.71128
-26.9132
8.24068
-28.8604
7.65069
-30.6007
6.94966
-32.1059
6.14652
-33.35
5.25059
-34.3095
4.2713
-34.9633
3.218
-35.2937
2.10011
-35.2868
0.927163
-34.934
-0.290876
-34.2258
-1.54161
-33.1511
-2.81229
-31.7029
-4.0941
-29.88
-5.37988
-27.6843
-6.66163
-25.1204
-7.93106
-22.1958
-9.17972
-18.9206
-10.3992
-15.3077
-11.5808
-11.3721
-12.7158
-7.12835
-13.795
-2.58482
-14.8089
2.25972
-15.7527
7.38164
-16.6394
12.7444
-17.4752
18.3231
-18.2527
24.0741
-18.9738
29.9723
-19.6211
36.0177
-20.1771
42.1925
-20.6482
48.4731
-21.0403
54.8351
-21.3576
61.2551
-21.6034
67.7104
-21.779
74.1782
-21.8852
80.636
-21.9216
87.0608
-21.8871
93.4289
-21.7788
99.7152
-21.5921
105.893
-21.3216
111.934
-20.9598
117.807
-20.498
123.477
-19.9253
128.909
-19.2293
134.061
-18.3956
138.887
-17.4081
143.339
-16.2493
147.363
-14.9004
150.9
-13.3421
153.887
-11.5543
156.257
-9.51742
157.939
-7.21201
158.857
-4.61932
158.939
-1.71911
158.127
1.50401
156.353
5.04668
153.544
8.89566
149.634
13.0353
144.567
17.4442
138.304
22.09
130.823
26.9261
122.12
31.8883
112.221
36.892
101.183
41.8287
89.1009
46.5593
76.0942
50.9065
62.282
54.647
47.7473
57.533
32.6326
59.3523
17.2499
59.9376
1.93778
59.0711
-13.0398
56.4895
-27.5159
51.9398
-41.3082
45.2629
-54.2071
36.418
-65.9646
25.5323
-76.1046
13.0994
-83.6254
0.0406222
-87.138
-11.0701
-11.909
-0.047767
-1.22592
-0.152828
-0.508741
-0.30732
0.0579395
-0.497192
0.550899
-0.725004
0.98364
-0.995047
1.35722
-1.30715
1.67188
-1.6568
1.92731
-2.03674
2.1225
-2.43793
2.25637
-2.85114
2.32799
-3.26705
2.33768
-3.676
2.28787
-4.06846
2.18263
-4.43548
2.02731
-4.76913
1.82852
-5.06268
1.59387
-5.31084
1.33168
-5.50984
1.05068
-5.65756
0.759697
-5.75355
0.467376
-5.79898
0.181962
-5.7962
-0.0887275
-5.74827
-0.337632
-5.65928
-0.559154
-5.53448
-0.749158
-5.37977
-0.904721
-5.20145
-1.02415
-5.00598
-1.107
-4.79975
-1.15397
-4.58886
-1.16685
-4.37898
-1.14835
-4.17523
-1.10196
-3.98198
-1.03187
-3.80281
-0.942726
-3.64044
-0.83947
-3.49673
-0.727167
-3.37268
-0.610829
-3.26849
-0.495248
-3.18352
-0.384791
-3.11637
-0.283333
-3.06528
-0.194256
-3.02703
-0.119813
-2.99896
-0.0622407
-2.97896
-0.0233444
-2.96393
-0.00286156
-2.95056
-5.46683e-005
-2.93554
-0.0135857
-2.91632
-0.0418785
-2.89104
-0.0827505
-2.85857
-0.133281
-2.81813
-0.189788
-2.76925
-0.248101
-2.71221
-0.304083
-2.64809
-0.353629
-2.57868
-0.39276
-2.50639
-0.417795
-2.43431
-0.425359
-2.36592
-0.412566
-2.30484
-0.377273
-2.25483
-0.318288
-2.22038
-0.235906
-2.20561
-0.1297
-2.21395
0.0006679
-2.2484
0.150213
-2.31158
0.314362
-2.40511
0.490221
-2.52989
0.67211
-2.6858
0.853546
-2.87118
1.02759
-3.08308
1.18672
-3.31728
1.32312
-3.5683
1.42899
-3.82938
1.49686
-4.09262
1.51991
-4.34912
1.49228
-4.58917
1.40931
-4.80248
1.26776
-4.97855
1.06614
-5.10701
0.804844
-5.17815
0.48629
-5.18337
0.115075
-5.11509
-0.301682
-4.96649
-0.754524
-4.73257
-1.23255
-4.41084
-1.72353
-4.00139
-2.21382
-3.50688
-2.68865
-2.93234
-3.13247
-2.28481
-3.5296
-1.57395
-3.86535
-0.814319
-4.1274
-0.0242517
-4.30402
0.775941
-4.38382
1.56285
-4.35739
2.31317
-4.21543
3.00453
-3.95084
3.61287
-3.56113
4.11349
-3.04693
4.48225
-2.41185
4.6966
-1.66246
4.737
-0.808077
4.58837
0.139119
4.23976
1.16321
3.68313
2.24425
2.915
3.36033
1.93753
4.488
0.757399
5.60218
-0.615633
6.6773
-2.16628
7.69007
-3.87204
8.61934
-5.70627
9.44382
-7.63963
10.1437
-9.64245
10.7007
-11.6879
11.0991
-13.7499
11.3293
-15.7999
11.3874
-17.8084
11.2739
-19.7459
10.9925
-21.5832
10.5486
-23.2921
9.94963
-24.8457
9.20427
-26.2184
8.32232
-27.3862
7.31432
-28.3269
6.19137
-29.0205
4.96489
-29.449
3.64645
-29.5969
2.24801
-29.4515
0.781748
-29.0025
-0.739807
-28.241
-2.30317
-27.1585
-3.89482
-25.7496
-5.50299
-24.0126
-7.11683
-21.9488
-8.72542
-19.5621
-10.3178
-16.8587
-11.8831
-13.8473
-13.4105
-10.5385
-14.8897
-6.94377
-16.3105
-3.07501
-17.6637
1.05766
-18.9415
5.44441
-20.1394
10.0647
-21.2597
14.8915
-22.302
19.9004
-23.2616
25.062
-24.1354
30.355
-24.9141
35.7671
-25.5892
41.2812
-26.1623
46.8773
-26.6363
52.5344
-27.0148
58.2318
-27.3007
63.9485
-27.4958
69.6636
-27.6002
75.3559
-27.6139
81.0043
-27.5356
86.5868
-27.3612
92.0801
-27.0854
97.4595
-26.701
102.699
-26.1992
107.77
-25.5693
112.643
-24.7981
117.284
-23.8704
121.657
-22.769
125.724
-21.4746
129.441
-19.9664
132.763
-18.2224
135.641
-16.2199
138.022
-13.936
139.853
-11.3484
141.077
-8.4357
141.636
-5.17865
141.478
-1.56096
140.555
2.42716
138.82
6.78229
136.225
11.4907
132.729
16.5307
128.303
21.8704
122.928
27.4645
116.604
33.2507
109.345
39.1474
101.187
45.0497
92.1887
50.827
82.4291
56.3188
72.0027
61.333
61.0043
65.6454
49.5223
69.015
37.6665
71.2081
25.594
72.0101
13.4683
71.1968
1.41152
68.5463
-10.5147
63.866
-22.2853
57.0335
-33.9025
48.0353
-45.3602
36.9899
-56.4799
24.2192
-66.6672
10.2279
-74.2158
-3.52141
-8.73513
-0.196842
-1.02902
-0.345265
-0.360319
-0.506054
0.218729
-0.683782
0.728626
-0.883738
1.1836
-1.1108
1.58428
-1.36676
1.92784
-1.65006
2.21061
-1.95654
2.42898
-2.28019
2.58002
-2.61419
2.662
-2.95115
2.67465
-3.28338
2.6201
-3.60327
2.50253
-3.90356
2.3276
-4.17771
2.10267
-4.42013
1.83628
-4.62634
1.5379
-4.79313
1.21747
-4.91857
0.885135
-5.00205
0.55086
-5.04423
0.224144
-5.04677
-0.0861891
-5.01211
-0.372292
-4.94355
-0.627715
-4.8452
-0.847509
-4.72175
-1.02817
-4.57826
-1.16765
-4.41993
-1.26532
-4.25198
-1.32192
-4.07937
-1.33946
-3.90675
-1.32097
-3.73836
-1.27035
-3.57781
-1.19242
-3.42811
-1.09243
-3.29155
-0.97603
-3.16973
-0.848983
-3.06356
-0.717002
-2.97326
-0.58555
-2.89839
-0.459656
-2.83793
-0.34379
-2.79041
-0.241778
-2.75369
-0.156532
-2.72554
-0.0903898
-2.70399
-0.0448974
-2.68667
-0.0201813
-2.67104
-0.0156872
-2.65457
-0.0300496
-2.63525
-0.0612059
-2.61154
-0.106463
-2.58242
-0.162396
-2.54727
-0.224935
-2.50583
-0.289545
-2.45836
-0.351547
-2.40573
-0.406259
-2.34936
-0.449136
-2.29114
-0.476012
-2.23349
-0.48301
-2.17918
-0.46688
-2.13112
-0.425327
-2.09249
-0.356918
-2.06701
-0.261386
-2.05779
-0.13892
-2.06658
0.00945532
-2.09618
0.179813
-2.14937
0.367548
-2.22714
0.567993
-2.32998
0.77495
-2.45756
0.981125
-2.60851
1.17854
-2.78042
1.35864
-2.96986
1.51256
-3.17235
1.63148
-3.38242
1.70693
-3.59365
1.73114
-3.79889
1.69752
-3.99034
1.60075
-4.15973
1.43716
-4.29864
1.20505
-4.39874
0.904945
-4.45216
0.539703
-4.45175
0.114666
-4.3912
-0.362234
-4.26509
-0.880633
-4.06944
-1.4282
-3.80213
-1.99084
-3.46305
-2.55291
-3.05419
-3.09751
-2.57963
-3.60702
-2.04556
-4.06366
-1.46063
-4.45029
-0.836845
-4.75118
-0.189174
-4.95169
0.465376
-5.03837
1.10767
-4.99968
1.71784
-4.8256
2.27599
-4.50899
2.76144
-4.04658
3.15342
-3.4389
3.43185
-2.69028
3.57829
-1.80891
3.57697
-0.806748
3.41561
0.300475
3.08567
1.49315
2.58202
2.7479
1.90362
4.03873
1.05385
5.33777
0.0400158
6.61602
-1.12719
7.84451
-2.43296
8.99584
-3.85821
10.0446
-5.38121
10.9668
-6.97868
11.7411
-8.62707
12.3491
-10.3039
12.776
-11.9871
13.0126
-13.6536
13.0539
-15.2796
12.8998
-16.8416
12.5544
-18.3159
12.023
-19.6797
11.3134
-20.9106
10.4352
-21.9875
9.39918
-22.8902
8.21698
-23.5998
6.90105
-24.0993
5.46435
-24.3731
3.92022
-24.4075
2.28243
-24.1908
0.565084
-23.7132
-1.21742
-22.9663
-3.05012
-21.943
-4.91808
-20.6388
-6.80718
-19.0518
-8.70382
-17.1827
-10.5945
-15.0344
-12.4661
-12.6121
-14.3054
-9.9228
-16.0998
-6.97522
-17.8373
-3.77916
-19.5065
-0.345238
-21.0976
3.31545
-22.6022
7.19012
-24.0141
11.2608
-25.3303
15.506
-26.5473
19.9048
-27.6603
24.4345
-28.6652
29.0763
-29.5559
33.815
-30.3279
38.6339
-30.9812
43.5151
-31.5175
48.4401
-31.9398
53.3907
-32.2514
58.3483
-32.4534
63.2937
-32.5456
68.2079
-32.5281
73.072
-32.3997
77.8661
-32.1554
82.5692
-31.7885
87.1592
-31.2909
91.6127
-30.6528
95.905
-29.8616
100.009
-28.9024
103.897
-27.7581
107.537
-26.409
110.896
-24.8335
113.938
-23.0084
116.625
-20.9094
118.917
-18.5117
120.771
-15.7904
122.145
-12.7222
122.995
-9.28536
123.278
-5.46185
122.955
-1.23847
121.992
3.39015
120.357
8.41803
118.019
13.8281
114.958
19.5922
111.159
25.6692
106.621
32.0024
101.355
38.5166
95.3868
45.1158
88.7565
51.68
81.5198
58.0637
73.7448
64.0938
65.5083
69.5695
56.8877
74.266
47.9569
77.9457
38.7931
80.3719
29.4762
81.327
20.0754
80.5976
10.6217
78
1.08909
73.3985
-8.59888
66.7215
-18.5643
58.0007
-28.9398
47.3655
-39.7588
35.0382
-50.7975
21.2665
-60.8585
6.53965
-2.2929
-0.241539
-0.787436
-0.415359
-0.186499
-0.574738
0.378108
-0.735107
0.888996
-0.905244
1.35373
-1.09112
1.77016
-1.29586
2.13258
-1.51978
2.43452
-1.76085
2.67005
-2.0153
2.83447
-2.27837
2.92506
-2.54441
2.94069
-2.8075
2.88318
-3.06174
2.75677
-3.30134
2.5672
-3.52105
2.32238
-3.71632
2.03155
-3.88346
1.70504
-4.01976
1.35377
-4.12352
0.988893
-4.19406
0.621402
-4.23169
0.26177
-4.23755
-0.0803332
-4.21349
-0.396349
-4.16207
-0.679138
-4.08645
-0.923121
-3.9903
-1.12432
-3.87757
-1.28038
-3.75239
-1.3905
-3.61891
-1.4554
-3.48107
-1.4773
-3.34261
-1.45943
-3.20695
-1.40601
-3.07703
-1.32234
-2.95528
-1.21418
-2.84361
-1.0877
-2.74336
-0.949238
-2.6553
-0.805063
-2.57967
-0.661177
-2.5162
-0.523126
-2.46414
-0.395853
-2.42235
-0.283569
-2.38928
-0.189595
-2.36325
-0.116423
-2.34256
-0.06559
-2.32539
-0.0373502
-2.3098
-0.0312751
-2.29389
-0.0459617
-2.27609
-0.0790044
-2.25519
-0.127362
-2.23034
-0.187245
-2.20104
-0.254243
-2.16709
-0.323487
-2.12876
-0.389886
-2.08669
-0.448322
-2.04202
-0.493805
-1.99619
-0.521844
-1.95107
-0.528129
-1.90885
-0.5091
-1.87182
-0.46236
-1.84248
-0.386259
-1.82352
-0.280343
-1.81732
-0.145118
-1.8256
0.0177335
-1.85041
0.204616
-1.89358
0.410719
-1.95605
0.630464
-2.03813
0.857036
-2.13949
1.08248
-2.25899
1.29804
-2.39472
1.49436
-2.54394
1.66178
-2.70312
1.79066
-2.86793
1.87174
-3.03329
1.8965
-3.19362
1.85785
-3.34282
1.74995
-3.47438
1.56872
-3.58169
1.31236
-3.65818
0.981437
-3.6976
0.579127
-3.69422
0.111281
-3.64293
-0.413523
-3.53944
-0.984125
-3.38056
-1.58707
-3.16453
-2.20687
-2.89113
-2.8263
-2.56188
-3.42677
-2.18003
-3.98888
-1.75072
-4.49297
-1.28122
-4.91979
-0.781233
-5.25117
-0.262862
-5.47006
0.260062
-5.56129
0.772061
-5.51168
1.25669
-5.31023
1.69723
-4.94953
2.07649
-4.42584
2.37747
-3.73988
2.58398
-2.89678
2.68136
-1.90629
2.65728
-0.78267
2.50233
0.455428
2.2103
1.78518
1.77823
3.17997
1.20661
4.61035
0.499429
6.04495
-0.336152
7.4516
-1.29013
8.79848
-2.34963
10.0553
-3.49919
11.1941
-4.72167
12.1893
-5.99902
13.0185
-7.31302
13.6631
-8.64576
14.1087
-9.9801
14.3469
-11.2976
14.3715
-12.5795
14.1818
-13.8078
13.7827
-14.9638
13.1789
-16.029
12.3787
-16.9857
11.3919
-17.8165
10.23
-18.5048
8.90525
-19.0349
7.43118
-19.3924
5.82178
-19.5638
4.09168
-19.5374
2.25601
-19.3026
0.330279
-18.8504
-1.66962
-18.1732
-3.72732
-17.2649
-5.82641
-16.1212
-7.95082
-14.7402
-10.0848
-13.122
-12.2128
-11.2686
-14.3195
-9.18397
-16.39
-6.87378
-18.41
-4.34516
-20.3659
-1.60647
-22.2452
1.33274
-24.0369
4.46169
-25.7312
7.76781
-27.3202
11.2356
-28.7981
14.8477
-30.1594
18.5864
-31.399
22.4335
-32.5123
26.3726
-33.495
30.3888
-34.344
34.4667
-35.059
38.59
-35.6408
42.7425
-36.0923
46.9087
-36.4176
51.0726
-36.6173
55.2169
-36.6899
59.3248
-36.636
63.3809
-36.4557
67.3675
-36.142
71.2659
-35.6869
75.057
-35.0821
78.7209
-34.3166
82.2363
-33.377
85.5807
-32.2469
88.7299
-30.9074
91.6581
-29.3372
94.3377
-27.5131
96.7395
-25.4101
98.8325
-23.0024
100.585
-20.264
101.964
-17.1693
102.936
-13.6946
103.47
-9.81923
103.535
-5.52683
103.104
-0.807328
102.153
4.3407
100.664
9.90767
98.6196
15.872
96.0124
22.1994
92.8412
28.8404
89.1148
35.7288
84.8528
42.7787
80.0857
49.8829
74.8552
56.9105
69.2131
63.7059
63.2182
70.0886
56.9325
75.8552
50.4148
80.7837
43.7176
84.6429
36.8883
87.2013
29.9584
88.2569
22.9397
87.6163
15.8022
85.1375
8.45862
80.7421
0.774953
74.4051
-7.4307
66.2063
-16.3648
56.2995
-26.1996
44.873
-37.0071
32.074
-48.2402
17.7727
6.43324
-0.22685
-0.560536
-0.39657
-0.0167786
-0.540726
0.522263
-0.676777
1.02505
-0.814375
1.49133
-0.959734
1.91552
-1.1165
2.28935
-1.286
2.60402
-1.46759
2.85165
-1.65907
3.02595
-1.85736
3.12335
-2.05838
3.14171
-2.2578
3.0826
-2.45129
2.95026
-2.6344
2.75032
-2.8031
2.49107
-2.95384
2.18229
-3.08371
1.83491
-3.19052
1.46057
-3.2728
1.07118
-3.3299
0.678503
-3.36189
0.293752
-3.36948
-0.0727373
-3.35401
-0.411818
-3.31734
-0.715806
-3.26183
-0.97864
-3.19018
-1.19597
-3.10539
-1.36516
-3.01059
-1.4853
-2.90898
-1.55702
-2.80356
-1.58272
-2.6972
-1.5658
-2.59259
-1.51061
-2.492
-1.42293
-2.39734
-1.30884
-2.3101
-1.17494
-2.23135
-1.02798
-2.16175
-0.87466
-2.10153
-0.721398
-2.05053
-0.574134
-2.00821
-0.438168
-1.97377
-0.318013
-1.94609
-0.217271
-1.92392
-0.13859
-1.90594
-0.0835777
-1.89075
-0.052536
-1.87691
-0.0451126
-1.86305
-0.0598202
-1.84803
-0.094027
-1.83092
-0.144475
-1.81105
-0.207118
-1.78801
-0.27728
-1.76167
-0.34982
-1.73222
-0.419342
-1.70014
-0.4804
-1.66629
-0.527657
-1.63173
-0.556403
-1.59787
-0.561993
-1.56634
-0.540627
-1.53882
-0.489878
-1.51719
-0.407887
-1.5034
-0.294141
-1.4992
-0.149317
-1.50604
0.0245812
-1.52537
0.223945
-1.55844
0.443781
-1.60596
0.677985
-1.66815
0.919229
-1.74472
1.15905
-1.83479
1.38811
-1.93691
1.59648
-2.04901
1.77388
-2.16845
1.9101
-2.29198
1.99528
-2.41574
2.02026
-2.53558
1.97768
-2.64696
1.86133
-2.74495
1.66671
-2.82456
1.39197
-2.88084
1.03771
-2.90902
0.607306
-2.90468
0.106944
-2.86388
-0.454322
-2.78329
-1.06471
-2.66043
-1.70994
-2.49383
-2.37347
-2.28325
-3.03688
-2.02975
-3.68027
-1.73581
-4.28282
-1.40545
-4.82333
-1.04437
-5.28087
-0.660131
-5.63541
-0.262184
-5.86801
0.138676
-5.96215
0.530418
-5.90342
0.899984
-5.6798
1.23409
-5.28364
1.51917
-4.71092
1.74195
-3.96266
1.89
-3.04484
1.95227
-1.96857
1.91967
-0.750065
1.78549
0.58961
1.54568
2.02499
1.1989
3.52675
0.746542
5.0627
0.19261
6.59888
-0.45653
8.10074
-1.19248
9.53443
-2.00501
10.8679
-2.88234
12.0715
-3.81177
13.1187
-4.78012
13.9868
-5.77417
14.6572
-6.78049
15.115
-7.78701
15.3535
-8.77986
15.3643
-9.74492
15.1468
-10.6693
14.707
-11.5387
14.0483
-12.3391
13.1791
-13.0567
12.1095
-13.6779
10.8511
-14.1894
9.41676
-14.5786
7.82041
-14.8336
6.0768
-14.9433
4.20138
-14.8975
2.21023
-14.6872
0.119934
-14.3043
-2.05252
-13.7421
-4.28956
-12.995
-6.57346
-12.0592
-8.88662
-10.9325
-11.2115
-9.61428
-13.531
-8.10588
-15.8279
-6.41006
-18.0858
-4.53111
-20.289
-2.47468
-22.4223
-0.247676
-24.4722
2.14173
-26.4263
4.68399
-28.2734
7.36805
-30.0043
10.1811
-31.6111
13.1091
-33.0874
16.1375
-34.4274
19.2517
-35.6265
22.4378
-36.6811
25.6827
-37.5889
28.9729
-38.3492
32.294
-38.9619
35.6318
-39.43
38.9738
-39.7597
42.3073
-39.9507
45.6167
-39.9993
48.8877
-39.907
52.1087
-39.6767
55.2647
-39.298
58.3396
-38.7617
61.3175
-38.06
64.1822
-37.1813
66.9165
-36.1113
69.5023
-34.8326
71.92
-33.3251
74.1492
-31.5664
76.168
-29.5319
77.9536
-27.1958
79.4825
-24.5313
80.7304
-21.5119
81.6733
-18.1121
82.2876
-14.3089
82.5512
-10.0828
82.444
-5.41964
81.9493
-0.312606
81.0539
5.23607
79.7487
11.2129
78.029
17.5917
75.8963
24.3321
73.3587
31.378
70.4322
38.6552
67.1413
46.0696
63.5185
53.5056
59.6041
60.825
55.444
67.866
51.0872
74.4454
46.5812
80.3612
41.9673
85.3976
37.276
89.3342
32.5265
91.9508
27.718
93.0654
22.8166
92.5176
17.7515
90.2026
12.4093
86.0844
6.63161
80.1828
0.216046
72.6219
-7.06951
63.5851
-15.4658
53.2693
-25.2085
41.8167
-36.3208
28.885
16.539
-0.182392
-0.378093
-0.318862
0.119691
-0.431852
0.635254
-0.53517
1.12836
-0.636394
1.59256
-0.740662
2.01978
-0.85122
2.39991
-0.969629
2.72243
-1.09598
2.978
-1.22913
3.1591
-1.36713
3.26134
-1.50735
3.28193
-1.6472
3.22245
-1.78353
3.08659
-1.91316
2.87994
-2.03323
2.61115
-2.14121
2.29027
-2.23496
1.92866
-2.31282
1.53843
-2.37364
1.132
-2.41681
0.721671
-2.44223
0.319181
-2.45032
-0.0646497
-2.44191
-0.420235
-2.41822
-0.739487
-2.38087
-1.01599
-2.33173
-1.24511
-2.27287
-1.42402
-2.20649
-1.55168
-2.1349
-1.62861
-2.06033
-1.65728
-1.98472
-1.64141
-1.91005
-1.58529
-1.83795
-1.49503
-1.76983
-1.37696
-1.70678
-1.23798
-1.64962
-1.08514
-1.59884
-0.925444
-1.55464
-0.765598
-1.51694
-0.611828
-1.48543
-0.469684
-1.45954
-0.343896
-1.43856
-0.238251
-1.42163
-0.155524
-1.40783
-0.0973777
-1.39595
-0.0644178
-1.38501
-0.0560474
-1.37432
-0.0705139
-1.36302
-0.105323
-1.35045
-0.157047
-1.33611
-0.221464
-1.31968
-0.293708
-1.30106
-0.36844
-1.28035
-0.440053
-1.25787
-0.502876
-1.23417
-0.551354
-1.21012
-0.580453
-1.18672
-0.585394
-1.16489
-0.562457
-1.14583
-0.50894
-1.13086
-0.42286
-1.12129
-0.303705
-1.11836
-0.15225
-1.12311
0.029332
-1.13651
0.237345
-1.15937
0.466645
-1.1922
0.710808
-1.23512
0.962151
-1.28792
1.21185
-1.34999
1.45019
-1.42033
1.66681
-1.49751
1.85107
-1.57972
1.99231
-1.66478
2.08034
-1.74993
2.10541
-1.83249
2.06024
-1.90923
1.93807
-1.97667
1.73416
-2.03138
1.44667
-2.06988
1.07622
-2.08882
0.626248
-2.08504
0.10316
-2.05567
-0.48369
-1.99828
-1.1221
-1.91101
-1.79721
-1.79271
-2.49177
-1.64307
-3.18651
-1.46276
-3.86058
-1.25348
-4.49209
-1.0181
-5.05871
-0.760715
-5.53826
-0.486735
-5.90939
-0.203084
-6.15166
0.0821516
-6.24739
0.360642
-6.18191
0.622694
-5.94185
0.85843
-5.51937
1.05796
-4.91045
1.21179
-4.11649
1.31117
-3.14422
1.34853
-2.00592
1.31784
-0.719377
1.21494
0.69251
1.03768
2.20225
0.785928
3.7785
0.461498
5.38713
0.0679467
6.99244
-0.389658
8.55835
-0.905043
10.0498
-1.47092
11.4337
-2.07925
12.6798
-2.72166
13.7611
-3.38971
14.6549
-4.07501
15.3425
-4.76853
15.8085
-5.46189
16.0468
-6.14695
16.0494
-6.81524
15.8151
-7.45739
15.3492
-8.06318
14.6541
-8.62289
13.7388
-9.12667
12.6133
-9.56458
11.289
-9.92676
9.77894
-10.2035
8.09719
-10.3856
6.25885
-10.4641
4.27984
-10.4306
2.1768
-10.2777
-0.0329992
-9.99842
-2.33178
-9.5869
-4.70108
-9.0382
-7.12216
-8.34863
-9.57619
-7.51579
-12.0444
-6.53865
-14.5081
-5.41754
-16.949
-4.1541
-19.3493
-2.75125
-21.6918
-1.2131
-23.9605
0.455067
-26.1404
2.24682
-28.218
4.15448
-30.1811
6.16917
-32.019
8.28083
-33.7228
10.4785
-35.2851
12.7509
-36.6997
15.0865
-37.9621
17.4742
-39.0689
19.9035
-40.0182
22.3638
-40.8095
24.8431
-41.4412
27.3277
-41.9147
29.8088
-42.2407
32.2776
-42.4195
34.7205
-42.4422
37.1263
-42.3128
39.4885
-42.0389
41.7928
-41.6024
44.0261
-40.995
46.1768
-40.2107
48.2327
-39.2373
50.181
-38.0596
52.0079
-36.6595
53.6989
-35.0162
55.2388
-33.1063
56.6117
-30.9047
57.801
-28.3851
58.7902
-25.5205
59.5627
-22.2844
60.1023
-18.6518
60.3943
-14.6008
60.4253
-10.1138
60.1846
-5.17892
59.6644
0.207529
58.8607
6.03982
57.7729
12.3006
56.4051
18.9595
54.7663
25.971
52.8711
33.2732
50.7402
40.7861
48.4002
48.4096
45.8832
56.0226
43.2259
63.4822
40.467
70.6249
37.6443
77.2681
34.7914
83.2141
31.9326
88.2565
29.0773
92.1895
26.2136
94.8146
23.3206
95.9583
20.3314
95.5068
17.1438
93.3902
13.6556
89.5726
9.698
84.1404
5.07315
77.2467
-0.442327
69.1006
-7.10263
59.9296
-15.1989
49.913
-25.1039
38.79
27.0893
-0.116738
-0.261305
-0.201754
0.204707
-0.272066
0.705565
-0.335632
1.19193
-0.39683
1.65375
-0.458882
2.08184
-0.523955
2.46498
-0.593243
2.79172
-0.667067
3.05182
-0.745223
3.23725
-0.825822
3.34194
-0.908479
3.36459
-0.991844
3.30581
-1.07333
3.16808
-1.15141
2.95802
-1.2244
2.68413
-1.29072
2.3566
-1.34903
1.98696
-1.3982
1.5876
-1.43742
1.17123
-1.4662
0.750451
-1.48435
0.337324
-1.49197
-0.0570297
-1.48946
-0.42274
-1.47749
-0.751455
-1.45696
-1.03652
-1.42895
-1.27312
-1.39469
-1.45828
-1.35547
-1.5909
-1.31252
-1.67156
-1.26757
-1.70223
-1.22202
-1.68696
-1.17656
-1.63075
-1.13248
-1.53911
-1.09061
-1.41883
-1.05167
-1.27692
-1.0162
-1.12062
-0.984528
-0.957113
-0.956824
-0.793302
-0.933069
-0.635582
-0.913096
-0.489657
-0.896604
-0.360389
-0.883181
-0.251674
-0.872337
-0.166368
-0.863494
-0.10622
-0.855819
-0.0720924
-0.848862
-0.0630045
-0.842249
-0.0771269
-0.835415
-0.112157
-0.827948
-0.164514
-0.819531
-0.229881
-0.80996
-0.303279
-0.799151
-0.37925
-0.787142
-0.452061
-0.774112
-0.515906
-0.760249
-0.565217
-0.746372
-0.59433
-0.73279
-0.598976
-0.719751
-0.575496
-0.70838
-0.520311
-0.699357
-0.431883
-0.693418
-0.309645
-0.691261
-0.154406
-0.69351
0.0315803
-0.700717
0.244552
-0.713342
0.47927
-0.73167
0.729135
-0.755782
0.986263
-0.785554
1.24162
-0.820637
1.48527
-0.86045
1.70663
-0.904192
1.89481
-0.950861
2.03898
-0.999111
2.12859
-1.04809
2.15439
-1.09578
2.10793
-1.13997
1.98226
-1.17889
1.77307
-1.21057
1.47835
-1.23297
1.09862
-1.24406
0.637333
-1.24187
0.100967
-1.22458
-0.500977
-1.1906
-1.15608
-1.13867
-1.84915
-1.06792
-2.56252
-0.978017
-3.27641
-0.869228
-3.96937
-0.742507
-4.61881
-0.599579
-5.20164
-0.442976
-5.69486
-0.27603
-6.07633
-0.102669
-6.32502
0.0718568
-6.42191
0.241554
-6.35161
0.401148
-6.10145
0.543757
-5.66198
0.663481
-5.03017
0.754594
-4.2076
0.811979
-3.2016
0.831409
-2.02535
0.809792
-0.69776
0.745313
0.756989
0.637478
2.31008
0.487054
3.92892
0.295936
5.57825
0.0668968
7.22147
-0.196629
8.82187
-0.49075
10.3439
-0.811231
11.7542
-1.15375
13.0223
-1.51406
14.1215
-1.8882
15.029
-2.27259
15.7269
-2.66481
16.2007
-3.05517
16.4372
-3.44405
16.4383
-3.83095
16.202
-4.20502
15.7233
-4.56222
15.0113
-4.8972
14.0738
-5.20398
12.9201
-5.47624
11.5613
-5.70743
10.0101
-5.89089
8.28066
-6.01999
6.38795
-6.08818
4.34802
-6.08913
2.17775
-6.01684
-0.10529
-5.86574
-2.48289
-5.63082
-4.936
-5.30776
-7.44522
-4.89307
-9.99088
-4.3842
-12.5533
-3.77958
-15.1127
-3.07867
-17.6499
-2.28196
-20.146
-1.39093
-22.5828
-0.408069
-24.9434
0.66315
-27.2116
1.81846
-29.3733
3.05241
-31.415
4.35868
-33.3253
5.7301
-35.0942
7.15883
-36.7138
8.63663
-38.1775
10.1551
-39.4806
11.706
-40.6198
13.2815
-41.5937
14.8743
-42.4023
16.4775
-43.0444
18.0795
-43.5167
19.6701
-43.8314
21.2466
-43.996
22.7986
-43.9942
24.32
-43.8342
25.8032
-43.5221
27.2364
-43.0355
28.6125
-42.3712
29.9246
-41.5228
31.1646
-40.4772
32.3237
-39.2187
33.3929
-37.7286
34.3624
-35.9857
35.2225
-33.9664
35.963
-31.6452
36.5738
-28.9959
37.0451
-25.9917
37.3673
-22.6066
37.5322
-18.8167
37.5327
-14.6013
37.3637
-9.94484
37.0228
-4.83803
36.5104
0.719991
35.83
6.72021
34.9887
13.1419
33.9975
19.9507
32.871
27.0974
31.6284
34.5158
30.293
42.1216
28.8915
49.8111
27.4538
57.4602
26.011
64.9251
24.5931
72.0429
23.2263
78.6349
21.9295
84.5108
20.7104
89.4755
19.5639
93.336
18.437
95.9415
17.2809
97.1144
16.0415
96.7462
14.6182
94.8135
12.8829
91.3079
10.6705
86.3528
7.80945
80.1078
4.10433
72.8057
-0.681593
64.7155
-6.85344
56.0849
-14.9932
46.9297
37.2157
-0.0362239
-0.225032
-0.0617853
0.230269
-0.0830894
0.726869
-0.10246
1.2113
-0.121099
1.67239
-0.139969
2.10071
-0.15976
2.48477
-0.180894
2.81285
-0.203486
3.07441
-0.227788
3.26155
-0.253705
3.36786
-0.281732
3.39262
-0.309968
3.33405
-0.337641
3.19575
-0.365219
2.9856
-0.391933
2.71085
-0.41715
2.38182
-0.440275
2.01009
-0.460775
1.6081
-0.478196
1.18865
-0.492176
0.764431
-0.502465
0.347613
-0.50893
-0.0505652
-0.511559
-0.420111
-0.510468
-0.752546
-0.505891
-1.0411
-0.498173
-1.28084
-0.48775
-1.46871
-0.475186
-1.60347
-0.460493
-1.68625
-0.444244
-1.71848
-0.427839
-1.70336
-0.411332
-1.64725
-0.395024
-1.55542
-0.379279
-1.43458
-0.364445
-1.29175
-0.350779
-1.13428
-0.338456
-0.969435
-0.327578
-0.804181
-0.318173
-0.644987
-0.31021
-0.497619
-0.303604
-0.366995
-0.298224
-0.257054
-0.293904
-0.170689
-0.290449
-0.109675
-0.287689
-0.0748523
-0.285423
-0.0652711
-0.283407
-0.0791426
-0.281458
-0.114106
-0.279415
-0.166557
-0.277146
-0.23215
-0.274553
-0.305872
-0.271572
-0.38223
-0.268184
-0.45545
-0.264408
-0.519682
-0.260266
-0.569358
-0.255996
-0.598601
-0.251587
-0.603385
-0.247252
-0.57983
-0.243332
-0.524231
-0.239945
-0.43527
-0.237333
-0.312257
-0.235711
-0.156028
-0.235272
0.031141
-0.236189
0.245469
-0.238608
0.481689
-0.242622
0.73315
-0.248271
0.991912
-0.255535
1.24889
-0.264329
1.49406
-0.274498
1.7168
-0.285814
1.90612
-0.297952
2.05112
-0.311067
2.1417
-0.325519
2.16884
-0.339314
2.12173
-0.35191
1.99486
-0.363459
1.78462
-0.373239
1.48813
-0.380531
1.10591
-0.384571
0.641373
-0.384565
0.100962
-0.379715
-0.505828
-0.369249
-1.16654
-0.352472
-1.86592
-0.328824
-2.58617
-0.297934
-3.3073
-0.259689
-4.00762
-0.214295
-4.66421
-0.162341
-5.25359
-0.104842
-5.75236
-0.0434598
-6.13772
0.0217797
-6.39026
0.0891358
-6.48927
0.152944
-6.41542
0.2117
-6.1602
0.263712
-5.71399
0.306727
-5.07318
0.338631
-4.23951
0.357843
-3.22082
0.36339
-2.0309
0.354976
-0.689345
0.332971
0.778993
0.298346
2.34471
0.252523
3.97475
0.197217
5.63356
0.13424
7.28445
0.0652077
8.89091
-0.00841271
10.4176
-0.0855045
11.8313
-0.165384
13.1022
-0.247745
14.2038
-0.332552
15.1138
-0.419394
15.8137
-0.512992
16.2943
-0.615508
16.5397
-0.723532
16.5463
-0.832772
16.3113
-0.944197
15.8347
-1.06052
15.1276
-1.17926
14.1925
-1.29795
13.0388
-1.4138
11.6771
-1.52362
10.1199
-1.62386
8.3809
-1.71065
6.47474
-1.77992
4.41729
-1.82744
2.22527
-1.84895
-0.0837763
-1.84028
-2.49156
-1.79742
-4.97886
-1.71672
-7.52591
-1.59498
-10.1126
-1.42952
-12.7187
-1.21829
-15.3239
-0.959911
-17.9083
-0.653677
-20.4522
-0.299614
-22.9369
0.101494
-25.3445
0.548258
-27.6584
1.03859
-29.8637
1.56983
-31.9463
2.1384
-33.8938
2.74015
-35.696
3.37043
-37.3441
4.02416
-38.8313
4.69599
-40.1524
5.38035
-41.3042
6.07168
-42.285
6.76399
-43.0946
7.45629
-43.7367
8.15095
-44.2114
8.83898
-44.5194
9.50925
-44.6663
10.1625
-44.6475
10.7898
-44.4616
11.3717
-44.1039
11.9152
-43.579
12.4228
-42.8789
12.8894
-41.9893
13.31
-40.8979
13.68
-39.5887
13.9947
-38.0434
14.2495
-36.2405
14.4399
-34.1567
14.5615
-31.7669
14.6105
-29.045
14.5836
-25.9648
14.4784
-22.5014
14.2936
-18.6319
14.0298
-14.3375
13.6894
-9.60445
13.2774
-4.42603
12.8015
1.1959
12.2722
7.24946
11.7031
13.711
11.1106
20.5433
10.5139
27.6941
9.93498
35.0948
9.39793
42.6587
8.92836
50.2806
8.55212
57.8365
8.29334
65.1838
8.17216
72.164
8.20179
78.6053
8.38504
84.3276
8.71065
89.1499
9.14746
92.8992
9.6688
95.4201
10.212
96.5712
10.6571
96.3012
10.8979
94.5727
10.8086
91.3972
10.2587
86.9026
9.10123
81.2653
7.17218
74.7348
4.269
67.6187
0.0968061
60.2571
-6.05681
53.0833
45.9855
0.0491664
-0.274148
0.0852149
0.19422
0.114809
0.697276
0.141
1.18511
0.165636
1.64776
0.190101
2.07624
0.215272
2.4596
0.24154
2.78658
0.268817
3.04714
0.296979
3.23339
0.325478
3.33936
0.35439
3.36371
0.381577
3.30686
0.406107
3.17122
0.428342
2.96337
0.447574
2.69161
0.463381
2.36601
0.475513
1.99796
0.483886
1.59973
0.488564
1.18397
0.489741
0.763255
0.487708
0.349646
0.482827
-0.0456842
0.475504
-0.412788
0.466164
-0.743206
0.455237
-1.03017
0.443146
-1.26875
0.430294
-1.45585
0.417119
-1.59029
0.403423
-1.67256
0.389608
-1.70466
0.376847
-1.6906
0.364894
-1.6353
0.353725
-1.54425
0.343427
-1.42428
0.334124
-1.28245
0.325877
-1.12604
0.318701
-0.962259
0.312567
-0.798048
0.307412
-0.639831
0.303137
-0.493345
0.29962
-0.363477
0.296715
-0.254149
0.294263
-0.168236
0.29207
-0.107481
0.289724
-0.0725065
0.287174
-0.0627218
0.284468
-0.0764362
0.281432
-0.111069
0.277982
-0.163107
0.274069
-0.228237
0.269686
-0.30149
0.264875
-0.377419
0.259724
-0.450298
0.254375
-0.514333
0.248859
-0.563843
0.243678
-0.593419
0.238875
-0.598582
0.234501
-0.575456
0.231188
-0.520918
0.229065
-0.433146
0.228428
-0.31162
0.229551
-0.157151
0.232675
0.0280172
0.237999
0.240145
0.24568
0.474008
0.255802
0.723027
0.268364
0.97935
0.283265
1.23398
0.300297
1.47703
0.319127
1.69797
0.339299
1.88595
0.360201
2.03022
0.381619
2.12028
0.403611
2.14685
0.423903
2.10143
0.441588
1.97717
0.456611
1.7696
0.468152
1.47659
0.475546
1.09852
0.478257
0.638663
0.475896
0.103323
0.468242
-0.498173
0.455238
-1.15354
0.436994
-1.84768
0.413769
-2.56294
0.385959
-3.27949
0.354064
-3.97572
0.318674
-4.62882
0.280452
-5.21537
0.240141
-5.71205
0.198748
-6.09632
0.155301
-6.34681
0.110096
-6.44407
0.0675048
-6.37283
0.0275105
-6.12021
-0.00944464
-5.67704
-0.0418955
-5.04073
-0.0680099
-4.21339
-0.0857319
-3.20309
-0.0927795
-2.02385
-0.0867237
-0.695401
-0.0651157
0.757385
-0.0256559
2.30525
0.0336056
3.91548
0.114061
5.5531
0.216405
7.18211
0.340479
8.76683
0.485221
10.2728
0.648538
11.668
0.827389
12.9233
1.01788
14.0133
1.2154
14.9163
1.41438
15.6147
1.6141
16.0946
1.80938
16.3444
1.99331
16.3624
2.15847
16.1461
2.30037
15.6928
2.42028
15.0077
2.51499
14.0978
2.58254
12.9712
2.62174
11.6379
2.63217
10.1095
2.61407
8.39899
2.56833
6.52048
2.49641
4.48921
2.40025
2.32143
2.2822
0.0342798
2.14489
-2.35426
1.99118
-4.82514
1.82393
-7.35867
1.64597
-9.93466
1.45997
-12.5327
1.2684
-15.1324
1.07347
-17.7134
0.87703
-20.2558
0.680587
-22.7405
0.48528
-25.1492
0.2919
-27.465
0.100503
-29.6723
-0.0888474
-31.7569
-0.276491
-33.7062
-0.463258
-35.5092
-0.65035
-37.157
-0.83926
-38.6423
-1.03172
-39.9599
-1.22963
-41.1063
-1.43476
-42.0799
-1.64836
-42.881
-1.87181
-43.5132
-2.1017
-43.9815
-2.34437
-44.2767
-2.61403
-44.3966
-2.89828
-44.3632
-3.1933
-44.1665
-3.5092
-43.788
-3.84599
-43.2423
-4.20332
-42.5215
-4.58014
-41.6125
-4.97613
-40.5019
-5.39106
-39.1738
-5.82457
-37.6098
-6.27606
-35.789
-6.74448
-33.6883
-7.22828
-31.2831
-7.72517
-28.5481
-8.23197
-25.458
-8.74433
-21.989
-9.25647
-18.1198
-9.7609
-13.8331
-10.248
-9.11732
-10.706
-3.9681
-11.1203
1.61022
-11.4741
7.60333
-11.7484
13.9853
-11.9222
20.717
-11.9727
27.7446
-11.8763
34.9984
-11.6092
42.3916
-11.1482
49.8196
-10.4722
57.1606
-9.56468
64.2763
-8.41524
71.0146
-7.02278
77.2128
-5.39812
82.7029
-3.56647
87.3183
-1.56954
90.9023
0.537393
93.3132
2.65095
94.4576
4.68502
94.2671
6.54293
92.7148
8.0736
89.8665
9.15273
85.8235
9.65454
80.7635
9.45364
74.9357
8.41408
68.6583
6.34456
62.3266
2.7989
56.629
51.9606
0.129389
-0.403487
0.224316
0.0992937
0.302235
0.619356
0.371968
1.11538
0.438573
1.58115
0.505703
2.00911
0.575706
2.3896
0.649733
2.71256
0.727877
2.96899
0.809589
3.15168
0.892631
3.25632
0.976303
3.28003
1.05889
3.22427
1.13754
3.09257
1.21066
2.89025
1.27663
2.62564
1.33411
2.30854
1.38204
1.95002
1.41975
1.56201
1.44692
1.1568
1.46357
0.746606
1.47003
0.343187
1.46689
-0.0425454
1.45495
-0.40085
1.43517
-0.723431
1.40865
-1.00365
1.37653
-1.23663
1.34003
-1.41935
1.30033
-1.5506
1.25851
-1.63074
1.216
-1.66215
1.17388
-1.64849
1.13268
-1.5941
1.09343
-1.505
1.05672
-1.38757
1.02304
-1.24877
0.992717
-1.09572
0.965938
-0.93548
0.942736
-0.774845
0.923003
-0.620099
0.906504
-0.476846
0.892891
-0.349865
0.881724
-0.242982
0.872493
-0.159005
0.864663
-0.099651
0.857495
-0.0653384
0.850473
-0.0556999
0.843277
-0.0692406
0.835464
-0.103256
0.826696
-0.154339
0.81674
-0.218281
0.805483
-0.290233
0.792937
-0.364873
0.779235
-0.436596
0.76463
-0.499729
0.749483
-0.548697
0.734656
-0.578592
0.720597
-0.584522
0.707705
-0.562565
0.696952
-0.510165
0.689134
-0.425329
0.685056
-0.307543
0.685486
-0.157581
0.6911
0.0224031
0.702474
0.22877
0.720078
0.456405
0.744188
0.698917
0.774846
0.948692
0.811851
1.19698
0.854736
1.43415
0.90275
1.64995
0.954869
1.83383
1.00982
1.97527
1.06599
2.06411
1.12214
2.0907
1.17589
2.04768
1.22484
1.92823
1.26698
1.72746
1.30026
1.44331
1.3227
1.07608
1.33247
0.628888
1.32802
0.107771
1.3081
-0.478249
1.2718
-1.11724
1.21862
-1.7945
1.14848
-2.49281
1.06177
-3.19278
0.959305
-3.87326
0.842382
-4.51189
0.712758
-5.08575
0.572658
-5.57195
0.424752
-5.94842
0.271963
-6.19402
0.118544
-6.29065
-0.0309206
-6.22336
-0.17274
-5.97839
-0.301144
-5.54863
-0.411024
-4.93085
-0.496866
-4.12755
-0.553088
-3.14687
-0.574245
-2.0027
-0.55527
-0.714375
-0.491736
0.693852
-0.380101
2.19361
-0.217948
3.75333
-0.0041983
5.33935
0.260753
6.91716
0.57501
8.45257
0.935074
9.91276
1.33594
11.2671
1.77121
12.4881
2.23335
13.5512
2.71403
14.4356
3.2046
15.1242
3.697
15.6022
4.17887
15.8625
4.64355
15.8977
5.08412
15.7055
5.48912
15.2878
5.85209
14.6448
6.16665
13.7833
6.42707
12.7108
6.62843
11.4366
6.76671
9.97125
6.83878
8.32693
6.8424
6.51686
6.7762
4.55541
6.63967
2.45796
6.43305
0.240901
6.15727
-2.07848
5.81384
-4.48172
5.40471
-6.94953
4.93214
-9.46209
4.39868
-11.9993
3.80709
-14.5408
3.16034
-17.0666
2.46147
-19.5569
1.71354
-21.9925
0.919586
-24.3552
0.0823618
-26.6278
-0.79554
-28.7944
-1.71146
-30.841
-2.66248
-32.7552
-3.64575
-34.5259
-4.65871
-36.144
-5.69905
-37.602
-6.76474
-38.8942
-7.85402
-40.017
-8.9651
-40.9688
-10.0961
-41.75
-11.2458
-42.3635
-12.4152
-42.8122
-13.6011
-43.0908
-14.7974
-43.2003
-16.0068
-43.1538
-17.2284
-42.9449
-18.4511
-42.5653
-19.675
-42.0183
-20.8983
-41.2983
-22.1164
-40.3943
-23.3249
-39.2933
-24.5189
-37.9798
-25.693
-36.4357
-26.8414
-34.6406
-27.9575
-32.5722
-29.0339
-30.2067
-30.0622
-27.5198
-31.0327
-24.4875
-31.9344
-21.0873
-32.7549
-17.2993
-33.4797
-13.1082
-34.0926
-8.5044
-34.5752
-3.48559
-34.9065
1.94159
-35.064
7.76084
-35.0235
13.9448
-34.7601
20.4535
-34.2485
27.233
-33.4642
34.2141
-32.3844
41.3117
-30.9891
48.4243
-29.263
55.4344
-27.197
62.2104
-24.791
68.6086
-22.0556
74.4774
-19.0146
79.6619
-15.7072
84.0109
-12.1898
87.3848
-8.5392
89.6626
-4.84819
90.7666
-1.21835
90.6372
2.22786
89.2685
5.36302
86.7314
8.05711
83.1294
10.1838
78.6368
11.6263
73.4932
12.2661
68.0184
11.9608
62.632
10.593
57.9967
54.7484
0.194483
-0.59792
0.339599
-0.0458221
0.458798
0.500157
0.566989
1.00719
0.672489
1.47565
0.780866
1.90073
0.895541
2.27492
1.01802
2.59007
1.14819
2.83883
1.28459
3.01528
1.42491
3.116
1.56617
3.13877
1.70546
3.08499
1.83941
2.95862
1.96478
2.76488
2.07876
2.51166
2.17898
2.20831
2.2636
1.8654
2.33133
1.49429
2.38146
1.10667
2.41384
0.714221
2.42887
0.328162
2.42737
-0.0410467
2.41056
-0.384036
2.37994
-0.692819
2.33729
-0.960996
2.28455
-1.18389
2.22377
-1.35857
2.15703
-1.48386
2.08649
-1.5602
2.01417
-1.58983
1.94176
-1.57608
1.87099
-1.52333
1.80328
-1.43729
1.73982
-1.32411
1.68151
-1.19046
1.62897
-1.04318
1.58257
-0.889077
1.54239
-0.734666
1.50827
-0.585983
1.47983
-0.448405
1.45648
-0.326508
1.43744
-0.223945
1.42185
-0.143411
1.40877
-0.0865718
1.39728
-0.0538527
1.38644
-0.0448564
1.37534
-0.0581401
1.36324
-0.0911628
1.34956
-0.14066
1.33389
-0.202602
1.31599
-0.272339
1.29587
-0.344748
1.27371
-0.414439
1.24994
-0.475962
1.22524
-0.523996
1.2004
-0.55375
1.17644
-0.560565
1.15456
-0.540682
1.13596
-0.491561
1.12199
-0.411365
1.11403
-0.299575
1.11334
-0.156899
1.12106
0.014685
1.13815
0.211685
1.16542
0.429131
1.20338
0.660963
1.25211
0.899958
1.31134
1.13775
1.38035
1.36514
1.45797
1.57233
1.54259
1.74921
1.63215
1.8857
1.72419
1.97208
1.81565
1.99923
1.90356
1.95978
1.98443
1.84735
2.05463
1.65726
2.11063
1.38731
2.14903
1.03767
2.1667
0.61122
2.16086
0.113617
2.12918
-0.446569
2.06987
-1.05793
1.98178
-1.7064
1.86444
-2.37547
1.71818
-3.04652
1.54412
-3.6992
1.34422
-4.312
1.12132
-4.86284
0.879189
-5.32982
0.622629
-5.69186
0.357686
-5.92908
0.0913591
-6.02432
-0.169362
-5.96264
-0.415878
-5.73187
-0.639342
-5.32517
-0.830532
-4.73966
-0.980116
-3.97797
-1.07894
-3.04805
-1.11839
-1.96325
-1.0908
-0.741968
-0.9898
0.592856
-0.810639
2.01445
-0.550413
3.49311
-0.208293
4.99723
0.214382
6.49448
0.714089
7.95287
1.28517
9.34167
1.91994
10.6324
2.60884
11.7992
3.34081
12.8192
4.10372
13.6727
4.88473
14.3432
5.67007
14.8169
6.44648
15.0861
7.20134
15.1428
7.92226
14.9846
8.59672
14.6133
9.21236
14.0291
9.75841
13.2372
10.225
12.2442
10.6033
11.0583
10.8854
9.68912
11.0647
8.14767
11.1355
6.44606
11.0934
4.59747
10.9353
2.6161
10.659
0.517189
10.2636
-1.68305
9.74899
-3.96715
9.11608
-6.31662
8.36631
-8.71232
7.50191
-11.1348
6.52579
-13.5647
5.44154
-15.9824
4.25327
-18.3687
2.96551
-20.7048
1.583
-22.9727
0.110593
-25.1554
-1.44655
-27.2372
-3.08302
-29.2045
-4.79278
-31.0454
-6.56928
-32.7494
-8.40588
-34.3074
-10.2962
-35.7117
-12.2344
-36.9561
-14.215
-38.0364
-16.2331
-38.9507
-18.2838
-39.6993
-20.3628
-40.2845
-22.4664
-40.7086
-24.587
-40.9703
-26.7155
-41.0718
-28.8503
-41.019
-30.9856
-40.8097
-33.1106
-40.4403
-35.219
-39.9099
-37.3043
-39.213
-39.3586
-38.34
-41.3732
-37.2788
-43.3386
-36.0144
-45.2448
-34.5296
-47.0805
-32.8049
-48.8337
-30.819
-50.4911
-28.5493
-52.038
-25.9729
-53.4584
-23.0671
-54.7348
-19.8109
-55.8477
-16.1863
-56.7764
-12.1796
-57.4979
-7.78292
-57.9873
-2.99614
-58.2179
2.17211
-58.1611
7.70409
-57.7882
13.5719
-57.0707
19.736
-55.9814
26.1437
-54.4955
32.7282
-52.5917
39.4079
-50.2536
46.0862
-47.4718
52.6526
-44.2454
58.9839
-40.5839
64.9472
-36.5096
70.4031
-32.0588
75.2111
-27.2835
79.2355
-22.252
82.3533
-17.0505
84.4612
-11.7758
85.4919
-6.54293
85.4044
-1.48036
84.206
3.28562
81.9654
7.62219
78.7928
11.3977
74.8613
14.4814
70.4096
16.7387
65.7611
18.0427
61.328
18.37
57.6694
55.1709
0.238674
-0.836544
0.414428
-0.221577
0.562554
0.352032
0.701604
0.868137
0.841895
1.33536
0.990029
1.7526
1.14979
2.11516
1.32245
2.41742
1.50715
2.65412
1.7014
2.82103
1.90178
2.91562
2.10387
2.93668
2.30307
2.88579
2.49488
2.76681
2.67478
2.58499
2.83874
2.3477
2.98337
2.06368
3.10598
1.7428
3.20465
1.39561
3.27831
1.03302
3.32665
0.665881
3.35014
0.304667
3.34991
-0.0408153
3.3276
-0.361728
3.28532
-0.650535
3.22554
-0.90122
3.15104
-1.10939
3.06478
-1.27231
2.96981
-1.38888
2.86917
-1.45956
2.76571
-1.48637
2.6621
-1.47246
2.56081
-1.42204
2.46392
-1.3404
2.37315
-1.23335
2.28985
-1.10715
2.21494
-0.96827
2.14895
-0.823088
2.09202
-0.67774
2.04394
-0.537896
2.00412
-0.408593
1.97173
-0.294114
1.94563
-0.197844
1.92456
-0.122341
1.90723
-0.0692364
1.89231
-0.0389347
1.87842
-0.0309704
1.86421
-0.0439281
1.84855
-0.075503
1.83056
-0.122668
1.80962
-0.181668
1.78542
-0.248131
1.75788
-0.317213
1.72727
-0.383828
1.69415
-0.442845
1.65943
-0.489272
1.6242
-0.518518
1.58993
-0.526296
1.55833
-0.509087
1.53115
-0.464378
1.51029
-0.390505
1.49771
-0.286993
1.49526
-0.154455
1.50449
0.00545465
1.52679
0.189388
1.56341
0.392515
1.61508
0.609286
1.68199
0.833054
1.76377
1.05597
1.85947
1.26943
1.96752
1.46429
2.08566
1.63107
2.21105
1.76032
2.3402
1.84292
2.469
1.87043
2.59307
1.8357
2.70767
1.73276
2.80772
1.55722
2.88818
1.30685
2.94416
0.981695
2.97111
0.584267
2.96498
0.119743
2.92233
-0.403913
2.84039
-0.975995
2.71728
-1.58329
2.5521
-2.2103
2.34509
-2.8395
2.09762
-3.45174
1.81233
-4.0267
1.49311
-4.54363
1.14535
-4.98205
0.776007
-5.32252
0.393749
-5.54682
0.00839706
-5.63897
-0.369055
-5.58519
-0.726413
-5.37451
-1.05113
-5.00045
-1.33008
-4.46071
-1.55008
-3.75797
-1.69834
-2.89979
-1.76307
-1.89851
-1.73402
-0.771025
-1.6029
0.461734
-1.3637
1.77525
-1.01293
3.14234
-0.549865
4.53416
0.0234224
5.92119
0.702083
7.27421
1.47863
8.56513
2.34301
9.76799
3.2827
10.8595
4.28321
11.8187
5.32862
12.6273
6.40208
13.2697
7.48608
13.7329
8.56411
14.0081
9.61863
14.0883
10.6325
13.9708
11.5897
13.6561
12.4739
13.1449
13.2698
12.4413
13.9632
11.5508
14.5411
10.4804
14.9916
9.23864
15.3041
7.83513
15.4695
6.28064
15.4801
4.58687
15.3297
2.76651
15.0137
0.833241
14.5288
-1.19824
13.8735
-3.31184
13.0471
-5.49019
12.05
-7.71521
10.8838
-9.96863
9.55128
-12.2322
8.05653
-14.4876
6.40458
-16.7167
4.6013
-18.9015
2.65312
-21.0245
0.566915
-23.0692
-1.64988
-25.0204
-3.98923
-26.8652
-6.44197
-28.5927
-8.9977
-30.1937
-11.6455
-31.6596
-14.3745
-32.9827
-17.1747
-34.1559
-20.037
-35.174
-22.9532
-36.0345
-25.9149
-36.7376
-28.914
-37.2854
-31.9422
-37.6804
-34.9889
-37.9235
-38.0433
-38.0175
-41.0965
-37.9657
-44.1385
-37.7677
-47.1573
-37.4215
-50.142
-36.9252
-53.0818
-36.2733
-55.9645
-35.4573
-58.7773
-34.466
-61.5062
-33.2855
-64.136
-31.8997
-66.6505
-30.2903
-69.032
-28.4375
-71.2611
-26.3202
-73.317
-23.917
-75.177
-21.2071
-76.8168
-18.1711
-78.2105
-14.7927
-79.3304
-11.0597
-80.1473
-6.96606
-80.63
-2.51339
-80.7455
2.28761
-80.4597
7.41828
-79.7391
12.8513
-78.552
18.5489
-76.8695
24.4612
-74.6667
30.5255
-71.9243
36.6655
-68.6298
42.7917
-64.7797
48.8025
-60.3812
54.5854
-55.4536
60.0196
-50.0303
64.9798
-44.1592
69.3401
-37.9039
72.9802
-31.3427
75.7921
-24.5695
77.688
-17.6897
78.6121
-10.8249
78.5396
-4.10664
77.4877
2.33239
75.5264
8.35335
72.7719
13.813
69.4016
18.5591
65.6635
22.4273
61.8928
25.2755
58.4798
27.0835
55.8613
54.1062
0.25126
-1.08775
0.428125
-0.398441
0.588922
0.191234
0.750217
0.706842
0.921269
1.16431
1.10838
1.56549
1.3148
1.90874
1.54073
2.19148
1.78402
2.41083
2.0406
2.56445
2.30541
2.65082
2.57255
2.66954
2.83586
2.62248
3.08932
2.51335
3.32706
2.34724
3.54384
2.13092
3.73518
1.87234
3.89754
1.58043
4.0284
1.26475
4.12627
0.935143
4.19076
0.601392
4.22247
0.272963
4.22285
-0.0411955
4.19404
-0.332918
4.13876
-0.595263
4.06029
-0.822742
3.96227
-1.01138
3.84867
-1.1587
3.72352
-1.26374
3.59088
-1.32692
3.45458
-1.35006
3.3182
-1.33608
3.18502
-1.28886
3.05782
-1.21321
2.93892
-1.11445
2.83009
-0.998329
2.73258
-0.870754
2.64707
-0.73758
2.57375
-0.604418
2.51231
-0.476453
2.46198
-0.358263
2.42161
-0.253743
2.38963
-0.165866
2.36433
-0.0970449
2.34406
-0.0489606
2.32702
-0.0218953
2.31133
-0.0152853
2.29515
-0.0277498
2.27692
-0.0572741
2.25544
-0.101185
2.22988
-0.156107
2.19978
-0.21803
2.16502
-0.28246
2.1259
-0.344706
2.08313
-0.400069
2.03784
-0.443982
1.99153
-0.472213
1.94613
-0.48089
1.90383
-0.466793
1.86699
-0.427536
1.83811
-0.36163
1.81986
-0.26874
1.81475
-0.149345
1.82466
-0.00445227
1.85147
0.162574
1.89705
0.346939
1.96237
0.543961
2.04769
0.747737
2.15262
0.951037
2.27601
1.14605
2.41582
1.32447
2.56921
1.47768
2.73247
1.59706
2.9011
1.6743
3.06984
1.70169
3.23293
1.67261
3.38414
1.58155
3.51686
1.4245
3.62444
1.19927
3.70039
0.905746
3.73865
0.546009
3.7338
0.124584
3.68121
-0.351317
3.57703
-0.871819
3.41855
-1.42481
3.20437
-1.99612
2.93459
-2.56972
2.61085
-3.128
2.23642
-3.65227
1.81623
-4.12343
1.35719
-4.52301
0.868516
-4.83385
0.361627
-5.03993
-0.15034
-5.127
-0.652661
-5.08287
-1.12948
-4.8977
-1.56439
-4.56553
-1.94037
-4.08473
-2.24033
-3.45801
-2.44784
-2.69228
-2.54785
-1.7985
-2.52751
-0.791363
-2.37666
0.310882
-2.08795
1.48654
-1.65709
2.71148
-1.08318
3.96025
-0.368741
5.20676
0.480411
6.42505
1.45545
7.5901
2.54446
8.67897
3.73222
9.67172
5.00092
10.55
6.33105
11.2972
7.70179
11.899
9.09205
12.3426
10.4814
12.6188
11.8485
12.7212
13.1722
12.6471
14.432
12.3963
15.6073
11.9696
16.6785
11.3702
17.6269
10.6024
18.4352
9.67212
19.0872
8.58657
19.5685
7.35388
19.8658
5.98328
19.968
4.48475
19.8654
2.86909
19.5506
1.14801
19.0182
-0.665793
18.2644
-2.55807
17.287
-4.51277
16.0848
-6.51304
14.6585
-8.54227
13.0103
-10.584
11.1445
-12.6218
9.067
-14.6392
6.7849
-16.6194
4.30625
-18.5459
1.63977
-20.4027
-1.20522
-22.1754
-4.21865
-23.8518
-7.38842
-25.4229
-10.6999
-26.8822
-14.1376
-28.222
-17.6856
-29.4347
-21.3292
-30.5123
-25.0558
-31.4475
-28.8537
-32.2365
-32.7114
-32.88
-36.6164
-33.3803
-40.5563
-33.7405
-44.5169
-33.9629
-48.4841
-34.0503
-52.4445
-34.0053
-56.3839
-33.8283
-60.2871
-33.5183
-64.1394
-33.0729
-67.9255
-32.4872
-71.6293
-31.7535
-75.2334
-30.8619
-78.7193
-29.7996
-82.067
-28.552
-85.2548
-27.1025
-88.2594
-25.433
-91.0552
-23.5243
-93.6149
-21.3573
-95.9092
-18.9129
-97.9066
-16.1737
-99.5741
-13.1251
-100.878
-9.75623
-101.781
-6.06244
-102.248
-2.04666
-102.238
2.27768
-101.711
6.89151
-100.629
11.7694
-98.9575
16.8771
-96.6653
22.169
-93.7279
27.5881
-90.1279
33.0655
-85.8571
38.5209
-80.9178
43.8632
-75.3252
48.9928
-69.1086
53.803
-62.3124
58.1835
-54.9961
62.0238
-47.2342
65.2182
-39.1147
67.6726
-30.7381
69.3115
-22.2183
70.0923
-13.6844
70.0056
-5.27386
69.0772
2.87161
67.3809
10.6039
65.0396
17.7652
62.2404
24.1778
59.2508
29.6354
56.4352
33.9552
54.1601
37.0626
52.7539
51.8781
0.20027
-1.28798
0.349388
-0.547558
0.509647
0.0309751
0.686495
0.529995
0.88565
0.965151
1.11236
1.33877
1.36853
1.65258
1.65252
1.90749
1.96009
2.10326
2.28505
2.2395
2.6203
2.31556
2.95831
2.33153
3.29124
2.28955
3.6114
2.19319
3.91147
2.04718
4.18488
1.85751
4.42608
1.63115
4.63062
1.37589
4.79535
1.10003
4.91839
0.812102
4.99925
0.520537
5.03874
0.233465
5.03878
-0.041232
5.00202
-0.296158
4.93186
-0.525103
4.83241
-0.723289
4.70834
-0.887306
4.56467
-1.01504
4.4066
-1.10566
4.23926
-1.15958
4.06758
-1.17838
3.89613
-1.16464
3.72907
-1.1218
3.56994
-1.05408
3.42167
-0.966181
3.28651
-0.86317
3.16601
-0.750248
3.06101
-0.632583
2.97172
-0.515129
2.89773
-0.402459
2.83802
-0.298557
2.79112
-0.206838
2.75486
-0.129609
2.72697
-0.0691531
2.70548
-0.0274763
2.68811
-0.0045199
2.67236
0.000461497
2.65578
-0.0111648
2.6363
-0.0377926
2.61237
-0.077258
2.58297
-0.126704
2.54749
-0.182555
2.50573
-0.240692
2.45795
-0.296935
2.40504
-0.347153
2.3484
-0.387343
2.28996
-0.413776
2.23215
-0.423077
2.17775
-0.412393
2.12973
-0.379518
2.09123
-0.323132
2.06579
-0.2433
2.05681
-0.140363
2.06633
-0.0139712
2.09675
0.132154
2.15086
0.292829
2.22985
0.464967
2.33404
0.643551
2.4631
0.821978
2.6157
0.993454
2.78937
1.1508
2.9806
1.28645
3.18481
1.39285
3.39643
1.46268
3.60895
1.48918
3.81512
1.46643
4.0071
1.38957
4.17658
1.25502
4.31511
1.06074
4.41441
0.806444
4.46675
0.493674
4.46526
0.126071
4.404
-0.290059
4.2779
-0.745717
4.08322
-1.23013
3.81799
-1.73089
3.48218
-2.23391
3.07774
-2.72356
2.60857
-3.1831
2.08051
-3.59538
1.50196
-3.94446
0.884563
-4.21645
0.242791
-4.39816
-0.40662
-4.47759
-1.04501
-4.44448
-1.65282
-4.28989
-2.20995
-4.0084
-2.69549
-3.5992
-3.08837
-3.06514
-3.36836
-2.41229
-3.51708
-1.64978
-3.51903
-0.789411
-3.36225
0.154107
-3.03794
1.16223
-2.54064
2.21418
-1.86889
3.2885
-1.02535
4.36322
-0.016342
5.41605
1.14866
6.4251
2.4567
7.37093
3.89014
8.23827
5.4279
9.01226
7.04693
9.67816
8.72229
10.2236
10.4293
10.6356
12.1443
10.9038
13.8423
11.0232
15.498
10.9913
17.0865
10.8078
18.5827
10.4735
19.9623
9.99047
21.2024
9.36229
22.281
8.59356
23.1775
7.68999
23.8732
6.65826
24.3505
5.50594
24.5942
4.24105
24.5911
2.87222
24.3304
1.40872
23.804
-0.139465
23.0064
-1.76043
21.9331
-3.43945
20.5808
-5.16083
18.9486
-6.91003
17.0378
-8.67315
14.8525
-10.4366
12.3993
-12.186
9.68659
-13.9066
6.72393
-15.5832
3.52181
-17.2006
0.0908858
-18.7445
-3.55799
-20.2029
-7.41059
-21.5703
-11.4476
-22.8451
-15.6478
-24.0218
-19.9895
-25.093
-24.4525
-26.0493
-29.0208
-26.8791
-33.6805
-27.5769
-38.416
-28.1445
-43.2111
-28.5852
-48.0486
-28.903
-52.9108
-29.1008
-57.7795
-29.1815
-62.6372
-29.1476
-67.4658
-28.9998
-72.2465
-28.7376
-76.9605
-28.3588
-81.5885
-27.8592
-86.11
-27.232
-90.5034
-26.4685
-94.7455
-25.5575
-98.8112
-24.4863
-102.673
-23.2403
-106.303
-21.8035
-109.668
-20.1594
-112.734
-18.2911
-115.465
-16.1821
-117.821
-13.8174
-119.762
-11.1837
-121.247
-8.27122
-122.234
-5.07565
-122.68
-1.60066
-122.538
2.13557
-121.761
6.11402
-120.304
10.3131
-118.131
14.7041
-115.21
19.2473
-111.515
23.893
-107.031
28.5816
-101.754
33.2438
-95.692
37.8016
-88.8694
42.1702
-81.3251
46.2588
-73.1153
49.9737
-64.3119
53.2205
-55.0014
55.9078
-45.2819
57.9531
-35.2597
59.2893
-25.0572
59.8898
-14.8156
59.764
-4.6824
58.944
5.19004
57.5085
14.6448
55.5848
23.5168
53.3684
31.6141
51.1535
38.6895
49.3597
44.5084
48.3413
48.8683
48.394
48.6304
0.0425183
-1.33044
0.146423
-0.651463
0.298661
-0.121262
0.485919
0.342737
0.711128
0.739942
0.979051
1.07085
1.28965
1.34198
1.63836
1.55879
2.01803
1.72359
2.41945
1.83807
2.83319
1.90182
3.24992
1.9148
3.65998
1.8795
4.05381
1.79935
4.42247
1.67852
4.75796
1.52201
5.05352
1.33559
5.30378
1.12563
5.50489
0.898924
5.65453
0.662456
5.75214
0.422931
5.79889
0.186709
5.7973
-0.0396409
5.75059
-0.249447
5.66285
-0.437359
5.53914
-0.599576
5.3853
-0.733465
5.20762
-0.837364
5.01258
-0.910621
4.80658
-0.953582
4.59576
-0.967556
4.3858
-0.954685
4.18185
-0.917839
3.98828
-0.86051
3.8087
-0.786606
3.64586
-0.700328
3.50162
-0.606003
3.37697
-0.507937
3.27213
-0.410285
3.18655
-0.31688
3.11891
-0.230919
3.06745
-0.155376
3.0289
-0.0910637
3.00048
-0.0407317
2.9801
-0.00709964
2.96479
0.0107919
2.95131
0.013946
2.93638
0.00376477
2.91736
-0.0187749
2.89233
-0.0522293
2.86009
-0.0944635
2.81988
-0.142348
2.77128
-0.192086
2.71453
-0.240189
2.65067
-0.283293
2.58144
-0.318116
2.50926
-0.341592
2.43716
-0.350976
2.36865
-0.343882
2.30741
-0.31828
2.25719
-0.272914
2.22222
-0.208328
2.20677
-0.124913
2.21445
-0.0216472
2.24811
0.0984915
2.3105
0.230441
2.40331
0.372157
2.52707
0.519789
2.68179
0.667255
2.86602
0.809225
3.07677
0.940048
3.3098
1.05342
3.5596
1.14304
3.81943
1.20285
4.0814
1.22721
4.33663
1.2112
4.57547
1.15073
4.78767
1.04282
4.96272
0.885699
5.0902
0.67896
5.16043
0.423445
5.16501
0.12149
5.09664
-0.221691
4.94867
-0.597745
4.71604
-0.997502
4.39612
-1.41097
3.98881
-1.8266
3.49655
-2.2313
2.92402
-2.61057
2.27769
-2.94905
1.56722
-3.23399
0.807111
-3.45634
0.0155071
-3.60656
-0.786815
-3.67527
-1.57682
-3.65448
-2.33136
-3.53535
-3.02712
-3.31264
-3.6393
-2.98702
-4.14268
-2.56175
-4.51302
-2.04195
-4.72829
-1.43451
-4.77028
-0.747419
-4.62557
0.00939181
-4.28373
0.820392
-3.73741
1.66787
-2.98407
2.53516
-2.0262
3.40535
-0.870329
4.26018
0.474507
5.08026
1.9959
5.84954
3.67405
6.56012
5.48429
7.20202
7.40018
7.76227
9.39179
8.23199
11.431
8.5964
13.4919
8.84285
15.5464
8.9687
17.5648
8.97291
19.5172
8.85541
21.374
8.61672
23.1062
8.25831
24.6858
7.7826
26.0864
7.19295
27.2829
6.49357
28.2515
5.68961
28.9704
4.78702
29.4197
3.79179
29.5817
2.71025
29.4417
1.54867
28.989
0.313247
28.216
-0.987394
27.116
-2.33944
25.6825
-3.72742
23.912
-5.13949
21.8041
-6.56522
19.3626
-7.99513
16.5946
-9.41798
13.5093
-10.8214
10.1184
-12.1923
6.4343
-13.5164
2.46853
-14.7787
-1.76973
-15.9646
-6.26647
-17.0736
-10.997
-18.1146
-15.9327
-19.0862
-21.0437
-19.9819
-26.3026
-20.7904
-31.6913
-21.4905
-37.195
-22.0732
-42.7951
-22.5444
-48.4702
-22.9101
-54.1982
-23.1749
-59.957
-23.342
-65.7245
-23.414
-71.4788
-23.3932
-77.1979
-23.2807
-82.8593
-23.0762
-88.4402
-22.778
-93.917
-22.3824
-99.2651
-21.8839
-104.458
-21.2752
-109.469
-20.5472
-114.266
-19.6892
-118.817
-18.6892
-123.086
-17.534
-127.036
-16.2099
-130.624
-14.7032
-133.805
-13.0004
-136.533
-11.0894
-138.758
-8.95888
-140.43
-6.59925
-141.502
-4.00426
-141.926
-1.17576
-141.648
1.85733
-140.61
5.07623
-138.764
8.46639
-136.068
12.008
-132.488
15.6677
-128
19.4055
-122.591
23.1724
-116.26
26.9126
-109.022
30.5635
-100.909
34.0572
-91.9719
37.3216
-82.2799
40.2817
-71.9204
42.8609
-60.995
44.9824
-49.6137
46.5719
-37.8845
47.5601
-25.9389
47.9442
-13.9404
47.7655
-2.05145
47.0551
9.5622
45.8948
20.7406
44.4065
31.3347
42.7743
41.1755
41.3127
49.9987
40.5364
57.5379
40.8021
63.312
42.6199
44.3479
-0.221518
-1.10888
-0.184612
-0.688369
-0.0582755
-0.247599
0.126107
0.158355
0.37064
0.495408
0.680374
0.761115
1.05146
0.970894
1.47409
1.13615
1.93698
1.2607
2.42651
1.34854
2.93033
1.398
3.43753
1.4076
3.93619
1.38084
4.41452
1.32102
4.8616
1.23143
5.26781
1.11581
5.62505
0.978353
5.92691
0.823766
6.16875
0.657081
6.3477
0.483509
6.46298
0.30765
6.51643
0.133262
6.51151
-0.0347234
6.45197
-0.189907
6.34251
-0.3279
6.18938
-0.446451
5.99992
-0.544005
5.78197
-0.61941
5.54352
-0.672173
5.29248
-0.702539
5.03639
-0.71147
4.78226
-0.700558
4.53637
-0.671944
4.30408
-0.628221
4.08977
-0.572295
3.89673
-0.507291
3.72717
-0.436436
3.58219
-0.362965
3.462
-0.290095
3.36597
-0.220851
3.29231
-0.157252
3.23813
-0.101196
3.19983
-0.052762
3.17444
-0.015346
3.15835
0.00899556
3.14833
0.0208054
3.14053
0.0217445
3.13018
0.0141207
3.11378
-0.00237829
3.08916
-0.0276056
3.05532
-0.0606217
3.0112
-0.0982347
2.95583
-0.136709
2.88938
-0.17374
2.81312
-0.207033
2.7292
-0.234203
2.64061
-0.253
2.55118
-0.261539
2.46537
-0.258075
2.38775
-0.240664
2.32246
-0.207624
2.27443
-0.160297
2.2497
-0.100179
2.25339
-0.0253422
2.28884
0.063047
2.35938
0.159893
2.46671
0.264831
2.61145
0.375049
2.79465
0.484059
3.0147
0.589167
3.26789
0.686861
3.54918
0.772135
3.85205
0.840169
4.16847
0.886433
4.48893
0.906746
4.80271
0.897423
5.09804
0.855398
5.36237
0.778483
5.5827
0.665368
5.74594
0.515723
5.83978
0.329606
5.85426
0.107015
5.78081
-0.14825
5.61046
-0.427396
5.33621
-0.723245
4.95465
-1.02941
4.46585
-1.3378
3.87321
-1.63866
3.1828
-1.92015
2.40102
-2.16727
1.53802
-2.371
0.612492
-2.53081
-0.352729
-2.64133
-1.33218
-2.69582
-2.29744
-2.68922
-3.22215
-2.61065
-4.08097
-2.45382
-4.84508
-2.22291
-5.4847
-1.92213
-5.97125
-1.5554
-6.27825
-1.12751
-6.38428
-0.641395
-6.27564
-0.0992448
-5.94022
0.484972
-5.36712
1.09477
-4.5517
1.71974
-3.49656
2.3502
-2.20876
2.97237
-0.695364
3.56687
1.03545
4.11872
2.96154
4.63403
5.05366
5.10991
7.28306
5.53287
9.61199
5.90306
12.0086
6.19975
14.4486
6.4029
16.8999
6.51743
19.3276
6.54514
21.6967
6.48637
23.9721
6.34125
26.12
6.11042
28.1074
5.79519
29.9027
5.39771
31.4757
4.92058
32.7978
4.36744
33.842
3.7429
34.583
3.05073
34.9981
2.29517
35.067
1.47971
34.7755
0.604835
34.115
-0.326985
33.077
-1.30137
31.6496
-2.29999
29.8249
-3.31481
27.5998
-4.34014
24.9777
-5.37308
21.9656
-6.40582
18.5734
-7.42927
14.8149
-8.43373
10.7063
-9.40785
6.26112
-10.3335
1.48179
-11.1853
-3.62352
-11.9683
-9.02392
-12.7142
-14.6803
-13.4299
-20.5515
-14.1107
-26.5963
-14.7455
-32.7981
-15.2887
-39.1477
-15.7236
-45.621
-16.0711
-52.1896
-16.3415
-58.8256
-16.5389
-65.5017
-16.6659
-72.1914
-16.7243
-78.869
-16.7157
-85.5083
-16.6414
-92.0826
-16.5019
-98.5649
-16.2957
-104.927
-16.02
-111.141
-15.6705
-117.174
-15.2416
-122.995
-14.7267
-128.566
-14.1178
-133.85
-13.4059
-138.802
-12.5814
-143.378
-11.6339
-147.528
-10.5533
-151.198
-9.33026
-154.331
-7.9566
-156.866
-6.42377
-158.742
-4.7231
-159.904
-2.84216
-160.311
-0.769153
-159.893
1.43903
-158.58
3.76308
-156.314
6.2012
-153.055
8.74896
-148.766
11.3786
-143.422
14.0613
-137.011
16.7613
-129.537
19.4384
-121.021
22.0481
-111.506
24.5419
-101.054
26.8693
-89.7504
28.9783
-77.7041
30.8147
-65.0402
32.3185
-51.8886
33.4202
-38.3425
34.014
-24.542
34.1436
-10.6972
33.9207
3.00884
33.349
16.3916
32.512
29.2944
31.5037
41.6325
30.4362
53.3384
29.6069
64.1968
29.678
74.0622
30.9367
81.8905
34.7915
38.6577
-0.501841
-0.606985
-0.616452
-0.573759
-0.586887
-0.277163
-0.44731
0.0187773
-0.201482
0.24958
0.149647
0.409986
0.592181
0.52836
1.10492
0.623411
1.67094
0.694686
2.26922
0.750262
2.88474
0.782478
3.5053
0.787043
4.11511
0.771028
4.69924
0.736891
5.24427
0.686395
5.73855
0.621529
6.17235
0.544558
6.53797
0.45814
6.82992
0.365137
7.04461
0.268821
7.18061
0.171648
7.24026
0.0736135
7.22948
-0.0239489
7.152
-0.112421
7.013
-0.188907
6.82064
-0.254092
6.58438
-0.307736
6.31405
-0.349088
6.01965
-0.377765
5.71097
-0.393861
5.39739
-0.397897
5.08762
-0.390781
4.7894
-0.373726
4.50936
-0.348182
4.25285
-0.31578
4.02384
-0.278291
3.82494
-0.237533
3.65731
-0.195338
3.521
-0.153777
3.41548
-0.115333
3.33811
-0.079889
3.28459
-0.0476705
3.2515
-0.019669
3.23464
0.00150764
3.22847
0.0151675
3.22848
0.0207914
3.23032
0.0199042
3.22858
0.0158621
3.21878
0.00742735
3.19841
-0.00723355
3.16592
-0.0281322
3.11873
-0.0510443
3.05573
-0.07371
2.97741
-0.0954198
2.88544
-0.115063
2.78247
-0.131234
2.67207
-0.142603
2.55905
-0.148517
2.4493
-0.14833
2.34862
-0.139976
2.26248
-0.121493
2.19665
-0.0944651
2.15837
-0.0618943
2.154
-0.0209691
2.18857
0.0284686
2.26619
0.0822796
2.38836
0.142654
2.55755
0.20586
2.77567
0.265939
3.04045
0.324387
3.34686
0.38045
3.68922
0.42978
4.05989
0.469501
4.44923
0.49709
4.84577
0.510208
5.23639
0.506804
5.60668
0.485107
5.94116
0.443999
6.22372
0.382811
6.43766
0.301776
6.56647
0.200802
6.59758
0.0758982
6.5225
-0.0731701
6.32788
-0.232774
6.00333
-0.398696
5.54491
-0.570984
4.953
-0.745886
4.23265
-0.918311
3.39385
-1.08136
2.44306
-1.21647
1.38776
-1.3157
0.251471
-1.39452
-0.933027
-1.45684
-2.13479
-1.49405
-3.31821
-1.5058
-4.45615
-1.4727
-5.52339
-1.38658
-6.48466
-1.26164
-7.30513
-1.10166
-7.9521
-0.908434
-8.39424
-0.685369
-8.60334
-0.432292
-8.56777
-0.134812
-8.27538
0.192578
-7.70704
0.526432
-6.85374
0.866439
-5.71917
1.21562
-4.31285
1.56606
-2.63969
1.89371
-0.696449
2.17548
1.49488
2.44271
3.89568
2.7091
6.47938
2.94917
9.19005
3.19239
11.9979
3.39186
14.8863
3.51458
17.8146
3.58911
20.7408
3.61896
23.6233
3.60383
26.4217
3.54286
29.0964
3.43572
31.6088
3.28283
33.9213
3.0852
35.9981
2.84373
37.805
2.56058
39.3092
2.23874
40.4795
1.88042
41.2867
1.48797
41.7038
1.06261
41.707
0.601583
41.2874
0.0926481
40.4401
-0.454027
39.1413
-1.00126
37.3765
-1.54993
35.1387
-2.10237
32.4314
-2.6658
29.2592
-3.2336
25.631
-3.80105
21.5621
-4.36484
17.0754
-4.92117
12.1967
-5.45484
6.91546
-5.90407
1.21814
-6.27094
-4.86453
-6.63149
-11.2835
-7.01092
-17.9579
-7.43628
-24.8232
-7.88019
-31.888
-8.22391
-39.1561
-8.45549
-46.5853
-8.64187
-54.1361
-8.79076
-61.7731
-8.90193
-69.4635
-8.97545
-77.1761
-9.01179
-84.8809
-9.01089
-92.5486
-8.97371
-100.148
-8.90258
-107.646
-8.79725
-115.011
-8.65507
-122.208
-8.47333
-129.201
-8.24878
-135.95
-7.97749
-142.413
-7.6548
-148.544
-7.27558
-154.291
-6.83437
-159.599
-6.32541
-164.41
-5.7427
-168.659
-5.0812
-172.277
-4.3383
-175.19
-3.51055
-177.32
-2.59398
-178.585
-1.577
-178.969
-0.385226
-178.396
0.866053
-176.772
2.13979
-174.018
3.44642
-170.104
4.8353
-164.987
6.26159
-158.642
7.71604
-151.058
9.17784
-142.245
10.6254
-132.232
12.0348
-121.071
13.3807
-108.839
14.6373
-95.6408
15.7805
-81.6127
16.7866
-66.9213
17.6271
-51.7468
18.2457
-36.1328
18.4001
-20.1942
18.205
-4.25495
17.9815
11.4599
17.6341
26.7125
17.2594
41.3611
16.855
55.4505
16.3468
69.1708
15.8866
82.4445
16.4043
95.963
17.4182
108.172
22.5829
29.219
-0.606935
-1.18069
-1.45786
-1.43908
-1.1895
-0.779512
-0.251152
0.372259
1.06694
1.81721
2.59968
3.38673
4.15775
4.89465
5.58104
6.20257
6.74713
7.20527
7.57041
7.83923
8.01087
8.08449
8.06054
7.94812
7.75921
7.50512
7.19738
6.8483
6.47053
6.07667
5.67877
5.28799
4.91427
4.56608
4.2503
3.97201
3.73448
3.53914
3.38537
3.27003
3.19014
3.14247
3.1228
3.12431
3.13948
3.16027
3.18017
3.19604
3.20346
3.19623
3.1681
3.11705
3.04334
2.94792
2.83286
2.70163
2.55902
2.41051
2.26218
2.1222
2.00071
1.90624
1.84435
1.82338
1.85185
1.93413
2.07678
2.28264
2.54858
2.87297
3.25342
3.6832
4.1527
4.64979
5.16
5.6668
6.15191
6.59591
6.97872
7.28049
7.4813
7.55719
7.48402
7.25125
6.85255
6.28157
5.53568
4.61737
3.53601
2.31954
1.00384
-0.390679
-1.84751
-3.34157
-4.84737
-6.32007
-7.70665
-8.96828
-10.0699
-10.9784
-11.6637
-12.096
-12.2309
-12.0383
-11.5118
-10.6454
-9.42978
-7.86372
-5.97001
-3.79453
-1.35182
1.35728
4.30645
7.49884
10.8907
14.4053
17.9944
21.6133
25.2172
28.76
32.1957
35.4786
38.5638
41.4075
43.9681
46.2068
48.0872
49.5752
50.6378
51.2394
51.332
50.878
49.8768
48.3268
46.2245
43.5587
40.3251
36.524
32.1592
27.238
21.7832
15.8791
9.60815
2.97666
-4.03426
-11.4705
-19.3507
-27.5746
-36.0301
-44.672
-53.4628
-62.3647
-71.3401
-80.3519
-89.3628
-98.3365
-107.239
-116.036
-124.691
-133.165
-141.414
-149.391
-157.046
-164.321
-171.156
-177.481
-183.224
-188.305
-192.643
-196.154
-198.748
-200.325
-200.71
-199.844
-197.704
-194.258
-189.423
-183.161
-175.445
-166.267
-155.642
-143.607
-130.226
-115.589
-99.8084
-83.0219
-65.3948
-47.1491
-28.749
-10.5441
7.43742
25.0716
42.331
59.1861
75.5328
91.4194
107.824
125.242
147.825
)
;

boundaryField
{
    walls
    {
        type            calculated;
        value           uniform 0;
    }
    inlet
    {
        type            calculated;
        value           nonuniform List<scalar> 
20
(
-5e-005
-5e-005
-5e-005
-5e-005
-5e-005
-5e-005
-5e-005
-5e-005
-5e-005
-5e-005
-5e-005
-5e-005
-5e-005
-5e-005
-5e-005
-5e-005
-5e-005
-5e-005
-5e-005
-5e-005
)
;
    }
    outlet
    {
        type            calculated;
        value           nonuniform List<scalar> 
20
(
-89.3777
-92.2561
-86.6424
-77.3897
-67.3007
-56.9663
-46.4265
-35.6542
-25.1196
-14.8267
-3.17622
7.80526
17.9474
28.1483
39.2906
52.116
67.5945
87.5808
117.61
177.044
)
;
    }
    frontAndBack
    {
        type            empty;
        value           nonuniform 0();
    }
}


// ************************************************************************* //
