/*--------------------------------*- C++ -*----------------------------------*\
| =========                 |                                                 |
| \\      /  F ield         | OpenFOAM: The Open Source CFD Toolbox           |
|  \\    /   O peration     | Version:  5.x                                   |
|   \\  /    A nd           | Web:      www.OpenFOAM.org                      |
|    \\/     M anipulation  |                                                 |
\*---------------------------------------------------------------------------*/
/*   Windows 32 and 64 bit porting by blueCAPE: http://www.bluecape.com.pt   *\
|  Based on Windows porting (2.0.x v4) by Symscape: http://www.symscape.com   |
\*---------------------------------------------------------------------------*/
FoamFile
{
    version     2.0;
    format      ascii;
    class       faceList;
    location    "constant/polyMesh";
    object      faces;
}
// * * * * * * * * * * * * * * * * * * * * * * * * * * * * * * * * * * * * * //


3070
(
4(1 27 313 287)
4(26 312 313 27)
4(2 28 314 288)
4(27 313 314 28)
4(3 29 315 289)
4(28 314 315 29)
4(4 30 316 290)
4(29 315 316 30)
4(5 31 317 291)
4(30 316 317 31)
4(6 32 318 292)
4(31 317 318 32)
4(7 33 319 293)
4(32 318 319 33)
4(8 34 320 294)
4(33 319 320 34)
4(9 35 321 295)
4(34 320 321 35)
4(10 36 322 296)
4(35 321 322 36)
4(11 37 323 297)
4(36 322 323 37)
4(12 38 324 298)
4(37 323 324 38)
4(13 39 325 299)
4(38 324 325 39)
4(14 40 326 300)
4(39 325 326 40)
4(15 41 327 301)
4(40 326 327 41)
4(16 42 328 302)
4(41 327 328 42)
4(17 43 329 303)
4(42 328 329 43)
4(18 44 330 304)
4(43 329 330 44)
4(19 45 331 305)
4(44 330 331 45)
4(20 46 332 306)
4(45 331 332 46)
4(21 47 333 307)
4(46 332 333 47)
4(22 48 334 308)
4(47 333 334 48)
4(23 49 335 309)
4(48 334 335 49)
4(24 50 336 310)
4(49 335 336 50)
4(50 336 337 51)
4(25 51 337 311)
4(27 53 339 313)
4(52 338 339 53)
4(28 54 340 314)
4(53 339 340 54)
4(29 55 341 315)
4(54 340 341 55)
4(30 56 342 316)
4(55 341 342 56)
4(31 57 343 317)
4(56 342 343 57)
4(32 58 344 318)
4(57 343 344 58)
4(33 59 345 319)
4(58 344 345 59)
4(34 60 346 320)
4(59 345 346 60)
4(35 61 347 321)
4(60 346 347 61)
4(36 62 348 322)
4(61 347 348 62)
4(37 63 349 323)
4(62 348 349 63)
4(38 64 350 324)
4(63 349 350 64)
4(39 65 351 325)
4(64 350 351 65)
4(40 66 352 326)
4(65 351 352 66)
4(41 67 353 327)
4(66 352 353 67)
4(42 68 354 328)
4(67 353 354 68)
4(43 69 355 329)
4(68 354 355 69)
4(44 70 356 330)
4(69 355 356 70)
4(45 71 357 331)
4(70 356 357 71)
4(46 72 358 332)
4(71 357 358 72)
4(47 73 359 333)
4(72 358 359 73)
4(48 74 360 334)
4(73 359 360 74)
4(49 75 361 335)
4(74 360 361 75)
4(50 76 362 336)
4(75 361 362 76)
4(76 362 363 77)
4(51 77 363 337)
4(53 79 365 339)
4(78 364 365 79)
4(54 80 366 340)
4(79 365 366 80)
4(55 81 367 341)
4(80 366 367 81)
4(56 82 368 342)
4(81 367 368 82)
4(57 83 369 343)
4(82 368 369 83)
4(58 84 370 344)
4(83 369 370 84)
4(59 85 371 345)
4(84 370 371 85)
4(60 86 372 346)
4(85 371 372 86)
4(61 87 373 347)
4(86 372 373 87)
4(62 88 374 348)
4(87 373 374 88)
4(63 89 375 349)
4(88 374 375 89)
4(64 90 376 350)
4(89 375 376 90)
4(65 91 377 351)
4(90 376 377 91)
4(66 92 378 352)
4(91 377 378 92)
4(67 93 379 353)
4(92 378 379 93)
4(68 94 380 354)
4(93 379 380 94)
4(69 95 381 355)
4(94 380 381 95)
4(70 96 382 356)
4(95 381 382 96)
4(71 97 383 357)
4(96 382 383 97)
4(72 98 384 358)
4(97 383 384 98)
4(73 99 385 359)
4(98 384 385 99)
4(74 100 386 360)
4(99 385 386 100)
4(75 101 387 361)
4(100 386 387 101)
4(76 102 388 362)
4(101 387 388 102)
4(102 388 389 103)
4(77 103 389 363)
4(79 105 391 365)
4(104 390 391 105)
4(80 106 392 366)
4(105 391 392 106)
4(81 107 393 367)
4(106 392 393 107)
4(82 108 394 368)
4(107 393 394 108)
4(83 109 395 369)
4(108 394 395 109)
4(84 110 396 370)
4(109 395 396 110)
4(85 111 397 371)
4(110 396 397 111)
4(86 112 398 372)
4(111 397 398 112)
4(87 113 399 373)
4(112 398 399 113)
4(88 114 400 374)
4(113 399 400 114)
4(89 115 401 375)
4(114 400 401 115)
4(90 116 402 376)
4(115 401 402 116)
4(91 117 403 377)
4(116 402 403 117)
4(92 118 404 378)
4(117 403 404 118)
4(93 119 405 379)
4(118 404 405 119)
4(94 120 406 380)
4(119 405 406 120)
4(95 121 407 381)
4(120 406 407 121)
4(96 122 408 382)
4(121 407 408 122)
4(97 123 409 383)
4(122 408 409 123)
4(98 124 410 384)
4(123 409 410 124)
4(99 125 411 385)
4(124 410 411 125)
4(100 126 412 386)
4(125 411 412 126)
4(101 127 413 387)
4(126 412 413 127)
4(102 128 414 388)
4(127 413 414 128)
4(128 414 415 129)
4(103 129 415 389)
4(105 131 417 391)
4(130 416 417 131)
4(106 132 418 392)
4(131 417 418 132)
4(107 133 419 393)
4(132 418 419 133)
4(108 134 420 394)
4(133 419 420 134)
4(109 135 421 395)
4(134 420 421 135)
4(110 136 422 396)
4(135 421 422 136)
4(111 137 423 397)
4(136 422 423 137)
4(112 138 424 398)
4(137 423 424 138)
4(113 139 425 399)
4(138 424 425 139)
4(114 140 426 400)
4(139 425 426 140)
4(115 141 427 401)
4(140 426 427 141)
4(116 142 428 402)
4(141 427 428 142)
4(117 143 429 403)
4(142 428 429 143)
4(118 144 430 404)
4(143 429 430 144)
4(119 145 431 405)
4(144 430 431 145)
4(120 146 432 406)
4(145 431 432 146)
4(121 147 433 407)
4(146 432 433 147)
4(122 148 434 408)
4(147 433 434 148)
4(123 149 435 409)
4(148 434 435 149)
4(124 150 436 410)
4(149 435 436 150)
4(125 151 437 411)
4(150 436 437 151)
4(126 152 438 412)
4(151 437 438 152)
4(127 153 439 413)
4(152 438 439 153)
4(128 154 440 414)
4(153 439 440 154)
4(154 440 441 155)
4(129 155 441 415)
4(131 157 443 417)
4(156 442 443 157)
4(132 158 444 418)
4(157 443 444 158)
4(133 159 445 419)
4(158 444 445 159)
4(134 160 446 420)
4(159 445 446 160)
4(135 161 447 421)
4(160 446 447 161)
4(136 162 448 422)
4(161 447 448 162)
4(137 163 449 423)
4(162 448 449 163)
4(138 164 450 424)
4(163 449 450 164)
4(139 165 451 425)
4(164 450 451 165)
4(140 166 452 426)
4(165 451 452 166)
4(141 167 453 427)
4(166 452 453 167)
4(142 168 454 428)
4(167 453 454 168)
4(143 169 455 429)
4(168 454 455 169)
4(144 170 456 430)
4(169 455 456 170)
4(145 171 457 431)
4(170 456 457 171)
4(146 172 458 432)
4(171 457 458 172)
4(147 173 459 433)
4(172 458 459 173)
4(148 174 460 434)
4(173 459 460 174)
4(149 175 461 435)
4(174 460 461 175)
4(150 176 462 436)
4(175 461 462 176)
4(151 177 463 437)
4(176 462 463 177)
4(152 178 464 438)
4(177 463 464 178)
4(153 179 465 439)
4(178 464 465 179)
4(154 180 466 440)
4(179 465 466 180)
4(180 466 467 181)
4(155 181 467 441)
4(157 183 469 443)
4(182 468 469 183)
4(158 184 470 444)
4(183 469 470 184)
4(159 185 471 445)
4(184 470 471 185)
4(160 186 472 446)
4(185 471 472 186)
4(161 187 473 447)
4(186 472 473 187)
4(162 188 474 448)
4(187 473 474 188)
4(163 189 475 449)
4(188 474 475 189)
4(164 190 476 450)
4(189 475 476 190)
4(165 191 477 451)
4(190 476 477 191)
4(166 192 478 452)
4(191 477 478 192)
4(167 193 479 453)
4(192 478 479 193)
4(168 194 480 454)
4(193 479 480 194)
4(169 195 481 455)
4(194 480 481 195)
4(170 196 482 456)
4(195 481 482 196)
4(171 197 483 457)
4(196 482 483 197)
4(172 198 484 458)
4(197 483 484 198)
4(173 199 485 459)
4(198 484 485 199)
4(174 200 486 460)
4(199 485 486 200)
4(175 201 487 461)
4(200 486 487 201)
4(176 202 488 462)
4(201 487 488 202)
4(177 203 489 463)
4(202 488 489 203)
4(178 204 490 464)
4(203 489 490 204)
4(179 205 491 465)
4(204 490 491 205)
4(180 206 492 466)
4(205 491 492 206)
4(206 492 493 207)
4(181 207 493 467)
4(183 209 495 469)
4(208 494 495 209)
4(184 210 496 470)
4(209 495 496 210)
4(185 211 497 471)
4(210 496 497 211)
4(186 212 498 472)
4(211 497 498 212)
4(187 213 499 473)
4(212 498 499 213)
4(188 214 500 474)
4(213 499 500 214)
4(189 215 501 475)
4(214 500 501 215)
4(190 216 502 476)
4(215 501 502 216)
4(191 217 503 477)
4(216 502 503 217)
4(192 218 504 478)
4(217 503 504 218)
4(193 219 505 479)
4(218 504 505 219)
4(194 220 506 480)
4(219 505 506 220)
4(195 221 507 481)
4(220 506 507 221)
4(196 222 508 482)
4(221 507 508 222)
4(197 223 509 483)
4(222 508 509 223)
4(198 224 510 484)
4(223 509 510 224)
4(199 225 511 485)
4(224 510 511 225)
4(200 226 512 486)
4(225 511 512 226)
4(201 227 513 487)
4(226 512 513 227)
4(202 228 514 488)
4(227 513 514 228)
4(203 229 515 489)
4(228 514 515 229)
4(204 230 516 490)
4(229 515 516 230)
4(205 231 517 491)
4(230 516 517 231)
4(206 232 518 492)
4(231 517 518 232)
4(232 518 519 233)
4(207 233 519 493)
4(209 235 521 495)
4(234 520 521 235)
4(210 236 522 496)
4(235 521 522 236)
4(211 237 523 497)
4(236 522 523 237)
4(212 238 524 498)
4(237 523 524 238)
4(213 239 525 499)
4(238 524 525 239)
4(214 240 526 500)
4(239 525 526 240)
4(215 241 527 501)
4(240 526 527 241)
4(216 242 528 502)
4(241 527 528 242)
4(217 243 529 503)
4(242 528 529 243)
4(218 244 530 504)
4(243 529 530 244)
4(219 245 531 505)
4(244 530 531 245)
4(220 246 532 506)
4(245 531 532 246)
4(221 247 533 507)
4(246 532 533 247)
4(222 248 534 508)
4(247 533 534 248)
4(223 249 535 509)
4(248 534 535 249)
4(224 250 536 510)
4(249 535 536 250)
4(225 251 537 511)
4(250 536 537 251)
4(226 252 538 512)
4(251 537 538 252)
4(227 253 539 513)
4(252 538 539 253)
4(228 254 540 514)
4(253 539 540 254)
4(229 255 541 515)
4(254 540 541 255)
4(230 256 542 516)
4(255 541 542 256)
4(231 257 543 517)
4(256 542 543 257)
4(232 258 544 518)
4(257 543 544 258)
4(258 544 545 259)
4(233 259 545 519)
4(235 261 547 521)
4(260 546 547 261)
4(236 262 548 522)
4(261 547 548 262)
4(237 263 549 523)
4(262 548 549 263)
4(238 264 550 524)
4(263 549 550 264)
4(239 265 551 525)
4(264 550 551 265)
4(240 266 552 526)
4(265 551 552 266)
4(241 267 553 527)
4(266 552 553 267)
4(242 268 554 528)
4(267 553 554 268)
4(243 269 555 529)
4(268 554 555 269)
4(244 270 556 530)
4(269 555 556 270)
4(245 271 557 531)
4(270 556 557 271)
4(246 272 558 532)
4(271 557 558 272)
4(247 273 559 533)
4(272 558 559 273)
4(248 274 560 534)
4(273 559 560 274)
4(249 275 561 535)
4(274 560 561 275)
4(250 276 562 536)
4(275 561 562 276)
4(251 277 563 537)
4(276 562 563 277)
4(252 278 564 538)
4(277 563 564 278)
4(253 279 565 539)
4(278 564 565 279)
4(254 280 566 540)
4(279 565 566 280)
4(255 281 567 541)
4(280 566 567 281)
4(256 282 568 542)
4(281 567 568 282)
4(257 283 569 543)
4(282 568 569 283)
4(258 284 570 544)
4(283 569 570 284)
4(259 285 571 545)
4(284 570 571 285)
4(572 597 872 847)
4(51 337 872 597)
4(573 598 873 848)
4(597 872 873 598)
4(574 599 874 849)
4(598 873 874 599)
4(575 600 875 850)
4(599 874 875 600)
4(576 601 876 851)
4(600 875 876 601)
4(577 602 877 852)
4(601 876 877 602)
4(578 603 878 853)
4(602 877 878 603)
4(579 604 879 854)
4(603 878 879 604)
4(580 605 880 855)
4(604 879 880 605)
4(581 606 881 856)
4(605 880 881 606)
4(582 607 882 857)
4(606 881 882 607)
4(583 608 883 858)
4(607 882 883 608)
4(584 609 884 859)
4(608 883 884 609)
4(585 610 885 860)
4(609 884 885 610)
4(586 611 886 861)
4(610 885 886 611)
4(587 612 887 862)
4(611 886 887 612)
4(588 613 888 863)
4(612 887 888 613)
4(589 614 889 864)
4(613 888 889 614)
4(590 615 890 865)
4(614 889 890 615)
4(591 616 891 866)
4(615 890 891 616)
4(592 617 892 867)
4(616 891 892 617)
4(593 618 893 868)
4(617 892 893 618)
4(594 619 894 869)
4(618 893 894 619)
4(595 620 895 870)
4(619 894 895 620)
4(620 895 896 621)
4(597 622 897 872)
4(77 363 897 622)
4(598 623 898 873)
4(622 897 898 623)
4(599 624 899 874)
4(623 898 899 624)
4(600 625 900 875)
4(624 899 900 625)
4(601 626 901 876)
4(625 900 901 626)
4(602 627 902 877)
4(626 901 902 627)
4(603 628 903 878)
4(627 902 903 628)
4(604 629 904 879)
4(628 903 904 629)
4(605 630 905 880)
4(629 904 905 630)
4(606 631 906 881)
4(630 905 906 631)
4(607 632 907 882)
4(631 906 907 632)
4(608 633 908 883)
4(632 907 908 633)
4(609 634 909 884)
4(633 908 909 634)
4(610 635 910 885)
4(634 909 910 635)
4(611 636 911 886)
4(635 910 911 636)
4(612 637 912 887)
4(636 911 912 637)
4(613 638 913 888)
4(637 912 913 638)
4(614 639 914 889)
4(638 913 914 639)
4(615 640 915 890)
4(639 914 915 640)
4(616 641 916 891)
4(640 915 916 641)
4(617 642 917 892)
4(641 916 917 642)
4(618 643 918 893)
4(642 917 918 643)
4(619 644 919 894)
4(643 918 919 644)
4(620 645 920 895)
4(644 919 920 645)
4(645 920 921 646)
4(622 647 922 897)
4(103 389 922 647)
4(623 648 923 898)
4(647 922 923 648)
4(624 649 924 899)
4(648 923 924 649)
4(625 650 925 900)
4(649 924 925 650)
4(626 651 926 901)
4(650 925 926 651)
4(627 652 927 902)
4(651 926 927 652)
4(628 653 928 903)
4(652 927 928 653)
4(629 654 929 904)
4(653 928 929 654)
4(630 655 930 905)
4(654 929 930 655)
4(631 656 931 906)
4(655 930 931 656)
4(632 657 932 907)
4(656 931 932 657)
4(633 658 933 908)
4(657 932 933 658)
4(634 659 934 909)
4(658 933 934 659)
4(635 660 935 910)
4(659 934 935 660)
4(636 661 936 911)
4(660 935 936 661)
4(637 662 937 912)
4(661 936 937 662)
4(638 663 938 913)
4(662 937 938 663)
4(639 664 939 914)
4(663 938 939 664)
4(640 665 940 915)
4(664 939 940 665)
4(641 666 941 916)
4(665 940 941 666)
4(642 667 942 917)
4(666 941 942 667)
4(643 668 943 918)
4(667 942 943 668)
4(644 669 944 919)
4(668 943 944 669)
4(645 670 945 920)
4(669 944 945 670)
4(670 945 946 671)
4(647 672 947 922)
4(129 415 947 672)
4(648 673 948 923)
4(672 947 948 673)
4(649 674 949 924)
4(673 948 949 674)
4(650 675 950 925)
4(674 949 950 675)
4(651 676 951 926)
4(675 950 951 676)
4(652 677 952 927)
4(676 951 952 677)
4(653 678 953 928)
4(677 952 953 678)
4(654 679 954 929)
4(678 953 954 679)
4(655 680 955 930)
4(679 954 955 680)
4(656 681 956 931)
4(680 955 956 681)
4(657 682 957 932)
4(681 956 957 682)
4(658 683 958 933)
4(682 957 958 683)
4(659 684 959 934)
4(683 958 959 684)
4(660 685 960 935)
4(684 959 960 685)
4(661 686 961 936)
4(685 960 961 686)
4(662 687 962 937)
4(686 961 962 687)
4(663 688 963 938)
4(687 962 963 688)
4(664 689 964 939)
4(688 963 964 689)
4(665 690 965 940)
4(689 964 965 690)
4(666 691 966 941)
4(690 965 966 691)
4(667 692 967 942)
4(691 966 967 692)
4(668 693 968 943)
4(692 967 968 693)
4(669 694 969 944)
4(693 968 969 694)
4(670 695 970 945)
4(694 969 970 695)
4(695 970 971 696)
4(672 697 972 947)
4(155 441 972 697)
4(673 698 973 948)
4(697 972 973 698)
4(674 699 974 949)
4(698 973 974 699)
4(675 700 975 950)
4(699 974 975 700)
4(676 701 976 951)
4(700 975 976 701)
4(677 702 977 952)
4(701 976 977 702)
4(678 703 978 953)
4(702 977 978 703)
4(679 704 979 954)
4(703 978 979 704)
4(680 705 980 955)
4(704 979 980 705)
4(681 706 981 956)
4(705 980 981 706)
4(682 707 982 957)
4(706 981 982 707)
4(683 708 983 958)
4(707 982 983 708)
4(684 709 984 959)
4(708 983 984 709)
4(685 710 985 960)
4(709 984 985 710)
4(686 711 986 961)
4(710 985 986 711)
4(687 712 987 962)
4(711 986 987 712)
4(688 713 988 963)
4(712 987 988 713)
4(689 714 989 964)
4(713 988 989 714)
4(690 715 990 965)
4(714 989 990 715)
4(691 716 991 966)
4(715 990 991 716)
4(692 717 992 967)
4(716 991 992 717)
4(693 718 993 968)
4(717 992 993 718)
4(694 719 994 969)
4(718 993 994 719)
4(695 720 995 970)
4(719 994 995 720)
4(720 995 996 721)
4(697 722 997 972)
4(181 467 997 722)
4(698 723 998 973)
4(722 997 998 723)
4(699 724 999 974)
4(723 998 999 724)
4(700 725 1000 975)
4(724 999 1000 725)
4(701 726 1001 976)
4(725 1000 1001 726)
4(702 727 1002 977)
4(726 1001 1002 727)
4(703 728 1003 978)
4(727 1002 1003 728)
4(704 729 1004 979)
4(728 1003 1004 729)
4(705 730 1005 980)
4(729 1004 1005 730)
4(706 731 1006 981)
4(730 1005 1006 731)
4(707 732 1007 982)
4(731 1006 1007 732)
4(708 733 1008 983)
4(732 1007 1008 733)
4(709 734 1009 984)
4(733 1008 1009 734)
4(710 735 1010 985)
4(734 1009 1010 735)
4(711 736 1011 986)
4(735 1010 1011 736)
4(712 737 1012 987)
4(736 1011 1012 737)
4(713 738 1013 988)
4(737 1012 1013 738)
4(714 739 1014 989)
4(738 1013 1014 739)
4(715 740 1015 990)
4(739 1014 1015 740)
4(716 741 1016 991)
4(740 1015 1016 741)
4(717 742 1017 992)
4(741 1016 1017 742)
4(718 743 1018 993)
4(742 1017 1018 743)
4(719 744 1019 994)
4(743 1018 1019 744)
4(720 745 1020 995)
4(744 1019 1020 745)
4(745 1020 1021 746)
4(722 747 1022 997)
4(207 493 1022 747)
4(723 748 1023 998)
4(747 1022 1023 748)
4(724 749 1024 999)
4(748 1023 1024 749)
4(725 750 1025 1000)
4(749 1024 1025 750)
4(726 751 1026 1001)
4(750 1025 1026 751)
4(727 752 1027 1002)
4(751 1026 1027 752)
4(728 753 1028 1003)
4(752 1027 1028 753)
4(729 754 1029 1004)
4(753 1028 1029 754)
4(730 755 1030 1005)
4(754 1029 1030 755)
4(731 756 1031 1006)
4(755 1030 1031 756)
4(732 757 1032 1007)
4(756 1031 1032 757)
4(733 758 1033 1008)
4(757 1032 1033 758)
4(734 759 1034 1009)
4(758 1033 1034 759)
4(735 760 1035 1010)
4(759 1034 1035 760)
4(736 761 1036 1011)
4(760 1035 1036 761)
4(737 762 1037 1012)
4(761 1036 1037 762)
4(738 763 1038 1013)
4(762 1037 1038 763)
4(739 764 1039 1014)
4(763 1038 1039 764)
4(740 765 1040 1015)
4(764 1039 1040 765)
4(741 766 1041 1016)
4(765 1040 1041 766)
4(742 767 1042 1017)
4(766 1041 1042 767)
4(743 768 1043 1018)
4(767 1042 1043 768)
4(744 769 1044 1019)
4(768 1043 1044 769)
4(745 770 1045 1020)
4(769 1044 1045 770)
4(770 1045 1046 771)
4(747 772 1047 1022)
4(233 519 1047 772)
4(748 773 1048 1023)
4(772 1047 1048 773)
4(749 774 1049 1024)
4(773 1048 1049 774)
4(750 775 1050 1025)
4(774 1049 1050 775)
4(751 776 1051 1026)
4(775 1050 1051 776)
4(752 777 1052 1027)
4(776 1051 1052 777)
4(753 778 1053 1028)
4(777 1052 1053 778)
4(754 779 1054 1029)
4(778 1053 1054 779)
4(755 780 1055 1030)
4(779 1054 1055 780)
4(756 781 1056 1031)
4(780 1055 1056 781)
4(757 782 1057 1032)
4(781 1056 1057 782)
4(758 783 1058 1033)
4(782 1057 1058 783)
4(759 784 1059 1034)
4(783 1058 1059 784)
4(760 785 1060 1035)
4(784 1059 1060 785)
4(761 786 1061 1036)
4(785 1060 1061 786)
4(762 787 1062 1037)
4(786 1061 1062 787)
4(763 788 1063 1038)
4(787 1062 1063 788)
4(764 789 1064 1039)
4(788 1063 1064 789)
4(765 790 1065 1040)
4(789 1064 1065 790)
4(766 791 1066 1041)
4(790 1065 1066 791)
4(767 792 1067 1042)
4(791 1066 1067 792)
4(768 793 1068 1043)
4(792 1067 1068 793)
4(769 794 1069 1044)
4(793 1068 1069 794)
4(770 795 1070 1045)
4(794 1069 1070 795)
4(795 1070 1071 796)
4(772 797 1072 1047)
4(259 545 1072 797)
4(773 798 1073 1048)
4(797 1072 1073 798)
4(774 799 1074 1049)
4(798 1073 1074 799)
4(775 800 1075 1050)
4(799 1074 1075 800)
4(776 801 1076 1051)
4(800 1075 1076 801)
4(777 802 1077 1052)
4(801 1076 1077 802)
4(778 803 1078 1053)
4(802 1077 1078 803)
4(779 804 1079 1054)
4(803 1078 1079 804)
4(780 805 1080 1055)
4(804 1079 1080 805)
4(781 806 1081 1056)
4(805 1080 1081 806)
4(782 807 1082 1057)
4(806 1081 1082 807)
4(783 808 1083 1058)
4(807 1082 1083 808)
4(784 809 1084 1059)
4(808 1083 1084 809)
4(785 810 1085 1060)
4(809 1084 1085 810)
4(786 811 1086 1061)
4(810 1085 1086 811)
4(787 812 1087 1062)
4(811 1086 1087 812)
4(788 813 1088 1063)
4(812 1087 1088 813)
4(789 814 1089 1064)
4(813 1088 1089 814)
4(790 815 1090 1065)
4(814 1089 1090 815)
4(791 816 1091 1066)
4(815 1090 1091 816)
4(792 817 1092 1067)
4(816 1091 1092 817)
4(793 818 1093 1068)
4(817 1092 1093 818)
4(794 819 1094 1069)
4(818 1093 1094 819)
4(795 820 1095 1070)
4(819 1094 1095 820)
4(820 1095 1096 821)
4(797 822 1097 1072)
4(798 823 1098 1073)
4(799 824 1099 1074)
4(800 825 1100 1075)
4(801 826 1101 1076)
4(802 827 1102 1077)
4(803 828 1103 1078)
4(804 829 1104 1079)
4(805 830 1105 1080)
4(806 831 1106 1081)
4(807 832 1107 1082)
4(808 833 1108 1083)
4(809 834 1109 1084)
4(810 835 1110 1085)
4(811 836 1111 1086)
4(812 837 1112 1087)
4(813 838 1113 1088)
4(814 839 1114 1089)
4(815 840 1115 1090)
4(816 841 1116 1091)
4(817 842 1117 1092)
4(818 843 1118 1093)
4(819 844 1119 1094)
4(820 845 1120 1095)
4(261 1123 1383 547)
4(1122 1382 1383 1123)
4(262 1124 1384 548)
4(1123 1383 1384 1124)
4(263 1125 1385 549)
4(1124 1384 1385 1125)
4(264 1126 1386 550)
4(1125 1385 1386 1126)
4(265 1127 1387 551)
4(1126 1386 1387 1127)
4(266 1128 1388 552)
4(1127 1387 1388 1128)
4(267 1129 1389 553)
4(1128 1388 1389 1129)
4(268 1130 1390 554)
4(1129 1389 1390 1130)
4(269 1131 1391 555)
4(1130 1390 1391 1131)
4(270 1132 1392 556)
4(1131 1391 1392 1132)
4(271 1133 1393 557)
4(1132 1392 1393 1133)
4(272 1134 1394 558)
4(1133 1393 1394 1134)
4(273 1135 1395 559)
4(1134 1394 1395 1135)
4(274 1136 1396 560)
4(1135 1395 1396 1136)
4(275 1137 1397 561)
4(1136 1396 1397 1137)
4(276 1138 1398 562)
4(1137 1397 1398 1138)
4(277 1139 1399 563)
4(1138 1398 1399 1139)
4(278 1140 1400 564)
4(1139 1399 1400 1140)
4(279 1141 1401 565)
4(1140 1400 1401 1141)
4(280 1142 1402 566)
4(1141 1401 1402 1142)
4(281 1143 1403 567)
4(1142 1402 1403 1143)
4(282 1144 1404 568)
4(1143 1403 1404 1144)
4(283 1145 1405 569)
4(1144 1404 1405 1145)
4(284 1146 1406 570)
4(1145 1405 1406 1146)
4(1146 1406 1407 1147)
4(1123 1149 1409 1383)
4(1148 1408 1409 1149)
4(1124 1150 1410 1384)
4(1149 1409 1410 1150)
4(1125 1151 1411 1385)
4(1150 1410 1411 1151)
4(1126 1152 1412 1386)
4(1151 1411 1412 1152)
4(1127 1153 1413 1387)
4(1152 1412 1413 1153)
4(1128 1154 1414 1388)
4(1153 1413 1414 1154)
4(1129 1155 1415 1389)
4(1154 1414 1415 1155)
4(1130 1156 1416 1390)
4(1155 1415 1416 1156)
4(1131 1157 1417 1391)
4(1156 1416 1417 1157)
4(1132 1158 1418 1392)
4(1157 1417 1418 1158)
4(1133 1159 1419 1393)
4(1158 1418 1419 1159)
4(1134 1160 1420 1394)
4(1159 1419 1420 1160)
4(1135 1161 1421 1395)
4(1160 1420 1421 1161)
4(1136 1162 1422 1396)
4(1161 1421 1422 1162)
4(1137 1163 1423 1397)
4(1162 1422 1423 1163)
4(1138 1164 1424 1398)
4(1163 1423 1424 1164)
4(1139 1165 1425 1399)
4(1164 1424 1425 1165)
4(1140 1166 1426 1400)
4(1165 1425 1426 1166)
4(1141 1167 1427 1401)
4(1166 1426 1427 1167)
4(1142 1168 1428 1402)
4(1167 1427 1428 1168)
4(1143 1169 1429 1403)
4(1168 1428 1429 1169)
4(1144 1170 1430 1404)
4(1169 1429 1430 1170)
4(1145 1171 1431 1405)
4(1170 1430 1431 1171)
4(1146 1172 1432 1406)
4(1171 1431 1432 1172)
4(1172 1432 1433 1173)
4(1149 1175 1435 1409)
4(1174 1434 1435 1175)
4(1150 1176 1436 1410)
4(1175 1435 1436 1176)
4(1151 1177 1437 1411)
4(1176 1436 1437 1177)
4(1152 1178 1438 1412)
4(1177 1437 1438 1178)
4(1153 1179 1439 1413)
4(1178 1438 1439 1179)
4(1154 1180 1440 1414)
4(1179 1439 1440 1180)
4(1155 1181 1441 1415)
4(1180 1440 1441 1181)
4(1156 1182 1442 1416)
4(1181 1441 1442 1182)
4(1157 1183 1443 1417)
4(1182 1442 1443 1183)
4(1158 1184 1444 1418)
4(1183 1443 1444 1184)
4(1159 1185 1445 1419)
4(1184 1444 1445 1185)
4(1160 1186 1446 1420)
4(1185 1445 1446 1186)
4(1161 1187 1447 1421)
4(1186 1446 1447 1187)
4(1162 1188 1448 1422)
4(1187 1447 1448 1188)
4(1163 1189 1449 1423)
4(1188 1448 1449 1189)
4(1164 1190 1450 1424)
4(1189 1449 1450 1190)
4(1165 1191 1451 1425)
4(1190 1450 1451 1191)
4(1166 1192 1452 1426)
4(1191 1451 1452 1192)
4(1167 1193 1453 1427)
4(1192 1452 1453 1193)
4(1168 1194 1454 1428)
4(1193 1453 1454 1194)
4(1169 1195 1455 1429)
4(1194 1454 1455 1195)
4(1170 1196 1456 1430)
4(1195 1455 1456 1196)
4(1171 1197 1457 1431)
4(1196 1456 1457 1197)
4(1172 1198 1458 1432)
4(1197 1457 1458 1198)
4(1198 1458 1459 1199)
4(1175 1201 1461 1435)
4(1200 1460 1461 1201)
4(1176 1202 1462 1436)
4(1201 1461 1462 1202)
4(1177 1203 1463 1437)
4(1202 1462 1463 1203)
4(1178 1204 1464 1438)
4(1203 1463 1464 1204)
4(1179 1205 1465 1439)
4(1204 1464 1465 1205)
4(1180 1206 1466 1440)
4(1205 1465 1466 1206)
4(1181 1207 1467 1441)
4(1206 1466 1467 1207)
4(1182 1208 1468 1442)
4(1207 1467 1468 1208)
4(1183 1209 1469 1443)
4(1208 1468 1469 1209)
4(1184 1210 1470 1444)
4(1209 1469 1470 1210)
4(1185 1211 1471 1445)
4(1210 1470 1471 1211)
4(1186 1212 1472 1446)
4(1211 1471 1472 1212)
4(1187 1213 1473 1447)
4(1212 1472 1473 1213)
4(1188 1214 1474 1448)
4(1213 1473 1474 1214)
4(1189 1215 1475 1449)
4(1214 1474 1475 1215)
4(1190 1216 1476 1450)
4(1215 1475 1476 1216)
4(1191 1217 1477 1451)
4(1216 1476 1477 1217)
4(1192 1218 1478 1452)
4(1217 1477 1478 1218)
4(1193 1219 1479 1453)
4(1218 1478 1479 1219)
4(1194 1220 1480 1454)
4(1219 1479 1480 1220)
4(1195 1221 1481 1455)
4(1220 1480 1481 1221)
4(1196 1222 1482 1456)
4(1221 1481 1482 1222)
4(1197 1223 1483 1457)
4(1222 1482 1483 1223)
4(1198 1224 1484 1458)
4(1223 1483 1484 1224)
4(1224 1484 1485 1225)
4(1201 1227 1487 1461)
4(1226 1486 1487 1227)
4(1202 1228 1488 1462)
4(1227 1487 1488 1228)
4(1203 1229 1489 1463)
4(1228 1488 1489 1229)
4(1204 1230 1490 1464)
4(1229 1489 1490 1230)
4(1205 1231 1491 1465)
4(1230 1490 1491 1231)
4(1206 1232 1492 1466)
4(1231 1491 1492 1232)
4(1207 1233 1493 1467)
4(1232 1492 1493 1233)
4(1208 1234 1494 1468)
4(1233 1493 1494 1234)
4(1209 1235 1495 1469)
4(1234 1494 1495 1235)
4(1210 1236 1496 1470)
4(1235 1495 1496 1236)
4(1211 1237 1497 1471)
4(1236 1496 1497 1237)
4(1212 1238 1498 1472)
4(1237 1497 1498 1238)
4(1213 1239 1499 1473)
4(1238 1498 1499 1239)
4(1214 1240 1500 1474)
4(1239 1499 1500 1240)
4(1215 1241 1501 1475)
4(1240 1500 1501 1241)
4(1216 1242 1502 1476)
4(1241 1501 1502 1242)
4(1217 1243 1503 1477)
4(1242 1502 1503 1243)
4(1218 1244 1504 1478)
4(1243 1503 1504 1244)
4(1219 1245 1505 1479)
4(1244 1504 1505 1245)
4(1220 1246 1506 1480)
4(1245 1505 1506 1246)
4(1221 1247 1507 1481)
4(1246 1506 1507 1247)
4(1222 1248 1508 1482)
4(1247 1507 1508 1248)
4(1223 1249 1509 1483)
4(1248 1508 1509 1249)
4(1224 1250 1510 1484)
4(1249 1509 1510 1250)
4(1250 1510 1511 1251)
4(1227 1253 1513 1487)
4(1252 1512 1513 1253)
4(1228 1254 1514 1488)
4(1253 1513 1514 1254)
4(1229 1255 1515 1489)
4(1254 1514 1515 1255)
4(1230 1256 1516 1490)
4(1255 1515 1516 1256)
4(1231 1257 1517 1491)
4(1256 1516 1517 1257)
4(1232 1258 1518 1492)
4(1257 1517 1518 1258)
4(1233 1259 1519 1493)
4(1258 1518 1519 1259)
4(1234 1260 1520 1494)
4(1259 1519 1520 1260)
4(1235 1261 1521 1495)
4(1260 1520 1521 1261)
4(1236 1262 1522 1496)
4(1261 1521 1522 1262)
4(1237 1263 1523 1497)
4(1262 1522 1523 1263)
4(1238 1264 1524 1498)
4(1263 1523 1524 1264)
4(1239 1265 1525 1499)
4(1264 1524 1525 1265)
4(1240 1266 1526 1500)
4(1265 1525 1526 1266)
4(1241 1267 1527 1501)
4(1266 1526 1527 1267)
4(1242 1268 1528 1502)
4(1267 1527 1528 1268)
4(1243 1269 1529 1503)
4(1268 1528 1529 1269)
4(1244 1270 1530 1504)
4(1269 1529 1530 1270)
4(1245 1271 1531 1505)
4(1270 1530 1531 1271)
4(1246 1272 1532 1506)
4(1271 1531 1532 1272)
4(1247 1273 1533 1507)
4(1272 1532 1533 1273)
4(1248 1274 1534 1508)
4(1273 1533 1534 1274)
4(1249 1275 1535 1509)
4(1274 1534 1535 1275)
4(1250 1276 1536 1510)
4(1275 1535 1536 1276)
4(1276 1536 1537 1277)
4(1253 1279 1539 1513)
4(1278 1538 1539 1279)
4(1254 1280 1540 1514)
4(1279 1539 1540 1280)
4(1255 1281 1541 1515)
4(1280 1540 1541 1281)
4(1256 1282 1542 1516)
4(1281 1541 1542 1282)
4(1257 1283 1543 1517)
4(1282 1542 1543 1283)
4(1258 1284 1544 1518)
4(1283 1543 1544 1284)
4(1259 1285 1545 1519)
4(1284 1544 1545 1285)
4(1260 1286 1546 1520)
4(1285 1545 1546 1286)
4(1261 1287 1547 1521)
4(1286 1546 1547 1287)
4(1262 1288 1548 1522)
4(1287 1547 1548 1288)
4(1263 1289 1549 1523)
4(1288 1548 1549 1289)
4(1264 1290 1550 1524)
4(1289 1549 1550 1290)
4(1265 1291 1551 1525)
4(1290 1550 1551 1291)
4(1266 1292 1552 1526)
4(1291 1551 1552 1292)
4(1267 1293 1553 1527)
4(1292 1552 1553 1293)
4(1268 1294 1554 1528)
4(1293 1553 1554 1294)
4(1269 1295 1555 1529)
4(1294 1554 1555 1295)
4(1270 1296 1556 1530)
4(1295 1555 1556 1296)
4(1271 1297 1557 1531)
4(1296 1556 1557 1297)
4(1272 1298 1558 1532)
4(1297 1557 1558 1298)
4(1273 1299 1559 1533)
4(1298 1558 1559 1299)
4(1274 1300 1560 1534)
4(1299 1559 1560 1300)
4(1275 1301 1561 1535)
4(1300 1560 1561 1301)
4(1276 1302 1562 1536)
4(1301 1561 1562 1302)
4(1302 1562 1563 1303)
4(1279 1305 1565 1539)
4(1304 1564 1565 1305)
4(1280 1306 1566 1540)
4(1305 1565 1566 1306)
4(1281 1307 1567 1541)
4(1306 1566 1567 1307)
4(1282 1308 1568 1542)
4(1307 1567 1568 1308)
4(1283 1309 1569 1543)
4(1308 1568 1569 1309)
4(1284 1310 1570 1544)
4(1309 1569 1570 1310)
4(1285 1311 1571 1545)
4(1310 1570 1571 1311)
4(1286 1312 1572 1546)
4(1311 1571 1572 1312)
4(1287 1313 1573 1547)
4(1312 1572 1573 1313)
4(1288 1314 1574 1548)
4(1313 1573 1574 1314)
4(1289 1315 1575 1549)
4(1314 1574 1575 1315)
4(1290 1316 1576 1550)
4(1315 1575 1576 1316)
4(1291 1317 1577 1551)
4(1316 1576 1577 1317)
4(1292 1318 1578 1552)
4(1317 1577 1578 1318)
4(1293 1319 1579 1553)
4(1318 1578 1579 1319)
4(1294 1320 1580 1554)
4(1319 1579 1580 1320)
4(1295 1321 1581 1555)
4(1320 1580 1581 1321)
4(1296 1322 1582 1556)
4(1321 1581 1582 1322)
4(1297 1323 1583 1557)
4(1322 1582 1583 1323)
4(1298 1324 1584 1558)
4(1323 1583 1584 1324)
4(1299 1325 1585 1559)
4(1324 1584 1585 1325)
4(1300 1326 1586 1560)
4(1325 1585 1586 1326)
4(1301 1327 1587 1561)
4(1326 1586 1587 1327)
4(1302 1328 1588 1562)
4(1327 1587 1588 1328)
4(1328 1588 1589 1329)
4(1305 1331 1591 1565)
4(1330 1590 1591 1331)
4(1306 1332 1592 1566)
4(1331 1591 1592 1332)
4(1307 1333 1593 1567)
4(1332 1592 1593 1333)
4(1308 1334 1594 1568)
4(1333 1593 1594 1334)
4(1309 1335 1595 1569)
4(1334 1594 1595 1335)
4(1310 1336 1596 1570)
4(1335 1595 1596 1336)
4(1311 1337 1597 1571)
4(1336 1596 1597 1337)
4(1312 1338 1598 1572)
4(1337 1597 1598 1338)
4(1313 1339 1599 1573)
4(1338 1598 1599 1339)
4(1314 1340 1600 1574)
4(1339 1599 1600 1340)
4(1315 1341 1601 1575)
4(1340 1600 1601 1341)
4(1316 1342 1602 1576)
4(1341 1601 1602 1342)
4(1317 1343 1603 1577)
4(1342 1602 1603 1343)
4(1318 1344 1604 1578)
4(1343 1603 1604 1344)
4(1319 1345 1605 1579)
4(1344 1604 1605 1345)
4(1320 1346 1606 1580)
4(1345 1605 1606 1346)
4(1321 1347 1607 1581)
4(1346 1606 1607 1347)
4(1322 1348 1608 1582)
4(1347 1607 1608 1348)
4(1323 1349 1609 1583)
4(1348 1608 1609 1349)
4(1324 1350 1610 1584)
4(1349 1609 1610 1350)
4(1325 1351 1611 1585)
4(1350 1610 1611 1351)
4(1326 1352 1612 1586)
4(1351 1611 1612 1352)
4(1327 1353 1613 1587)
4(1352 1612 1613 1353)
4(1328 1354 1614 1588)
4(1353 1613 1614 1354)
4(1354 1614 1615 1355)
4(1331 1357 1617 1591)
4(1332 1358 1618 1592)
4(1333 1359 1619 1593)
4(1334 1360 1620 1594)
4(1335 1361 1621 1595)
4(1336 1362 1622 1596)
4(1337 1363 1623 1597)
4(1338 1364 1624 1598)
4(1339 1365 1625 1599)
4(1340 1366 1626 1600)
4(1341 1367 1627 1601)
4(1342 1368 1628 1602)
4(1343 1369 1629 1603)
4(1344 1370 1630 1604)
4(1345 1371 1631 1605)
4(1346 1372 1632 1606)
4(1347 1373 1633 1607)
4(1348 1374 1634 1608)
4(1349 1375 1635 1609)
4(1350 1376 1636 1610)
4(1351 1377 1637 1611)
4(1352 1378 1638 1612)
4(1353 1379 1639 1613)
4(1354 1380 1640 1614)
4(0 286 312 26)
4(26 312 338 52)
4(52 338 364 78)
4(78 364 390 104)
4(104 390 416 130)
4(130 416 442 156)
4(156 442 468 182)
4(182 468 494 208)
4(208 494 520 234)
4(234 520 546 260)
4(260 546 1382 1122)
4(1122 1382 1408 1148)
4(1148 1408 1434 1174)
4(1174 1434 1460 1200)
4(1200 1460 1486 1226)
4(1226 1486 1512 1252)
4(1252 1512 1538 1278)
4(1278 1538 1564 1304)
4(1304 1564 1590 1330)
4(1330 1590 1616 1356)
4(1356 1616 1617 1357)
4(1357 1617 1618 1358)
4(1358 1618 1619 1359)
4(1359 1619 1620 1360)
4(1360 1620 1621 1361)
4(1361 1621 1622 1362)
4(1362 1622 1623 1363)
4(1363 1623 1624 1364)
4(1364 1624 1625 1365)
4(1365 1625 1626 1366)
4(1366 1626 1627 1367)
4(1367 1627 1628 1368)
4(1368 1628 1629 1369)
4(1369 1629 1630 1370)
4(1370 1630 1631 1371)
4(1371 1631 1632 1372)
4(1372 1632 1633 1373)
4(1373 1633 1634 1374)
4(1374 1634 1635 1375)
4(1375 1635 1636 1376)
4(1376 1636 1637 1377)
4(1377 1637 1638 1378)
4(1378 1638 1639 1379)
4(1379 1639 1640 1380)
4(1380 1640 1641 1381)
4(285 1147 1407 571)
4(1147 1173 1433 1407)
4(1173 1199 1459 1433)
4(1199 1225 1485 1459)
4(1225 1251 1511 1485)
4(1251 1277 1537 1511)
4(1277 1303 1563 1537)
4(1303 1329 1589 1563)
4(1329 1355 1615 1589)
4(1355 1381 1641 1615)
4(285 571 1097 822)
4(822 1097 1098 823)
4(823 1098 1099 824)
4(824 1099 1100 825)
4(825 1100 1101 826)
4(826 1101 1102 827)
4(827 1102 1103 828)
4(828 1103 1104 829)
4(829 1104 1105 830)
4(830 1105 1106 831)
4(831 1106 1107 832)
4(832 1107 1108 833)
4(833 1108 1109 834)
4(834 1109 1110 835)
4(835 1110 1111 836)
4(836 1111 1112 837)
4(837 1112 1113 838)
4(838 1113 1114 839)
4(839 1114 1115 840)
4(840 1115 1116 841)
4(841 1116 1117 842)
4(842 1117 1118 843)
4(843 1118 1119 844)
4(844 1119 1120 845)
4(845 1120 1121 846)
4(596 621 896 871)
4(621 646 921 896)
4(646 671 946 921)
4(671 696 971 946)
4(696 721 996 971)
4(721 746 1021 996)
4(746 771 1046 1021)
4(771 796 1071 1046)
4(796 821 1096 1071)
4(821 846 1121 1096)
4(0 1 287 286)
4(1 2 288 287)
4(2 3 289 288)
4(3 4 290 289)
4(4 5 291 290)
4(5 6 292 291)
4(6 7 293 292)
4(7 8 294 293)
4(8 9 295 294)
4(9 10 296 295)
4(10 11 297 296)
4(11 12 298 297)
4(12 13 299 298)
4(13 14 300 299)
4(14 15 301 300)
4(15 16 302 301)
4(16 17 303 302)
4(17 18 304 303)
4(18 19 305 304)
4(19 20 306 305)
4(20 21 307 306)
4(21 22 308 307)
4(22 23 309 308)
4(23 24 310 309)
4(24 25 311 310)
4(25 572 847 311)
4(572 573 848 847)
4(573 574 849 848)
4(574 575 850 849)
4(575 576 851 850)
4(576 577 852 851)
4(577 578 853 852)
4(578 579 854 853)
4(579 580 855 854)
4(580 581 856 855)
4(581 582 857 856)
4(582 583 858 857)
4(583 584 859 858)
4(584 585 860 859)
4(585 586 861 860)
4(586 587 862 861)
4(587 588 863 862)
4(588 589 864 863)
4(589 590 865 864)
4(590 591 866 865)
4(591 592 867 866)
4(592 593 868 867)
4(593 594 869 868)
4(594 595 870 869)
4(595 596 871 870)
4(0 26 27 1)
4(26 52 53 27)
4(52 78 79 53)
4(78 104 105 79)
4(104 130 131 105)
4(130 156 157 131)
4(156 182 183 157)
4(182 208 209 183)
4(208 234 235 209)
4(234 260 261 235)
4(1 27 28 2)
4(27 53 54 28)
4(53 79 80 54)
4(79 105 106 80)
4(105 131 132 106)
4(131 157 158 132)
4(157 183 184 158)
4(183 209 210 184)
4(209 235 236 210)
4(235 261 262 236)
4(2 28 29 3)
4(28 54 55 29)
4(54 80 81 55)
4(80 106 107 81)
4(106 132 133 107)
4(132 158 159 133)
4(158 184 185 159)
4(184 210 211 185)
4(210 236 237 211)
4(236 262 263 237)
4(3 29 30 4)
4(29 55 56 30)
4(55 81 82 56)
4(81 107 108 82)
4(107 133 134 108)
4(133 159 160 134)
4(159 185 186 160)
4(185 211 212 186)
4(211 237 238 212)
4(237 263 264 238)
4(4 30 31 5)
4(30 56 57 31)
4(56 82 83 57)
4(82 108 109 83)
4(108 134 135 109)
4(134 160 161 135)
4(160 186 187 161)
4(186 212 213 187)
4(212 238 239 213)
4(238 264 265 239)
4(5 31 32 6)
4(31 57 58 32)
4(57 83 84 58)
4(83 109 110 84)
4(109 135 136 110)
4(135 161 162 136)
4(161 187 188 162)
4(187 213 214 188)
4(213 239 240 214)
4(239 265 266 240)
4(6 32 33 7)
4(32 58 59 33)
4(58 84 85 59)
4(84 110 111 85)
4(110 136 137 111)
4(136 162 163 137)
4(162 188 189 163)
4(188 214 215 189)
4(214 240 241 215)
4(240 266 267 241)
4(7 33 34 8)
4(33 59 60 34)
4(59 85 86 60)
4(85 111 112 86)
4(111 137 138 112)
4(137 163 164 138)
4(163 189 190 164)
4(189 215 216 190)
4(215 241 242 216)
4(241 267 268 242)
4(8 34 35 9)
4(34 60 61 35)
4(60 86 87 61)
4(86 112 113 87)
4(112 138 139 113)
4(138 164 165 139)
4(164 190 191 165)
4(190 216 217 191)
4(216 242 243 217)
4(242 268 269 243)
4(9 35 36 10)
4(35 61 62 36)
4(61 87 88 62)
4(87 113 114 88)
4(113 139 140 114)
4(139 165 166 140)
4(165 191 192 166)
4(191 217 218 192)
4(217 243 244 218)
4(243 269 270 244)
4(10 36 37 11)
4(36 62 63 37)
4(62 88 89 63)
4(88 114 115 89)
4(114 140 141 115)
4(140 166 167 141)
4(166 192 193 167)
4(192 218 219 193)
4(218 244 245 219)
4(244 270 271 245)
4(11 37 38 12)
4(37 63 64 38)
4(63 89 90 64)
4(89 115 116 90)
4(115 141 142 116)
4(141 167 168 142)
4(167 193 194 168)
4(193 219 220 194)
4(219 245 246 220)
4(245 271 272 246)
4(12 38 39 13)
4(38 64 65 39)
4(64 90 91 65)
4(90 116 117 91)
4(116 142 143 117)
4(142 168 169 143)
4(168 194 195 169)
4(194 220 221 195)
4(220 246 247 221)
4(246 272 273 247)
4(13 39 40 14)
4(39 65 66 40)
4(65 91 92 66)
4(91 117 118 92)
4(117 143 144 118)
4(143 169 170 144)
4(169 195 196 170)
4(195 221 222 196)
4(221 247 248 222)
4(247 273 274 248)
4(14 40 41 15)
4(40 66 67 41)
4(66 92 93 67)
4(92 118 119 93)
4(118 144 145 119)
4(144 170 171 145)
4(170 196 197 171)
4(196 222 223 197)
4(222 248 249 223)
4(248 274 275 249)
4(15 41 42 16)
4(41 67 68 42)
4(67 93 94 68)
4(93 119 120 94)
4(119 145 146 120)
4(145 171 172 146)
4(171 197 198 172)
4(197 223 224 198)
4(223 249 250 224)
4(249 275 276 250)
4(16 42 43 17)
4(42 68 69 43)
4(68 94 95 69)
4(94 120 121 95)
4(120 146 147 121)
4(146 172 173 147)
4(172 198 199 173)
4(198 224 225 199)
4(224 250 251 225)
4(250 276 277 251)
4(17 43 44 18)
4(43 69 70 44)
4(69 95 96 70)
4(95 121 122 96)
4(121 147 148 122)
4(147 173 174 148)
4(173 199 200 174)
4(199 225 226 200)
4(225 251 252 226)
4(251 277 278 252)
4(18 44 45 19)
4(44 70 71 45)
4(70 96 97 71)
4(96 122 123 97)
4(122 148 149 123)
4(148 174 175 149)
4(174 200 201 175)
4(200 226 227 201)
4(226 252 253 227)
4(252 278 279 253)
4(19 45 46 20)
4(45 71 72 46)
4(71 97 98 72)
4(97 123 124 98)
4(123 149 150 124)
4(149 175 176 150)
4(175 201 202 176)
4(201 227 228 202)
4(227 253 254 228)
4(253 279 280 254)
4(20 46 47 21)
4(46 72 73 47)
4(72 98 99 73)
4(98 124 125 99)
4(124 150 151 125)
4(150 176 177 151)
4(176 202 203 177)
4(202 228 229 203)
4(228 254 255 229)
4(254 280 281 255)
4(21 47 48 22)
4(47 73 74 48)
4(73 99 100 74)
4(99 125 126 100)
4(125 151 152 126)
4(151 177 178 152)
4(177 203 204 178)
4(203 229 230 204)
4(229 255 256 230)
4(255 281 282 256)
4(22 48 49 23)
4(48 74 75 49)
4(74 100 101 75)
4(100 126 127 101)
4(126 152 153 127)
4(152 178 179 153)
4(178 204 205 179)
4(204 230 231 205)
4(230 256 257 231)
4(256 282 283 257)
4(23 49 50 24)
4(49 75 76 50)
4(75 101 102 76)
4(101 127 128 102)
4(127 153 154 128)
4(153 179 180 154)
4(179 205 206 180)
4(205 231 232 206)
4(231 257 258 232)
4(257 283 284 258)
4(24 50 51 25)
4(50 76 77 51)
4(76 102 103 77)
4(102 128 129 103)
4(128 154 155 129)
4(154 180 181 155)
4(180 206 207 181)
4(206 232 233 207)
4(232 258 259 233)
4(258 284 285 259)
4(260 1122 1123 261)
4(1122 1148 1149 1123)
4(1148 1174 1175 1149)
4(1174 1200 1201 1175)
4(1200 1226 1227 1201)
4(1226 1252 1253 1227)
4(1252 1278 1279 1253)
4(1278 1304 1305 1279)
4(1304 1330 1331 1305)
4(1330 1356 1357 1331)
4(261 1123 1124 262)
4(1123 1149 1150 1124)
4(1149 1175 1176 1150)
4(1175 1201 1202 1176)
4(1201 1227 1228 1202)
4(1227 1253 1254 1228)
4(1253 1279 1280 1254)
4(1279 1305 1306 1280)
4(1305 1331 1332 1306)
4(1331 1357 1358 1332)
4(262 1124 1125 263)
4(1124 1150 1151 1125)
4(1150 1176 1177 1151)
4(1176 1202 1203 1177)
4(1202 1228 1229 1203)
4(1228 1254 1255 1229)
4(1254 1280 1281 1255)
4(1280 1306 1307 1281)
4(1306 1332 1333 1307)
4(1332 1358 1359 1333)
4(263 1125 1126 264)
4(1125 1151 1152 1126)
4(1151 1177 1178 1152)
4(1177 1203 1204 1178)
4(1203 1229 1230 1204)
4(1229 1255 1256 1230)
4(1255 1281 1282 1256)
4(1281 1307 1308 1282)
4(1307 1333 1334 1308)
4(1333 1359 1360 1334)
4(264 1126 1127 265)
4(1126 1152 1153 1127)
4(1152 1178 1179 1153)
4(1178 1204 1205 1179)
4(1204 1230 1231 1205)
4(1230 1256 1257 1231)
4(1256 1282 1283 1257)
4(1282 1308 1309 1283)
4(1308 1334 1335 1309)
4(1334 1360 1361 1335)
4(265 1127 1128 266)
4(1127 1153 1154 1128)
4(1153 1179 1180 1154)
4(1179 1205 1206 1180)
4(1205 1231 1232 1206)
4(1231 1257 1258 1232)
4(1257 1283 1284 1258)
4(1283 1309 1310 1284)
4(1309 1335 1336 1310)
4(1335 1361 1362 1336)
4(266 1128 1129 267)
4(1128 1154 1155 1129)
4(1154 1180 1181 1155)
4(1180 1206 1207 1181)
4(1206 1232 1233 1207)
4(1232 1258 1259 1233)
4(1258 1284 1285 1259)
4(1284 1310 1311 1285)
4(1310 1336 1337 1311)
4(1336 1362 1363 1337)
4(267 1129 1130 268)
4(1129 1155 1156 1130)
4(1155 1181 1182 1156)
4(1181 1207 1208 1182)
4(1207 1233 1234 1208)
4(1233 1259 1260 1234)
4(1259 1285 1286 1260)
4(1285 1311 1312 1286)
4(1311 1337 1338 1312)
4(1337 1363 1364 1338)
4(268 1130 1131 269)
4(1130 1156 1157 1131)
4(1156 1182 1183 1157)
4(1182 1208 1209 1183)
4(1208 1234 1235 1209)
4(1234 1260 1261 1235)
4(1260 1286 1287 1261)
4(1286 1312 1313 1287)
4(1312 1338 1339 1313)
4(1338 1364 1365 1339)
4(269 1131 1132 270)
4(1131 1157 1158 1132)
4(1157 1183 1184 1158)
4(1183 1209 1210 1184)
4(1209 1235 1236 1210)
4(1235 1261 1262 1236)
4(1261 1287 1288 1262)
4(1287 1313 1314 1288)
4(1313 1339 1340 1314)
4(1339 1365 1366 1340)
4(270 1132 1133 271)
4(1132 1158 1159 1133)
4(1158 1184 1185 1159)
4(1184 1210 1211 1185)
4(1210 1236 1237 1211)
4(1236 1262 1263 1237)
4(1262 1288 1289 1263)
4(1288 1314 1315 1289)
4(1314 1340 1341 1315)
4(1340 1366 1367 1341)
4(271 1133 1134 272)
4(1133 1159 1160 1134)
4(1159 1185 1186 1160)
4(1185 1211 1212 1186)
4(1211 1237 1238 1212)
4(1237 1263 1264 1238)
4(1263 1289 1290 1264)
4(1289 1315 1316 1290)
4(1315 1341 1342 1316)
4(1341 1367 1368 1342)
4(272 1134 1135 273)
4(1134 1160 1161 1135)
4(1160 1186 1187 1161)
4(1186 1212 1213 1187)
4(1212 1238 1239 1213)
4(1238 1264 1265 1239)
4(1264 1290 1291 1265)
4(1290 1316 1317 1291)
4(1316 1342 1343 1317)
4(1342 1368 1369 1343)
4(273 1135 1136 274)
4(1135 1161 1162 1136)
4(1161 1187 1188 1162)
4(1187 1213 1214 1188)
4(1213 1239 1240 1214)
4(1239 1265 1266 1240)
4(1265 1291 1292 1266)
4(1291 1317 1318 1292)
4(1317 1343 1344 1318)
4(1343 1369 1370 1344)
4(274 1136 1137 275)
4(1136 1162 1163 1137)
4(1162 1188 1189 1163)
4(1188 1214 1215 1189)
4(1214 1240 1241 1215)
4(1240 1266 1267 1241)
4(1266 1292 1293 1267)
4(1292 1318 1319 1293)
4(1318 1344 1345 1319)
4(1344 1370 1371 1345)
4(275 1137 1138 276)
4(1137 1163 1164 1138)
4(1163 1189 1190 1164)
4(1189 1215 1216 1190)
4(1215 1241 1242 1216)
4(1241 1267 1268 1242)
4(1267 1293 1294 1268)
4(1293 1319 1320 1294)
4(1319 1345 1346 1320)
4(1345 1371 1372 1346)
4(276 1138 1139 277)
4(1138 1164 1165 1139)
4(1164 1190 1191 1165)
4(1190 1216 1217 1191)
4(1216 1242 1243 1217)
4(1242 1268 1269 1243)
4(1268 1294 1295 1269)
4(1294 1320 1321 1295)
4(1320 1346 1347 1321)
4(1346 1372 1373 1347)
4(277 1139 1140 278)
4(1139 1165 1166 1140)
4(1165 1191 1192 1166)
4(1191 1217 1218 1192)
4(1217 1243 1244 1218)
4(1243 1269 1270 1244)
4(1269 1295 1296 1270)
4(1295 1321 1322 1296)
4(1321 1347 1348 1322)
4(1347 1373 1374 1348)
4(278 1140 1141 279)
4(1140 1166 1167 1141)
4(1166 1192 1193 1167)
4(1192 1218 1219 1193)
4(1218 1244 1245 1219)
4(1244 1270 1271 1245)
4(1270 1296 1297 1271)
4(1296 1322 1323 1297)
4(1322 1348 1349 1323)
4(1348 1374 1375 1349)
4(279 1141 1142 280)
4(1141 1167 1168 1142)
4(1167 1193 1194 1168)
4(1193 1219 1220 1194)
4(1219 1245 1246 1220)
4(1245 1271 1272 1246)
4(1271 1297 1298 1272)
4(1297 1323 1324 1298)
4(1323 1349 1350 1324)
4(1349 1375 1376 1350)
4(280 1142 1143 281)
4(1142 1168 1169 1143)
4(1168 1194 1195 1169)
4(1194 1220 1221 1195)
4(1220 1246 1247 1221)
4(1246 1272 1273 1247)
4(1272 1298 1299 1273)
4(1298 1324 1325 1299)
4(1324 1350 1351 1325)
4(1350 1376 1377 1351)
4(281 1143 1144 282)
4(1143 1169 1170 1144)
4(1169 1195 1196 1170)
4(1195 1221 1222 1196)
4(1221 1247 1248 1222)
4(1247 1273 1274 1248)
4(1273 1299 1300 1274)
4(1299 1325 1326 1300)
4(1325 1351 1352 1326)
4(1351 1377 1378 1352)
4(282 1144 1145 283)
4(1144 1170 1171 1145)
4(1170 1196 1197 1171)
4(1196 1222 1223 1197)
4(1222 1248 1249 1223)
4(1248 1274 1275 1249)
4(1274 1300 1301 1275)
4(1300 1326 1327 1301)
4(1326 1352 1353 1327)
4(1352 1378 1379 1353)
4(283 1145 1146 284)
4(1145 1171 1172 1146)
4(1171 1197 1198 1172)
4(1197 1223 1224 1198)
4(1223 1249 1250 1224)
4(1249 1275 1276 1250)
4(1275 1301 1302 1276)
4(1301 1327 1328 1302)
4(1327 1353 1354 1328)
4(1353 1379 1380 1354)
4(284 1146 1147 285)
4(1146 1172 1173 1147)
4(1172 1198 1199 1173)
4(1198 1224 1225 1199)
4(1224 1250 1251 1225)
4(1250 1276 1277 1251)
4(1276 1302 1303 1277)
4(1302 1328 1329 1303)
4(1328 1354 1355 1329)
4(1354 1380 1381 1355)
4(25 51 597 572)
4(51 77 622 597)
4(77 103 647 622)
4(103 129 672 647)
4(129 155 697 672)
4(155 181 722 697)
4(181 207 747 722)
4(207 233 772 747)
4(233 259 797 772)
4(259 285 822 797)
4(572 597 598 573)
4(597 622 623 598)
4(622 647 648 623)
4(647 672 673 648)
4(672 697 698 673)
4(697 722 723 698)
4(722 747 748 723)
4(747 772 773 748)
4(772 797 798 773)
4(797 822 823 798)
4(573 598 599 574)
4(598 623 624 599)
4(623 648 649 624)
4(648 673 674 649)
4(673 698 699 674)
4(698 723 724 699)
4(723 748 749 724)
4(748 773 774 749)
4(773 798 799 774)
4(798 823 824 799)
4(574 599 600 575)
4(599 624 625 600)
4(624 649 650 625)
4(649 674 675 650)
4(674 699 700 675)
4(699 724 725 700)
4(724 749 750 725)
4(749 774 775 750)
4(774 799 800 775)
4(799 824 825 800)
4(575 600 601 576)
4(600 625 626 601)
4(625 650 651 626)
4(650 675 676 651)
4(675 700 701 676)
4(700 725 726 701)
4(725 750 751 726)
4(750 775 776 751)
4(775 800 801 776)
4(800 825 826 801)
4(576 601 602 577)
4(601 626 627 602)
4(626 651 652 627)
4(651 676 677 652)
4(676 701 702 677)
4(701 726 727 702)
4(726 751 752 727)
4(751 776 777 752)
4(776 801 802 777)
4(801 826 827 802)
4(577 602 603 578)
4(602 627 628 603)
4(627 652 653 628)
4(652 677 678 653)
4(677 702 703 678)
4(702 727 728 703)
4(727 752 753 728)
4(752 777 778 753)
4(777 802 803 778)
4(802 827 828 803)
4(578 603 604 579)
4(603 628 629 604)
4(628 653 654 629)
4(653 678 679 654)
4(678 703 704 679)
4(703 728 729 704)
4(728 753 754 729)
4(753 778 779 754)
4(778 803 804 779)
4(803 828 829 804)
4(579 604 605 580)
4(604 629 630 605)
4(629 654 655 630)
4(654 679 680 655)
4(679 704 705 680)
4(704 729 730 705)
4(729 754 755 730)
4(754 779 780 755)
4(779 804 805 780)
4(804 829 830 805)
4(580 605 606 581)
4(605 630 631 606)
4(630 655 656 631)
4(655 680 681 656)
4(680 705 706 681)
4(705 730 731 706)
4(730 755 756 731)
4(755 780 781 756)
4(780 805 806 781)
4(805 830 831 806)
4(581 606 607 582)
4(606 631 632 607)
4(631 656 657 632)
4(656 681 682 657)
4(681 706 707 682)
4(706 731 732 707)
4(731 756 757 732)
4(756 781 782 757)
4(781 806 807 782)
4(806 831 832 807)
4(582 607 608 583)
4(607 632 633 608)
4(632 657 658 633)
4(657 682 683 658)
4(682 707 708 683)
4(707 732 733 708)
4(732 757 758 733)
4(757 782 783 758)
4(782 807 808 783)
4(807 832 833 808)
4(583 608 609 584)
4(608 633 634 609)
4(633 658 659 634)
4(658 683 684 659)
4(683 708 709 684)
4(708 733 734 709)
4(733 758 759 734)
4(758 783 784 759)
4(783 808 809 784)
4(808 833 834 809)
4(584 609 610 585)
4(609 634 635 610)
4(634 659 660 635)
4(659 684 685 660)
4(684 709 710 685)
4(709 734 735 710)
4(734 759 760 735)
4(759 784 785 760)
4(784 809 810 785)
4(809 834 835 810)
4(585 610 611 586)
4(610 635 636 611)
4(635 660 661 636)
4(660 685 686 661)
4(685 710 711 686)
4(710 735 736 711)
4(735 760 761 736)
4(760 785 786 761)
4(785 810 811 786)
4(810 835 836 811)
4(586 611 612 587)
4(611 636 637 612)
4(636 661 662 637)
4(661 686 687 662)
4(686 711 712 687)
4(711 736 737 712)
4(736 761 762 737)
4(761 786 787 762)
4(786 811 812 787)
4(811 836 837 812)
4(587 612 613 588)
4(612 637 638 613)
4(637 662 663 638)
4(662 687 688 663)
4(687 712 713 688)
4(712 737 738 713)
4(737 762 763 738)
4(762 787 788 763)
4(787 812 813 788)
4(812 837 838 813)
4(588 613 614 589)
4(613 638 639 614)
4(638 663 664 639)
4(663 688 689 664)
4(688 713 714 689)
4(713 738 739 714)
4(738 763 764 739)
4(763 788 789 764)
4(788 813 814 789)
4(813 838 839 814)
4(589 614 615 590)
4(614 639 640 615)
4(639 664 665 640)
4(664 689 690 665)
4(689 714 715 690)
4(714 739 740 715)
4(739 764 765 740)
4(764 789 790 765)
4(789 814 815 790)
4(814 839 840 815)
4(590 615 616 591)
4(615 640 641 616)
4(640 665 666 641)
4(665 690 691 666)
4(690 715 716 691)
4(715 740 741 716)
4(740 765 766 741)
4(765 790 791 766)
4(790 815 816 791)
4(815 840 841 816)
4(591 616 617 592)
4(616 641 642 617)
4(641 666 667 642)
4(666 691 692 667)
4(691 716 717 692)
4(716 741 742 717)
4(741 766 767 742)
4(766 791 792 767)
4(791 816 817 792)
4(816 841 842 817)
4(592 617 618 593)
4(617 642 643 618)
4(642 667 668 643)
4(667 692 693 668)
4(692 717 718 693)
4(717 742 743 718)
4(742 767 768 743)
4(767 792 793 768)
4(792 817 818 793)
4(817 842 843 818)
4(593 618 619 594)
4(618 643 644 619)
4(643 668 669 644)
4(668 693 694 669)
4(693 718 719 694)
4(718 743 744 719)
4(743 768 769 744)
4(768 793 794 769)
4(793 818 819 794)
4(818 843 844 819)
4(594 619 620 595)
4(619 644 645 620)
4(644 669 670 645)
4(669 694 695 670)
4(694 719 720 695)
4(719 744 745 720)
4(744 769 770 745)
4(769 794 795 770)
4(794 819 820 795)
4(819 844 845 820)
4(595 620 621 596)
4(620 645 646 621)
4(645 670 671 646)
4(670 695 696 671)
4(695 720 721 696)
4(720 745 746 721)
4(745 770 771 746)
4(770 795 796 771)
4(795 820 821 796)
4(820 845 846 821)
4(286 287 313 312)
4(312 313 339 338)
4(338 339 365 364)
4(364 365 391 390)
4(390 391 417 416)
4(416 417 443 442)
4(442 443 469 468)
4(468 469 495 494)
4(494 495 521 520)
4(520 521 547 546)
4(287 288 314 313)
4(313 314 340 339)
4(339 340 366 365)
4(365 366 392 391)
4(391 392 418 417)
4(417 418 444 443)
4(443 444 470 469)
4(469 470 496 495)
4(495 496 522 521)
4(521 522 548 547)
4(288 289 315 314)
4(314 315 341 340)
4(340 341 367 366)
4(366 367 393 392)
4(392 393 419 418)
4(418 419 445 444)
4(444 445 471 470)
4(470 471 497 496)
4(496 497 523 522)
4(522 523 549 548)
4(289 290 316 315)
4(315 316 342 341)
4(341 342 368 367)
4(367 368 394 393)
4(393 394 420 419)
4(419 420 446 445)
4(445 446 472 471)
4(471 472 498 497)
4(497 498 524 523)
4(523 524 550 549)
4(290 291 317 316)
4(316 317 343 342)
4(342 343 369 368)
4(368 369 395 394)
4(394 395 421 420)
4(420 421 447 446)
4(446 447 473 472)
4(472 473 499 498)
4(498 499 525 524)
4(524 525 551 550)
4(291 292 318 317)
4(317 318 344 343)
4(343 344 370 369)
4(369 370 396 395)
4(395 396 422 421)
4(421 422 448 447)
4(447 448 474 473)
4(473 474 500 499)
4(499 500 526 525)
4(525 526 552 551)
4(292 293 319 318)
4(318 319 345 344)
4(344 345 371 370)
4(370 371 397 396)
4(396 397 423 422)
4(422 423 449 448)
4(448 449 475 474)
4(474 475 501 500)
4(500 501 527 526)
4(526 527 553 552)
4(293 294 320 319)
4(319 320 346 345)
4(345 346 372 371)
4(371 372 398 397)
4(397 398 424 423)
4(423 424 450 449)
4(449 450 476 475)
4(475 476 502 501)
4(501 502 528 527)
4(527 528 554 553)
4(294 295 321 320)
4(320 321 347 346)
4(346 347 373 372)
4(372 373 399 398)
4(398 399 425 424)
4(424 425 451 450)
4(450 451 477 476)
4(476 477 503 502)
4(502 503 529 528)
4(528 529 555 554)
4(295 296 322 321)
4(321 322 348 347)
4(347 348 374 373)
4(373 374 400 399)
4(399 400 426 425)
4(425 426 452 451)
4(451 452 478 477)
4(477 478 504 503)
4(503 504 530 529)
4(529 530 556 555)
4(296 297 323 322)
4(322 323 349 348)
4(348 349 375 374)
4(374 375 401 400)
4(400 401 427 426)
4(426 427 453 452)
4(452 453 479 478)
4(478 479 505 504)
4(504 505 531 530)
4(530 531 557 556)
4(297 298 324 323)
4(323 324 350 349)
4(349 350 376 375)
4(375 376 402 401)
4(401 402 428 427)
4(427 428 454 453)
4(453 454 480 479)
4(479 480 506 505)
4(505 506 532 531)
4(531 532 558 557)
4(298 299 325 324)
4(324 325 351 350)
4(350 351 377 376)
4(376 377 403 402)
4(402 403 429 428)
4(428 429 455 454)
4(454 455 481 480)
4(480 481 507 506)
4(506 507 533 532)
4(532 533 559 558)
4(299 300 326 325)
4(325 326 352 351)
4(351 352 378 377)
4(377 378 404 403)
4(403 404 430 429)
4(429 430 456 455)
4(455 456 482 481)
4(481 482 508 507)
4(507 508 534 533)
4(533 534 560 559)
4(300 301 327 326)
4(326 327 353 352)
4(352 353 379 378)
4(378 379 405 404)
4(404 405 431 430)
4(430 431 457 456)
4(456 457 483 482)
4(482 483 509 508)
4(508 509 535 534)
4(534 535 561 560)
4(301 302 328 327)
4(327 328 354 353)
4(353 354 380 379)
4(379 380 406 405)
4(405 406 432 431)
4(431 432 458 457)
4(457 458 484 483)
4(483 484 510 509)
4(509 510 536 535)
4(535 536 562 561)
4(302 303 329 328)
4(328 329 355 354)
4(354 355 381 380)
4(380 381 407 406)
4(406 407 433 432)
4(432 433 459 458)
4(458 459 485 484)
4(484 485 511 510)
4(510 511 537 536)
4(536 537 563 562)
4(303 304 330 329)
4(329 330 356 355)
4(355 356 382 381)
4(381 382 408 407)
4(407 408 434 433)
4(433 434 460 459)
4(459 460 486 485)
4(485 486 512 511)
4(511 512 538 537)
4(537 538 564 563)
4(304 305 331 330)
4(330 331 357 356)
4(356 357 383 382)
4(382 383 409 408)
4(408 409 435 434)
4(434 435 461 460)
4(460 461 487 486)
4(486 487 513 512)
4(512 513 539 538)
4(538 539 565 564)
4(305 306 332 331)
4(331 332 358 357)
4(357 358 384 383)
4(383 384 410 409)
4(409 410 436 435)
4(435 436 462 461)
4(461 462 488 487)
4(487 488 514 513)
4(513 514 540 539)
4(539 540 566 565)
4(306 307 333 332)
4(332 333 359 358)
4(358 359 385 384)
4(384 385 411 410)
4(410 411 437 436)
4(436 437 463 462)
4(462 463 489 488)
4(488 489 515 514)
4(514 515 541 540)
4(540 541 567 566)
4(307 308 334 333)
4(333 334 360 359)
4(359 360 386 385)
4(385 386 412 411)
4(411 412 438 437)
4(437 438 464 463)
4(463 464 490 489)
4(489 490 516 515)
4(515 516 542 541)
4(541 542 568 567)
4(308 309 335 334)
4(334 335 361 360)
4(360 361 387 386)
4(386 387 413 412)
4(412 413 439 438)
4(438 439 465 464)
4(464 465 491 490)
4(490 491 517 516)
4(516 517 543 542)
4(542 543 569 568)
4(309 310 336 335)
4(335 336 362 361)
4(361 362 388 387)
4(387 388 414 413)
4(413 414 440 439)
4(439 440 466 465)
4(465 466 492 491)
4(491 492 518 517)
4(517 518 544 543)
4(543 544 570 569)
4(310 311 337 336)
4(336 337 363 362)
4(362 363 389 388)
4(388 389 415 414)
4(414 415 441 440)
4(440 441 467 466)
4(466 467 493 492)
4(492 493 519 518)
4(518 519 545 544)
4(544 545 571 570)
4(546 547 1383 1382)
4(1382 1383 1409 1408)
4(1408 1409 1435 1434)
4(1434 1435 1461 1460)
4(1460 1461 1487 1486)
4(1486 1487 1513 1512)
4(1512 1513 1539 1538)
4(1538 1539 1565 1564)
4(1564 1565 1591 1590)
4(1590 1591 1617 1616)
4(547 548 1384 1383)
4(1383 1384 1410 1409)
4(1409 1410 1436 1435)
4(1435 1436 1462 1461)
4(1461 1462 1488 1487)
4(1487 1488 1514 1513)
4(1513 1514 1540 1539)
4(1539 1540 1566 1565)
4(1565 1566 1592 1591)
4(1591 1592 1618 1617)
4(548 549 1385 1384)
4(1384 1385 1411 1410)
4(1410 1411 1437 1436)
4(1436 1437 1463 1462)
4(1462 1463 1489 1488)
4(1488 1489 1515 1514)
4(1514 1515 1541 1540)
4(1540 1541 1567 1566)
4(1566 1567 1593 1592)
4(1592 1593 1619 1618)
4(549 550 1386 1385)
4(1385 1386 1412 1411)
4(1411 1412 1438 1437)
4(1437 1438 1464 1463)
4(1463 1464 1490 1489)
4(1489 1490 1516 1515)
4(1515 1516 1542 1541)
4(1541 1542 1568 1567)
4(1567 1568 1594 1593)
4(1593 1594 1620 1619)
4(550 551 1387 1386)
4(1386 1387 1413 1412)
4(1412 1413 1439 1438)
4(1438 1439 1465 1464)
4(1464 1465 1491 1490)
4(1490 1491 1517 1516)
4(1516 1517 1543 1542)
4(1542 1543 1569 1568)
4(1568 1569 1595 1594)
4(1594 1595 1621 1620)
4(551 552 1388 1387)
4(1387 1388 1414 1413)
4(1413 1414 1440 1439)
4(1439 1440 1466 1465)
4(1465 1466 1492 1491)
4(1491 1492 1518 1517)
4(1517 1518 1544 1543)
4(1543 1544 1570 1569)
4(1569 1570 1596 1595)
4(1595 1596 1622 1621)
4(552 553 1389 1388)
4(1388 1389 1415 1414)
4(1414 1415 1441 1440)
4(1440 1441 1467 1466)
4(1466 1467 1493 1492)
4(1492 1493 1519 1518)
4(1518 1519 1545 1544)
4(1544 1545 1571 1570)
4(1570 1571 1597 1596)
4(1596 1597 1623 1622)
4(553 554 1390 1389)
4(1389 1390 1416 1415)
4(1415 1416 1442 1441)
4(1441 1442 1468 1467)
4(1467 1468 1494 1493)
4(1493 1494 1520 1519)
4(1519 1520 1546 1545)
4(1545 1546 1572 1571)
4(1571 1572 1598 1597)
4(1597 1598 1624 1623)
4(554 555 1391 1390)
4(1390 1391 1417 1416)
4(1416 1417 1443 1442)
4(1442 1443 1469 1468)
4(1468 1469 1495 1494)
4(1494 1495 1521 1520)
4(1520 1521 1547 1546)
4(1546 1547 1573 1572)
4(1572 1573 1599 1598)
4(1598 1599 1625 1624)
4(555 556 1392 1391)
4(1391 1392 1418 1417)
4(1417 1418 1444 1443)
4(1443 1444 1470 1469)
4(1469 1470 1496 1495)
4(1495 1496 1522 1521)
4(1521 1522 1548 1547)
4(1547 1548 1574 1573)
4(1573 1574 1600 1599)
4(1599 1600 1626 1625)
4(556 557 1393 1392)
4(1392 1393 1419 1418)
4(1418 1419 1445 1444)
4(1444 1445 1471 1470)
4(1470 1471 1497 1496)
4(1496 1497 1523 1522)
4(1522 1523 1549 1548)
4(1548 1549 1575 1574)
4(1574 1575 1601 1600)
4(1600 1601 1627 1626)
4(557 558 1394 1393)
4(1393 1394 1420 1419)
4(1419 1420 1446 1445)
4(1445 1446 1472 1471)
4(1471 1472 1498 1497)
4(1497 1498 1524 1523)
4(1523 1524 1550 1549)
4(1549 1550 1576 1575)
4(1575 1576 1602 1601)
4(1601 1602 1628 1627)
4(558 559 1395 1394)
4(1394 1395 1421 1420)
4(1420 1421 1447 1446)
4(1446 1447 1473 1472)
4(1472 1473 1499 1498)
4(1498 1499 1525 1524)
4(1524 1525 1551 1550)
4(1550 1551 1577 1576)
4(1576 1577 1603 1602)
4(1602 1603 1629 1628)
4(559 560 1396 1395)
4(1395 1396 1422 1421)
4(1421 1422 1448 1447)
4(1447 1448 1474 1473)
4(1473 1474 1500 1499)
4(1499 1500 1526 1525)
4(1525 1526 1552 1551)
4(1551 1552 1578 1577)
4(1577 1578 1604 1603)
4(1603 1604 1630 1629)
4(560 561 1397 1396)
4(1396 1397 1423 1422)
4(1422 1423 1449 1448)
4(1448 1449 1475 1474)
4(1474 1475 1501 1500)
4(1500 1501 1527 1526)
4(1526 1527 1553 1552)
4(1552 1553 1579 1578)
4(1578 1579 1605 1604)
4(1604 1605 1631 1630)
4(561 562 1398 1397)
4(1397 1398 1424 1423)
4(1423 1424 1450 1449)
4(1449 1450 1476 1475)
4(1475 1476 1502 1501)
4(1501 1502 1528 1527)
4(1527 1528 1554 1553)
4(1553 1554 1580 1579)
4(1579 1580 1606 1605)
4(1605 1606 1632 1631)
4(562 563 1399 1398)
4(1398 1399 1425 1424)
4(1424 1425 1451 1450)
4(1450 1451 1477 1476)
4(1476 1477 1503 1502)
4(1502 1503 1529 1528)
4(1528 1529 1555 1554)
4(1554 1555 1581 1580)
4(1580 1581 1607 1606)
4(1606 1607 1633 1632)
4(563 564 1400 1399)
4(1399 1400 1426 1425)
4(1425 1426 1452 1451)
4(1451 1452 1478 1477)
4(1477 1478 1504 1503)
4(1503 1504 1530 1529)
4(1529 1530 1556 1555)
4(1555 1556 1582 1581)
4(1581 1582 1608 1607)
4(1607 1608 1634 1633)
4(564 565 1401 1400)
4(1400 1401 1427 1426)
4(1426 1427 1453 1452)
4(1452 1453 1479 1478)
4(1478 1479 1505 1504)
4(1504 1505 1531 1530)
4(1530 1531 1557 1556)
4(1556 1557 1583 1582)
4(1582 1583 1609 1608)
4(1608 1609 1635 1634)
4(565 566 1402 1401)
4(1401 1402 1428 1427)
4(1427 1428 1454 1453)
4(1453 1454 1480 1479)
4(1479 1480 1506 1505)
4(1505 1506 1532 1531)
4(1531 1532 1558 1557)
4(1557 1558 1584 1583)
4(1583 1584 1610 1609)
4(1609 1610 1636 1635)
4(566 567 1403 1402)
4(1402 1403 1429 1428)
4(1428 1429 1455 1454)
4(1454 1455 1481 1480)
4(1480 1481 1507 1506)
4(1506 1507 1533 1532)
4(1532 1533 1559 1558)
4(1558 1559 1585 1584)
4(1584 1585 1611 1610)
4(1610 1611 1637 1636)
4(567 568 1404 1403)
4(1403 1404 1430 1429)
4(1429 1430 1456 1455)
4(1455 1456 1482 1481)
4(1481 1482 1508 1507)
4(1507 1508 1534 1533)
4(1533 1534 1560 1559)
4(1559 1560 1586 1585)
4(1585 1586 1612 1611)
4(1611 1612 1638 1637)
4(568 569 1405 1404)
4(1404 1405 1431 1430)
4(1430 1431 1457 1456)
4(1456 1457 1483 1482)
4(1482 1483 1509 1508)
4(1508 1509 1535 1534)
4(1534 1535 1561 1560)
4(1560 1561 1587 1586)
4(1586 1587 1613 1612)
4(1612 1613 1639 1638)
4(569 570 1406 1405)
4(1405 1406 1432 1431)
4(1431 1432 1458 1457)
4(1457 1458 1484 1483)
4(1483 1484 1510 1509)
4(1509 1510 1536 1535)
4(1535 1536 1562 1561)
4(1561 1562 1588 1587)
4(1587 1588 1614 1613)
4(1613 1614 1640 1639)
4(570 571 1407 1406)
4(1406 1407 1433 1432)
4(1432 1433 1459 1458)
4(1458 1459 1485 1484)
4(1484 1485 1511 1510)
4(1510 1511 1537 1536)
4(1536 1537 1563 1562)
4(1562 1563 1589 1588)
4(1588 1589 1615 1614)
4(1614 1615 1641 1640)
4(311 847 872 337)
4(337 872 897 363)
4(363 897 922 389)
4(389 922 947 415)
4(415 947 972 441)
4(441 972 997 467)
4(467 997 1022 493)
4(493 1022 1047 519)
4(519 1047 1072 545)
4(545 1072 1097 571)
4(847 848 873 872)
4(872 873 898 897)
4(897 898 923 922)
4(922 923 948 947)
4(947 948 973 972)
4(972 973 998 997)
4(997 998 1023 1022)
4(1022 1023 1048 1047)
4(1047 1048 1073 1072)
4(1072 1073 1098 1097)
4(848 849 874 873)
4(873 874 899 898)
4(898 899 924 923)
4(923 924 949 948)
4(948 949 974 973)
4(973 974 999 998)
4(998 999 1024 1023)
4(1023 1024 1049 1048)
4(1048 1049 1074 1073)
4(1073 1074 1099 1098)
4(849 850 875 874)
4(874 875 900 899)
4(899 900 925 924)
4(924 925 950 949)
4(949 950 975 974)
4(974 975 1000 999)
4(999 1000 1025 1024)
4(1024 1025 1050 1049)
4(1049 1050 1075 1074)
4(1074 1075 1100 1099)
4(850 851 876 875)
4(875 876 901 900)
4(900 901 926 925)
4(925 926 951 950)
4(950 951 976 975)
4(975 976 1001 1000)
4(1000 1001 1026 1025)
4(1025 1026 1051 1050)
4(1050 1051 1076 1075)
4(1075 1076 1101 1100)
4(851 852 877 876)
4(876 877 902 901)
4(901 902 927 926)
4(926 927 952 951)
4(951 952 977 976)
4(976 977 1002 1001)
4(1001 1002 1027 1026)
4(1026 1027 1052 1051)
4(1051 1052 1077 1076)
4(1076 1077 1102 1101)
4(852 853 878 877)
4(877 878 903 902)
4(902 903 928 927)
4(927 928 953 952)
4(952 953 978 977)
4(977 978 1003 1002)
4(1002 1003 1028 1027)
4(1027 1028 1053 1052)
4(1052 1053 1078 1077)
4(1077 1078 1103 1102)
4(853 854 879 878)
4(878 879 904 903)
4(903 904 929 928)
4(928 929 954 953)
4(953 954 979 978)
4(978 979 1004 1003)
4(1003 1004 1029 1028)
4(1028 1029 1054 1053)
4(1053 1054 1079 1078)
4(1078 1079 1104 1103)
4(854 855 880 879)
4(879 880 905 904)
4(904 905 930 929)
4(929 930 955 954)
4(954 955 980 979)
4(979 980 1005 1004)
4(1004 1005 1030 1029)
4(1029 1030 1055 1054)
4(1054 1055 1080 1079)
4(1079 1080 1105 1104)
4(855 856 881 880)
4(880 881 906 905)
4(905 906 931 930)
4(930 931 956 955)
4(955 956 981 980)
4(980 981 1006 1005)
4(1005 1006 1031 1030)
4(1030 1031 1056 1055)
4(1055 1056 1081 1080)
4(1080 1081 1106 1105)
4(856 857 882 881)
4(881 882 907 906)
4(906 907 932 931)
4(931 932 957 956)
4(956 957 982 981)
4(981 982 1007 1006)
4(1006 1007 1032 1031)
4(1031 1032 1057 1056)
4(1056 1057 1082 1081)
4(1081 1082 1107 1106)
4(857 858 883 882)
4(882 883 908 907)
4(907 908 933 932)
4(932 933 958 957)
4(957 958 983 982)
4(982 983 1008 1007)
4(1007 1008 1033 1032)
4(1032 1033 1058 1057)
4(1057 1058 1083 1082)
4(1082 1083 1108 1107)
4(858 859 884 883)
4(883 884 909 908)
4(908 909 934 933)
4(933 934 959 958)
4(958 959 984 983)
4(983 984 1009 1008)
4(1008 1009 1034 1033)
4(1033 1034 1059 1058)
4(1058 1059 1084 1083)
4(1083 1084 1109 1108)
4(859 860 885 884)
4(884 885 910 909)
4(909 910 935 934)
4(934 935 960 959)
4(959 960 985 984)
4(984 985 1010 1009)
4(1009 1010 1035 1034)
4(1034 1035 1060 1059)
4(1059 1060 1085 1084)
4(1084 1085 1110 1109)
4(860 861 886 885)
4(885 886 911 910)
4(910 911 936 935)
4(935 936 961 960)
4(960 961 986 985)
4(985 986 1011 1010)
4(1010 1011 1036 1035)
4(1035 1036 1061 1060)
4(1060 1061 1086 1085)
4(1085 1086 1111 1110)
4(861 862 887 886)
4(886 887 912 911)
4(911 912 937 936)
4(936 937 962 961)
4(961 962 987 986)
4(986 987 1012 1011)
4(1011 1012 1037 1036)
4(1036 1037 1062 1061)
4(1061 1062 1087 1086)
4(1086 1087 1112 1111)
4(862 863 888 887)
4(887 888 913 912)
4(912 913 938 937)
4(937 938 963 962)
4(962 963 988 987)
4(987 988 1013 1012)
4(1012 1013 1038 1037)
4(1037 1038 1063 1062)
4(1062 1063 1088 1087)
4(1087 1088 1113 1112)
4(863 864 889 888)
4(888 889 914 913)
4(913 914 939 938)
4(938 939 964 963)
4(963 964 989 988)
4(988 989 1014 1013)
4(1013 1014 1039 1038)
4(1038 1039 1064 1063)
4(1063 1064 1089 1088)
4(1088 1089 1114 1113)
4(864 865 890 889)
4(889 890 915 914)
4(914 915 940 939)
4(939 940 965 964)
4(964 965 990 989)
4(989 990 1015 1014)
4(1014 1015 1040 1039)
4(1039 1040 1065 1064)
4(1064 1065 1090 1089)
4(1089 1090 1115 1114)
4(865 866 891 890)
4(890 891 916 915)
4(915 916 941 940)
4(940 941 966 965)
4(965 966 991 990)
4(990 991 1016 1015)
4(1015 1016 1041 1040)
4(1040 1041 1066 1065)
4(1065 1066 1091 1090)
4(1090 1091 1116 1115)
4(866 867 892 891)
4(891 892 917 916)
4(916 917 942 941)
4(941 942 967 966)
4(966 967 992 991)
4(991 992 1017 1016)
4(1016 1017 1042 1041)
4(1041 1042 1067 1066)
4(1066 1067 1092 1091)
4(1091 1092 1117 1116)
4(867 868 893 892)
4(892 893 918 917)
4(917 918 943 942)
4(942 943 968 967)
4(967 968 993 992)
4(992 993 1018 1017)
4(1017 1018 1043 1042)
4(1042 1043 1068 1067)
4(1067 1068 1093 1092)
4(1092 1093 1118 1117)
4(868 869 894 893)
4(893 894 919 918)
4(918 919 944 943)
4(943 944 969 968)
4(968 969 994 993)
4(993 994 1019 1018)
4(1018 1019 1044 1043)
4(1043 1044 1069 1068)
4(1068 1069 1094 1093)
4(1093 1094 1119 1118)
4(869 870 895 894)
4(894 895 920 919)
4(919 920 945 944)
4(944 945 970 969)
4(969 970 995 994)
4(994 995 1020 1019)
4(1019 1020 1045 1044)
4(1044 1045 1070 1069)
4(1069 1070 1095 1094)
4(1094 1095 1120 1119)
4(870 871 896 895)
4(895 896 921 920)
4(920 921 946 945)
4(945 946 971 970)
4(970 971 996 995)
4(995 996 1021 1020)
4(1020 1021 1046 1045)
4(1045 1046 1071 1070)
4(1070 1071 1096 1095)
4(1095 1096 1121 1120)
)


// ************************************************************************* //
