/*--------------------------------*- C++ -*----------------------------------*\
| =========                 |                                                 |
| \\      /  F ield         | OpenFOAM: The Open Source CFD Toolbox           |
|  \\    /   O peration     | Version:  5.x                                   |
|   \\  /    A nd           | Web:      www.OpenFOAM.org                      |
|    \\/     M anipulation  |                                                 |
\*---------------------------------------------------------------------------*/
/*   Windows 32 and 64 bit porting by blueCAPE: http://www.bluecape.com.pt   *\
|  Based on Windows porting (2.0.x v4) by Symscape: http://www.symscape.com   |
\*---------------------------------------------------------------------------*/
FoamFile
{
    version     2.0;
    format      ascii;
    class       labelList;
    note        "nPoints: 1642 nCells: 750 nFaces: 3070 nInternalFaces: 1430";
    location    "constant/polyMesh";
    object      owner;
}
// * * * * * * * * * * * * * * * * * * * * * * * * * * * * * * * * * * * * * //


3070
(
0
0
1
1
2
2
3
3
4
4
5
5
6
6
7
7
8
8
9
9
10
10
11
11
12
12
13
13
14
14
15
15
16
16
17
17
18
18
19
19
20
20
21
21
22
22
23
23
24
24
25
25
26
26
27
27
28
28
29
29
30
30
31
31
32
32
33
33
34
34
35
35
36
36
37
37
38
38
39
39
40
40
41
41
42
42
43
43
44
44
45
45
46
46
47
47
48
48
49
49
50
50
51
51
52
52
53
53
54
54
55
55
56
56
57
57
58
58
59
59
60
60
61
61
62
62
63
63
64
64
65
65
66
66
67
67
68
68
69
69
70
70
71
71
72
72
73
73
74
74
75
75
76
76
77
77
78
78
79
79
80
80
81
81
82
82
83
83
84
84
85
85
86
86
87
87
88
88
89
89
90
90
91
91
92
92
93
93
94
94
95
95
96
96
97
97
98
98
99
99
100
100
101
101
102
102
103
103
104
104
105
105
106
106
107
107
108
108
109
109
110
110
111
111
112
112
113
113
114
114
115
115
116
116
117
117
118
118
119
119
120
120
121
121
122
122
123
123
124
124
125
125
126
126
127
127
128
128
129
129
130
130
131
131
132
132
133
133
134
134
135
135
136
136
137
137
138
138
139
139
140
140
141
141
142
142
143
143
144
144
145
145
146
146
147
147
148
148
149
149
150
150
151
151
152
152
153
153
154
154
155
155
156
156
157
157
158
158
159
159
160
160
161
161
162
162
163
163
164
164
165
165
166
166
167
167
168
168
169
169
170
170
171
171
172
172
173
173
174
174
175
175
176
176
177
177
178
178
179
179
180
180
181
181
182
182
183
183
184
184
185
185
186
186
187
187
188
188
189
189
190
190
191
191
192
192
193
193
194
194
195
195
196
196
197
197
198
198
199
199
200
200
201
201
202
202
203
203
204
204
205
205
206
206
207
207
208
208
209
209
210
210
211
211
212
212
213
213
214
214
215
215
216
216
217
217
218
218
219
219
220
220
221
221
222
222
223
223
224
224
225
225
226
226
227
227
228
228
229
229
230
230
231
231
232
232
233
233
234
234
235
235
236
236
237
237
238
238
239
239
240
240
241
241
242
242
243
243
244
244
245
245
246
246
247
247
248
248
249
249
250
250
251
251
252
252
253
253
254
254
255
255
256
256
257
257
258
258
259
259
260
260
261
261
262
262
263
263
264
264
265
265
266
266
267
267
268
268
269
269
270
270
271
271
272
272
273
273
274
275
275
276
276
277
277
278
278
279
279
280
280
281
281
282
282
283
283
284
284
285
285
286
286
287
287
288
288
289
289
290
290
291
291
292
292
293
293
294
294
295
295
296
296
297
297
298
298
299
300
300
301
301
302
302
303
303
304
304
305
305
306
306
307
307
308
308
309
309
310
310
311
311
312
312
313
313
314
314
315
315
316
316
317
317
318
318
319
319
320
320
321
321
322
322
323
323
324
325
325
326
326
327
327
328
328
329
329
330
330
331
331
332
332
333
333
334
334
335
335
336
336
337
337
338
338
339
339
340
340
341
341
342
342
343
343
344
344
345
345
346
346
347
347
348
348
349
350
350
351
351
352
352
353
353
354
354
355
355
356
356
357
357
358
358
359
359
360
360
361
361
362
362
363
363
364
364
365
365
366
366
367
367
368
368
369
369
370
370
371
371
372
372
373
373
374
375
375
376
376
377
377
378
378
379
379
380
380
381
381
382
382
383
383
384
384
385
385
386
386
387
387
388
388
389
389
390
390
391
391
392
392
393
393
394
394
395
395
396
396
397
397
398
398
399
400
400
401
401
402
402
403
403
404
404
405
405
406
406
407
407
408
408
409
409
410
410
411
411
412
412
413
413
414
414
415
415
416
416
417
417
418
418
419
419
420
420
421
421
422
422
423
423
424
425
425
426
426
427
427
428
428
429
429
430
430
431
431
432
432
433
433
434
434
435
435
436
436
437
437
438
438
439
439
440
440
441
441
442
442
443
443
444
444
445
445
446
446
447
447
448
448
449
450
450
451
451
452
452
453
453
454
454
455
455
456
456
457
457
458
458
459
459
460
460
461
461
462
462
463
463
464
464
465
465
466
466
467
467
468
468
469
469
470
470
471
471
472
472
473
473
474
475
476
477
478
479
480
481
482
483
484
485
486
487
488
489
490
491
492
493
494
495
496
497
498
500
500
501
501
502
502
503
503
504
504
505
505
506
506
507
507
508
508
509
509
510
510
511
511
512
512
513
513
514
514
515
515
516
516
517
517
518
518
519
519
520
520
521
521
522
522
523
523
524
525
525
526
526
527
527
528
528
529
529
530
530
531
531
532
532
533
533
534
534
535
535
536
536
537
537
538
538
539
539
540
540
541
541
542
542
543
543
544
544
545
545
546
546
547
547
548
548
549
550
550
551
551
552
552
553
553
554
554
555
555
556
556
557
557
558
558
559
559
560
560
561
561
562
562
563
563
564
564
565
565
566
566
567
567
568
568
569
569
570
570
571
571
572
572
573
573
574
575
575
576
576
577
577
578
578
579
579
580
580
581
581
582
582
583
583
584
584
585
585
586
586
587
587
588
588
589
589
590
590
591
591
592
592
593
593
594
594
595
595
596
596
597
597
598
598
599
600
600
601
601
602
602
603
603
604
604
605
605
606
606
607
607
608
608
609
609
610
610
611
611
612
612
613
613
614
614
615
615
616
616
617
617
618
618
619
619
620
620
621
621
622
622
623
623
624
625
625
626
626
627
627
628
628
629
629
630
630
631
631
632
632
633
633
634
634
635
635
636
636
637
637
638
638
639
639
640
640
641
641
642
642
643
643
644
644
645
645
646
646
647
647
648
648
649
650
650
651
651
652
652
653
653
654
654
655
655
656
656
657
657
658
658
659
659
660
660
661
661
662
662
663
663
664
664
665
665
666
666
667
667
668
668
669
669
670
670
671
671
672
672
673
673
674
675
675
676
676
677
677
678
678
679
679
680
680
681
681
682
682
683
683
684
684
685
685
686
686
687
687
688
688
689
689
690
690
691
691
692
692
693
693
694
694
695
695
696
696
697
697
698
698
699
700
700
701
701
702
702
703
703
704
704
705
705
706
706
707
707
708
708
709
709
710
710
711
711
712
712
713
713
714
714
715
715
716
716
717
717
718
718
719
719
720
720
721
721
722
722
723
723
724
725
726
727
728
729
730
731
732
733
734
735
736
737
738
739
740
741
742
743
744
745
746
747
748
0
25
50
75
100
125
150
175
200
225
500
525
550
575
600
625
650
675
700
725
725
726
727
728
729
730
731
732
733
734
735
736
737
738
739
740
741
742
743
744
745
746
747
748
749
524
549
574
599
624
649
674
699
724
749
475
476
477
478
479
480
481
482
483
484
485
486
487
488
489
490
491
492
493
494
495
496
497
498
499
274
299
324
349
374
399
424
449
474
499
0
1
2
3
4
5
6
7
8
9
10
11
12
13
14
15
16
17
18
19
20
21
22
23
24
250
251
252
253
254
255
256
257
258
259
260
261
262
263
264
265
266
267
268
269
270
271
272
273
274
0
25
50
75
100
125
150
175
200
225
1
26
51
76
101
126
151
176
201
226
2
27
52
77
102
127
152
177
202
227
3
28
53
78
103
128
153
178
203
228
4
29
54
79
104
129
154
179
204
229
5
30
55
80
105
130
155
180
205
230
6
31
56
81
106
131
156
181
206
231
7
32
57
82
107
132
157
182
207
232
8
33
58
83
108
133
158
183
208
233
9
34
59
84
109
134
159
184
209
234
10
35
60
85
110
135
160
185
210
235
11
36
61
86
111
136
161
186
211
236
12
37
62
87
112
137
162
187
212
237
13
38
63
88
113
138
163
188
213
238
14
39
64
89
114
139
164
189
214
239
15
40
65
90
115
140
165
190
215
240
16
41
66
91
116
141
166
191
216
241
17
42
67
92
117
142
167
192
217
242
18
43
68
93
118
143
168
193
218
243
19
44
69
94
119
144
169
194
219
244
20
45
70
95
120
145
170
195
220
245
21
46
71
96
121
146
171
196
221
246
22
47
72
97
122
147
172
197
222
247
23
48
73
98
123
148
173
198
223
248
24
49
74
99
124
149
174
199
224
249
500
525
550
575
600
625
650
675
700
725
501
526
551
576
601
626
651
676
701
726
502
527
552
577
602
627
652
677
702
727
503
528
553
578
603
628
653
678
703
728
504
529
554
579
604
629
654
679
704
729
505
530
555
580
605
630
655
680
705
730
506
531
556
581
606
631
656
681
706
731
507
532
557
582
607
632
657
682
707
732
508
533
558
583
608
633
658
683
708
733
509
534
559
584
609
634
659
684
709
734
510
535
560
585
610
635
660
685
710
735
511
536
561
586
611
636
661
686
711
736
512
537
562
587
612
637
662
687
712
737
513
538
563
588
613
638
663
688
713
738
514
539
564
589
614
639
664
689
714
739
515
540
565
590
615
640
665
690
715
740
516
541
566
591
616
641
666
691
716
741
517
542
567
592
617
642
667
692
717
742
518
543
568
593
618
643
668
693
718
743
519
544
569
594
619
644
669
694
719
744
520
545
570
595
620
645
670
695
720
745
521
546
571
596
621
646
671
696
721
746
522
547
572
597
622
647
672
697
722
747
523
548
573
598
623
648
673
698
723
748
524
549
574
599
624
649
674
699
724
749
250
275
300
325
350
375
400
425
450
475
251
276
301
326
351
376
401
426
451
476
252
277
302
327
352
377
402
427
452
477
253
278
303
328
353
378
403
428
453
478
254
279
304
329
354
379
404
429
454
479
255
280
305
330
355
380
405
430
455
480
256
281
306
331
356
381
406
431
456
481
257
282
307
332
357
382
407
432
457
482
258
283
308
333
358
383
408
433
458
483
259
284
309
334
359
384
409
434
459
484
260
285
310
335
360
385
410
435
460
485
261
286
311
336
361
386
411
436
461
486
262
287
312
337
362
387
412
437
462
487
263
288
313
338
363
388
413
438
463
488
264
289
314
339
364
389
414
439
464
489
265
290
315
340
365
390
415
440
465
490
266
291
316
341
366
391
416
441
466
491
267
292
317
342
367
392
417
442
467
492
268
293
318
343
368
393
418
443
468
493
269
294
319
344
369
394
419
444
469
494
270
295
320
345
370
395
420
445
470
495
271
296
321
346
371
396
421
446
471
496
272
297
322
347
372
397
422
447
472
497
273
298
323
348
373
398
423
448
473
498
274
299
324
349
374
399
424
449
474
499
0
25
50
75
100
125
150
175
200
225
1
26
51
76
101
126
151
176
201
226
2
27
52
77
102
127
152
177
202
227
3
28
53
78
103
128
153
178
203
228
4
29
54
79
104
129
154
179
204
229
5
30
55
80
105
130
155
180
205
230
6
31
56
81
106
131
156
181
206
231
7
32
57
82
107
132
157
182
207
232
8
33
58
83
108
133
158
183
208
233
9
34
59
84
109
134
159
184
209
234
10
35
60
85
110
135
160
185
210
235
11
36
61
86
111
136
161
186
211
236
12
37
62
87
112
137
162
187
212
237
13
38
63
88
113
138
163
188
213
238
14
39
64
89
114
139
164
189
214
239
15
40
65
90
115
140
165
190
215
240
16
41
66
91
116
141
166
191
216
241
17
42
67
92
117
142
167
192
217
242
18
43
68
93
118
143
168
193
218
243
19
44
69
94
119
144
169
194
219
244
20
45
70
95
120
145
170
195
220
245
21
46
71
96
121
146
171
196
221
246
22
47
72
97
122
147
172
197
222
247
23
48
73
98
123
148
173
198
223
248
24
49
74
99
124
149
174
199
224
249
500
525
550
575
600
625
650
675
700
725
501
526
551
576
601
626
651
676
701
726
502
527
552
577
602
627
652
677
702
727
503
528
553
578
603
628
653
678
703
728
504
529
554
579
604
629
654
679
704
729
505
530
555
580
605
630
655
680
705
730
506
531
556
581
606
631
656
681
706
731
507
532
557
582
607
632
657
682
707
732
508
533
558
583
608
633
658
683
708
733
509
534
559
584
609
634
659
684
709
734
510
535
560
585
610
635
660
685
710
735
511
536
561
586
611
636
661
686
711
736
512
537
562
587
612
637
662
687
712
737
513
538
563
588
613
638
663
688
713
738
514
539
564
589
614
639
664
689
714
739
515
540
565
590
615
640
665
690
715
740
516
541
566
591
616
641
666
691
716
741
517
542
567
592
617
642
667
692
717
742
518
543
568
593
618
643
668
693
718
743
519
544
569
594
619
644
669
694
719
744
520
545
570
595
620
645
670
695
720
745
521
546
571
596
621
646
671
696
721
746
522
547
572
597
622
647
672
697
722
747
523
548
573
598
623
648
673
698
723
748
524
549
574
599
624
649
674
699
724
749
250
275
300
325
350
375
400
425
450
475
251
276
301
326
351
376
401
426
451
476
252
277
302
327
352
377
402
427
452
477
253
278
303
328
353
378
403
428
453
478
254
279
304
329
354
379
404
429
454
479
255
280
305
330
355
380
405
430
455
480
256
281
306
331
356
381
406
431
456
481
257
282
307
332
357
382
407
432
457
482
258
283
308
333
358
383
408
433
458
483
259
284
309
334
359
384
409
434
459
484
260
285
310
335
360
385
410
435
460
485
261
286
311
336
361
386
411
436
461
486
262
287
312
337
362
387
412
437
462
487
263
288
313
338
363
388
413
438
463
488
264
289
314
339
364
389
414
439
464
489
265
290
315
340
365
390
415
440
465
490
266
291
316
341
366
391
416
441
466
491
267
292
317
342
367
392
417
442
467
492
268
293
318
343
368
393
418
443
468
493
269
294
319
344
369
394
419
444
469
494
270
295
320
345
370
395
420
445
470
495
271
296
321
346
371
396
421
446
471
496
272
297
322
347
372
397
422
447
472
497
273
298
323
348
373
398
423
448
473
498
274
299
324
349
374
399
424
449
474
499
)


// ************************************************************************* //
