/*--------------------------------*- C++ -*----------------------------------*\
| =========                 |                                                 |
| \\      /  F ield         | OpenFOAM: The Open Source CFD Toolbox           |
|  \\    /   O peration     | Version:  5.x                                   |
|   \\  /    A nd           | Web:      www.OpenFOAM.org                      |
|    \\/     M anipulation  |                                                 |
\*---------------------------------------------------------------------------*/
/*   Windows 32 and 64 bit porting by blueCAPE: http://www.bluecape.com.pt   *\
|  Based on Windows porting (2.0.x v4) by Symscape: http://www.symscape.com   |
\*---------------------------------------------------------------------------*/
FoamFile
{
    version     2.0;
    format      ascii;
    class       volScalarField;
    location    "2672";
    object      nut;
}
// * * * * * * * * * * * * * * * * * * * * * * * * * * * * * * * * * * * * * //

dimensions      [0 2 -1 0 0 0 0];

internalField   nonuniform List<scalar> 
4000
(
5.02025e-005
4.65911e-005
4.33182e-005
4.03339e-005
3.76026e-005
3.50964e-005
3.27921e-005
3.06699e-005
2.87127e-005
2.69056e-005
2.52353e-005
2.369e-005
2.22591e-005
2.09329e-005
1.97031e-005
1.85617e-005
1.75017e-005
1.65168e-005
1.5601e-005
1.4749e-005
1.3956e-005
1.32175e-005
1.25294e-005
1.1888e-005
1.12897e-005
1.07315e-005
1.02104e-005
9.72377e-006
9.26908e-006
8.84407e-006
8.44663e-006
8.07483e-006
7.72686e-006
7.40108e-006
7.09593e-006
6.81001e-006
6.54201e-006
6.2907e-006
6.05495e-006
5.83374e-006
5.62608e-006
5.43109e-006
5.24793e-006
5.07583e-006
4.91408e-006
4.74284e-006
4.52031e-006
4.3141e-006
4.12281e-006
3.94521e-006
3.78016e-006
3.62664e-006
3.48374e-006
3.35061e-006
3.22649e-006
3.1107e-006
3.0026e-006
2.90161e-006
2.80721e-006
2.71893e-006
2.63632e-006
2.55899e-006
2.48657e-006
2.41872e-006
2.35514e-006
2.29555e-006
2.23968e-006
2.1873e-006
2.13818e-006
2.09214e-006
2.04897e-006
2.00851e-006
1.97061e-006
1.93511e-006
1.90188e-006
1.87079e-006
1.84171e-006
1.81451e-006
1.78874e-006
1.76357e-006
1.73904e-006
1.71516e-006
1.69194e-006
1.6694e-006
1.64754e-006
1.62638e-006
1.6059e-006
1.58611e-006
1.567e-006
1.54857e-006
1.5308e-006
1.51369e-006
1.49722e-006
1.48137e-006
1.46615e-006
1.45152e-006
1.43748e-006
1.42401e-006
1.4111e-006
1.39873e-006
1.38689e-006
1.37556e-006
1.36473e-006
1.35439e-006
1.34452e-006
1.33511e-006
1.32615e-006
1.31761e-006
1.3095e-006
1.30179e-006
1.29448e-006
1.28756e-006
1.28101e-006
1.27482e-006
1.26899e-006
1.26351e-006
1.25836e-006
1.25354e-006
1.24904e-006
1.24485e-006
1.24097e-006
1.23739e-006
1.2341e-006
1.23109e-006
1.22836e-006
1.22591e-006
1.22372e-006
1.2218e-006
1.22013e-006
1.21872e-006
1.21755e-006
1.21663e-006
1.21595e-006
1.2155e-006
1.21529e-006
1.2153e-006
1.21554e-006
1.216e-006
1.21667e-006
1.21757e-006
1.21867e-006
1.21999e-006
1.22151e-006
1.22324e-006
1.22517e-006
1.2273e-006
1.22963e-006
1.23216e-006
1.23488e-006
1.23779e-006
1.2409e-006
1.24419e-006
1.24767e-006
1.25134e-006
1.25519e-006
1.25922e-006
1.26344e-006
1.26784e-006
1.27242e-006
1.27717e-006
1.28211e-006
1.28722e-006
1.29251e-006
1.29797e-006
1.30361e-006
1.30942e-006
1.3154e-006
1.32156e-006
1.32789e-006
1.33438e-006
1.34106e-006
1.3479e-006
1.35491e-006
1.36209e-006
1.36944e-006
1.37696e-006
1.38464e-006
1.3925e-006
1.40052e-006
1.40872e-006
1.41708e-006
1.42561e-006
1.4343e-006
1.44317e-006
1.4522e-006
1.46139e-006
1.47076e-006
1.48029e-006
1.48998e-006
1.49985e-006
1.50987e-006
1.52006e-006
1.53041e-006
1.54093e-006
1.5516e-006
1.56245e-006
1.57339e-006
1.58467e-006
1.59571e-006
1.60716e-006
0.00140573
0.00076993
0.000573246
0.000472479
0.000409257
0.000364987
0.000331799
0.000305714
0.000284515
0.000266839
0.000251797
0.000238783
0.000227374
0.000217262
0.000208218
0.000200068
0.000192674
0.000185925
0.000179734
0.000174029
0.000168752
0.000163853
0.00015929
0.000155028
0.000151038
0.000147294
0.000143772
0.000140455
0.000137323
0.000134363
0.00013156
0.000128904
0.000126382
0.000123987
0.000121708
0.000119538
0.000117471
0.0001155
0.000113618
0.000111821
0.000110104
0.000108463
0.000106893
0.000105391
0.000103953
0.000102576
0.000101258
9.99969e-005
9.87891e-005
9.76323e-005
9.65239e-005
9.54619e-005
9.44443e-005
9.34692e-005
9.25348e-005
9.16396e-005
9.0782e-005
8.99607e-005
8.91743e-005
8.84215e-005
8.77013e-005
8.70125e-005
8.63541e-005
8.57251e-005
8.51247e-005
8.4552e-005
8.40061e-005
8.34864e-005
8.29921e-005
8.25225e-005
8.2077e-005
8.16549e-005
8.12557e-005
8.08787e-005
8.05234e-005
8.01891e-005
7.98749e-005
7.95798e-005
7.9093e-005
7.81648e-005
7.72783e-005
7.64311e-005
7.56198e-005
7.48421e-005
7.40958e-005
7.3379e-005
7.269e-005
7.20273e-005
7.13897e-005
7.07757e-005
7.01843e-005
6.96146e-005
6.90654e-005
6.8536e-005
6.80256e-005
6.75333e-005
6.70585e-005
6.66006e-005
6.61587e-005
6.57322e-005
6.53213e-005
6.49252e-005
6.45433e-005
6.41748e-005
6.38194e-005
6.34766e-005
6.31459e-005
6.2827e-005
6.25195e-005
6.22231e-005
6.19374e-005
6.16623e-005
6.13974e-005
6.11425e-005
6.08972e-005
6.06614e-005
6.04349e-005
6.02174e-005
6.00087e-005
5.98086e-005
5.9617e-005
5.94335e-005
5.92582e-005
5.90907e-005
5.89309e-005
5.87787e-005
5.8634e-005
5.84965e-005
5.83661e-005
5.82427e-005
5.81262e-005
5.80164e-005
5.79132e-005
5.78166e-005
5.77262e-005
5.76422e-005
5.75642e-005
5.74923e-005
5.74264e-005
5.73663e-005
5.73119e-005
5.72632e-005
5.72201e-005
5.71823e-005
5.715e-005
5.7123e-005
5.71012e-005
5.70845e-005
5.70728e-005
5.70661e-005
5.70643e-005
5.70674e-005
5.70752e-005
5.70877e-005
5.71047e-005
5.71264e-005
5.71525e-005
5.7183e-005
5.72179e-005
5.72571e-005
5.73005e-005
5.73481e-005
5.73998e-005
5.74556e-005
5.75154e-005
5.75791e-005
5.76468e-005
5.77183e-005
5.77936e-005
5.78727e-005
5.79554e-005
5.80419e-005
5.81319e-005
5.82256e-005
5.83227e-005
5.84234e-005
5.85275e-005
5.8635e-005
5.87458e-005
5.886e-005
5.89774e-005
5.90981e-005
5.9222e-005
5.93491e-005
5.94793e-005
5.96125e-005
5.97487e-005
5.98879e-005
6.003e-005
6.01749e-005
6.03225e-005
6.04729e-005
6.06254e-005
6.07818e-005
6.09368e-005
6.11036e-005
6.12547e-005
6.14193e-005
6.15828e-005
6.1665e-005
0.00582945
0.00341123
0.00245407
0.00194916
0.00163588
0.00142115
0.00126394
0.00114333
0.00104754
0.000969395
0.000904264
0.00084902
0.000801485
0.000760091
0.000723679
0.000691369
0.000662476
0.00063646
0.000612895
0.000591434
0.000571794
0.000553743
0.000537087
0.000521663
0.000507333
0.000493978
0.000481498
0.000469806
0.000458824
0.000448487
0.000438737
0.000429522
0.000420796
0.000412521
0.000404658
0.000397177
0.000390048
0.000383245
0.000376745
0.000370526
0.00036457
0.000358859
0.000353376
0.000348108
0.000343041
0.000338163
0.000333463
0.00032893
0.000324554
0.000320327
0.000316241
0.000312288
0.000308462
0.000304755
0.000301162
0.000297677
0.000294295
0.000291011
0.000287821
0.00028472
0.000281705
0.000278771
0.000275915
0.000273134
0.000270425
0.000267785
0.000265212
0.000262702
0.000260254
0.000257865
0.000255534
0.000253257
0.000251034
0.000248862
0.00024674
0.000244665
0.000242637
0.000240653
0.000238715
0.000236828
0.00023499
0.000233195
0.000231443
0.000229729
0.000228052
0.00022641
0.000224801
0.000223225
0.000221678
0.000220161
0.000218672
0.000217211
0.000215775
0.000214365
0.00021298
0.000211619
0.000210281
0.000208966
0.000207673
0.000206402
0.000205148
0.000203913
0.000202696
0.000201497
0.000200315
0.00019915
0.000198002
0.000196871
0.000195757
0.000194659
0.000193578
0.000192512
0.000191463
0.000190429
0.00018941
0.000188407
0.000187418
0.000186445
0.000185487
0.000184543
0.000183613
0.000182698
0.000181797
0.00018091
0.000180036
0.000179176
0.00017833
0.000177497
0.000176678
0.000175871
0.000175078
0.000174297
0.00017353
0.000172774
0.000172032
0.000171301
0.000170583
0.000169877
0.000169184
0.000168502
0.000167832
0.000167174
0.000166527
0.000165892
0.000165268
0.000164656
0.000164055
0.000163465
0.000162887
0.000162319
0.000161762
0.000161216
0.000160681
0.000160156
0.000159642
0.000159139
0.000158646
0.000158163
0.00015769
0.000157228
0.000156775
0.000156333
0.000155901
0.000155478
0.000155066
0.000154663
0.00015427
0.000153886
0.000153512
0.000153148
0.000152793
0.000152448
0.000152112
0.000151785
0.000151467
0.000151159
0.00015086
0.00015057
0.000150289
0.000150017
0.000149755
0.000149501
0.000149256
0.000149021
0.000148794
0.000148576
0.000148367
0.000148167
0.000147976
0.000147794
0.00014762
0.000147456
0.0001473
0.000147152
0.000147013
0.000146882
0.000146759
0.000146643
0.000146531
0.000146429
0.00843938
0.00640497
0.00508653
0.00421483
0.00360774
0.00316363
0.00282529
0.00255898
0.00234376
0.00216607
0.00201672
0.00188932
0.00177925
0.00168313
0.00159843
0.00152317
0.00145582
0.00139517
0.00134023
0.00129023
0.00124449
0.00120249
0.00116378
0.00112796
0.00109473
0.00106379
0.00103492
0.0010079
0.000982566
0.000958747
0.00093631
0.000915135
0.000895112
0.000876147
0.000858154
0.000841057
0.000824786
0.000809279
0.000794481
0.000780342
0.000766816
0.000753862
0.000741441
0.000729518
0.000718062
0.000707044
0.000696437
0.000686216
0.000676358
0.000666843
0.000657651
0.000648764
0.000640166
0.000631842
0.000623776
0.000615956
0.00060837
0.000601005
0.000593851
0.000586898
0.000580136
0.000573556
0.00056715
0.00056091
0.000554829
0.0005489
0.000543116
0.000537471
0.00053196
0.000526576
0.000521316
0.000516173
0.000511144
0.000506223
0.000501408
0.000496692
0.000492073
0.000487548
0.000483112
0.000478764
0.0004745
0.00047032
0.000466219
0.000462195
0.000458245
0.000454368
0.00045056
0.000446821
0.000443146
0.000439535
0.000435986
0.000432496
0.000429065
0.000425689
0.000422369
0.000419101
0.000415885
0.00041272
0.000409603
0.000406535
0.000403512
0.000400536
0.000397604
0.000394715
0.000391868
0.000389063
0.000386298
0.000383572
0.000380885
0.000378237
0.000375625
0.00037305
0.000370511
0.000368006
0.000365537
0.000363101
0.000360698
0.000358329
0.000355991
0.000353685
0.00035141
0.000349165
0.000346951
0.000344766
0.000342611
0.000340484
0.000338385
0.000336314
0.000334271
0.000332255
0.000330265
0.000328302
0.000326365
0.000324453
0.000322567
0.000320705
0.000318868
0.000317056
0.000315267
0.000313502
0.000311761
0.000310042
0.000308347
0.000306674
0.000305023
0.000303395
0.000301788
0.000300203
0.000298639
0.000297096
0.000295574
0.000294073
0.000292592
0.000291132
0.000289691
0.00028827
0.000286869
0.000285488
0.000284125
0.000282782
0.000281458
0.000280152
0.000278865
0.000277596
0.000276346
0.000275113
0.000273899
0.000272702
0.000271523
0.000270362
0.000269218
0.000268091
0.000266981
0.000265889
0.000264813
0.000263754
0.000262712
0.000261687
0.000260678
0.000259686
0.00025871
0.00025775
0.000256807
0.00025588
0.000254969
0.000254074
0.000253196
0.000252333
0.000251486
0.000250655
0.00024984
0.00024904
0.000248257
0.000247488
0.000246734
0.000245996
0.000245272
0.000244563
0.000243863
0.000243206
0.00936983
0.00820782
0.00716323
0.00630245
0.00560899
0.00504902
0.00459173
0.00421309
0.00389523
0.00362492
0.00339236
0.0031902
0.00301282
0.00285593
0.00271613
0.00259076
0.00247767
0.0023751
0.00228165
0.00219613
0.00211757
0.00204513
0.00197812
0.00191593
0.00185807
0.00180407
0.00175358
0.00170624
0.00166177
0.0016199
0.00158042
0.00154312
0.00150782
0.00147435
0.00144259
0.00141239
0.00138363
0.00135623
0.00133007
0.00130507
0.00128116
0.00125826
0.00123631
0.00121524
0.00119501
0.00117555
0.00115683
0.00113881
0.00112143
0.00110466
0.00108848
0.00107285
0.00105773
0.00104311
0.00102895
0.00101523
0.00100194
0.000989046
0.000976534
0.000964383
0.000952578
0.000941103
0.000929942
0.000919081
0.000908507
0.000898208
0.000888172
0.000878388
0.000868844
0.000859533
0.000850443
0.000841566
0.000832894
0.000824419
0.000816133
0.000808028
0.000800098
0.000792336
0.000784736
0.000777292
0.000769999
0.000762851
0.000755844
0.000748973
0.000742233
0.00073562
0.00072913
0.000722759
0.000716503
0.000710359
0.000704324
0.000698394
0.000692565
0.000686836
0.000681203
0.000675664
0.000670215
0.000664854
0.00065958
0.000654389
0.00064928
0.000644249
0.000639297
0.000634419
0.000629615
0.000624883
0.000620221
0.000615627
0.000611099
0.000606637
0.000602239
0.000597902
0.000593627
0.000589412
0.000585254
0.000581154
0.00057711
0.000573121
0.000569185
0.000565302
0.000561471
0.00055769
0.000553959
0.000550277
0.000546643
0.000543055
0.000539514
0.000536018
0.000532567
0.000529159
0.000525794
0.000522472
0.000519191
0.000515951
0.000512751
0.000509591
0.00050647
0.000503387
0.000500341
0.000497333
0.000494362
0.000491426
0.000488526
0.000485661
0.000482831
0.000480034
0.000477271
0.000474541
0.000471844
0.000469179
0.000466546
0.000463944
0.000461372
0.000458832
0.000456321
0.000453841
0.000451389
0.000448967
0.000446574
0.000444208
0.000441871
0.000439562
0.00043728
0.000435025
0.000432797
0.000430596
0.00042842
0.000426271
0.000424148
0.00042205
0.000419978
0.000417931
0.000415908
0.00041391
0.000411937
0.000409988
0.000408063
0.000406162
0.000404285
0.000402432
0.000400602
0.000398796
0.000397012
0.000395252
0.000393515
0.000391801
0.00039011
0.000388442
0.000386796
0.000385173
0.000383572
0.000381993
0.000380437
0.000378902
0.000377389
0.000375898
0.000374426
0.000372977
0.000371549
0.000370221
0.00971737
0.00910353
0.00842964
0.00777467
0.00717451
0.00663955
0.00616821
0.00575409
0.00538964
0.0050677
0.00478194
0.00452701
0.00429841
0.00409242
0.00390593
0.00373637
0.00358157
0.00343971
0.00330926
0.00318891
0.00307755
0.00297421
0.00287806
0.00278838
0.00270455
0.00262601
0.00255228
0.00248294
0.0024176
0.00235593
0.00229763
0.00224243
0.00219008
0.00214037
0.00209311
0.00204812
0.00200523
0.0019643
0.00192519
0.0018878
0.001852
0.00181769
0.00178478
0.00175319
0.00172284
0.00169365
0.00166555
0.00163849
0.0016124
0.00158723
0.00156294
0.00153947
0.00151678
0.00149484
0.0014736
0.00145304
0.00143311
0.00141379
0.00139505
0.00137686
0.00135919
0.00134203
0.00132535
0.00130912
0.00129334
0.00127798
0.00126301
0.00124844
0.00123423
0.00122038
0.00120687
0.00119369
0.00118082
0.00116826
0.00115598
0.00114399
0.00113226
0.0011208
0.00110958
0.0010986
0.00108786
0.00107735
0.00106704
0.00105695
0.00104706
0.00103737
0.00102786
0.00101854
0.0010094
0.00100043
0.00099162
0.000982976
0.000974488
0.000966151
0.000957963
0.000949917
0.00094201
0.000934238
0.000926597
0.000919085
0.000911696
0.000904428
0.000897277
0.000890242
0.000883317
0.000876501
0.000869792
0.000863185
0.000856679
0.000850271
0.000843959
0.00083774
0.000831612
0.000825574
0.000819623
0.000813757
0.000807974
0.000802273
0.000796651
0.000791107
0.000785639
0.000780246
0.000774926
0.000769677
0.000764499
0.000759389
0.000754346
0.000749369
0.000744457
0.000739608
0.000734821
0.000730095
0.00072543
0.000720822
0.000716273
0.00071178
0.000707343
0.00070296
0.000698631
0.000694354
0.000690129
0.000685956
0.000681832
0.000677757
0.000673731
0.000669753
0.000665821
0.000661936
0.000658095
0.0006543
0.000650548
0.00064684
0.000643174
0.000639551
0.000635969
0.000632427
0.000628926
0.000625464
0.000622042
0.000618658
0.000615312
0.000612004
0.000608732
0.000605497
0.000602299
0.000599136
0.000596008
0.000592915
0.000589856
0.000586831
0.00058384
0.000580883
0.000577958
0.000575065
0.000572205
0.000569377
0.000566581
0.000563816
0.000561082
0.000558379
0.000555706
0.000553064
0.000550453
0.000547871
0.000545319
0.000542796
0.000540303
0.000537839
0.000535405
0.000532999
0.000530622
0.000528274
0.000525954
0.000523662
0.000521398
0.000519162
0.000516952
0.000514771
0.000512627
0.000510664
0.00986196
0.00953578
0.00913012
0.0086859
0.00823442
0.00779545
0.00737962
0.00699177
0.00663319
0.00630313
0.00599988
0.00572132
0.00546527
0.00522958
0.00501226
0.00481152
0.00462571
0.00445337
0.00429321
0.00414407
0.00400493
0.00387487
0.00375308
0.00363882
0.00353146
0.00343042
0.00333516
0.00324524
0.00316023
0.00307974
0.00300344
0.00293101
0.00286218
0.00279669
0.0027343
0.0026748
0.00261801
0.00256373
0.00251182
0.00246211
0.00241447
0.00236879
0.00232493
0.0022828
0.00224228
0.0022033
0.00216576
0.00212959
0.00209471
0.00206105
0.00202855
0.00199715
0.00196679
0.00193742
0.001909
0.00188147
0.0018548
0.00182895
0.00180387
0.00177953
0.0017559
0.00173295
0.00171064
0.00168895
0.00166786
0.00164733
0.00162735
0.00160789
0.00158893
0.00157046
0.00155244
0.00153487
0.00151773
0.001501
0.00148466
0.00146871
0.00145312
0.00143789
0.001423
0.00140844
0.00139419
0.00138025
0.00136661
0.00135325
0.00134017
0.00132736
0.00131481
0.00130251
0.00129045
0.00127862
0.00126702
0.00125565
0.00124448
0.00123353
0.00122277
0.00121222
0.00120185
0.00119166
0.00118166
0.00117183
0.00116217
0.00115267
0.00114333
0.00113415
0.00112512
0.00111624
0.0011075
0.0010989
0.00109044
0.00108212
0.00107392
0.00106585
0.0010579
0.00105007
0.00104236
0.00103477
0.00102729
0.00101991
0.00101265
0.00100549
0.000998426
0.000991467
0.000984605
0.000977839
0.000971167
0.000964586
0.000958095
0.000951692
0.000945374
0.000939141
0.00093299
0.00092692
0.000920929
0.000915015
0.000909178
0.000903415
0.000897725
0.000892107
0.000886559
0.000881081
0.00087567
0.000870326
0.000865047
0.000859832
0.00085468
0.00084959
0.000844561
0.000839592
0.000834681
0.000829828
0.000825032
0.000820292
0.000815607
0.000810975
0.000806397
0.000801871
0.000797396
0.000792973
0.000788599
0.000784274
0.000779997
0.000775769
0.000771587
0.000767451
0.000763361
0.000759316
0.000755316
0.000751359
0.000747446
0.000743575
0.000739746
0.000735959
0.000732213
0.000728508
0.000724842
0.000721217
0.00071763
0.000714083
0.000710574
0.000707103
0.000703669
0.000700273
0.000696915
0.000693592
0.000690307
0.000687057
0.000683844
0.000680666
0.000677523
0.000674416
0.000671343
0.000668305
0.000665302
0.000662333
0.000659397
0.000656496
0.000653627
0.000650794
0.000648015
0.000645512
0.00992702
0.00974609
0.00950202
0.00921048
0.00888878
0.00855209
0.00821205
0.00787689
0.00755197
0.0072406
0.00694457
0.00666466
0.0064009
0.00615292
0.00592008
0.0057016
0.00549662
0.00530426
0.00512364
0.00495395
0.00479438
0.00464418
0.00450267
0.0043692
0.00424318
0.00412405
0.00401133
0.00390454
0.00380326
0.00370711
0.00361573
0.00352879
0.003446
0.00336707
0.00329176
0.00321983
0.00315107
0.00308528
0.00302227
0.00296188
0.00290395
0.00284834
0.00279492
0.00274356
0.00269414
0.00264657
0.00260073
0.00255654
0.0025139
0.00247275
0.002433
0.00239458
0.00235744
0.00232149
0.0022867
0.002253
0.00222035
0.00218869
0.00215797
0.00212817
0.00209923
0.00207113
0.00204381
0.00201726
0.00199144
0.00196631
0.00194185
0.00191804
0.00189485
0.00187224
0.00185021
0.00182873
0.00180778
0.00178733
0.00176737
0.00174789
0.00172885
0.00171026
0.00169209
0.00167433
0.00165696
0.00163997
0.00162335
0.00160708
0.00159116
0.00157557
0.0015603
0.00154534
0.00153068
0.00151632
0.00150224
0.00148843
0.00147489
0.0014616
0.00144857
0.00143578
0.00142323
0.0014109
0.0013988
0.00138692
0.00137524
0.00136377
0.0013525
0.00134142
0.00133053
0.00131983
0.0013093
0.00129895
0.00128876
0.00127874
0.00126889
0.00125918
0.00124964
0.00124024
0.00123098
0.00122187
0.0012129
0.00120406
0.00119536
0.00118678
0.00117833
0.00117001
0.0011618
0.00115371
0.00114574
0.00113788
0.00113013
0.00112248
0.00111495
0.00110751
0.00110018
0.00109295
0.00108581
0.00107877
0.00107182
0.00106496
0.00105819
0.00105151
0.00104491
0.0010384
0.00103197
0.00102562
0.00101935
0.00101316
0.00100705
0.00100101
0.000995039
0.000989145
0.000983322
0.000977569
0.000971884
0.000966267
0.000960715
0.000955229
0.000949806
0.000944446
0.000939148
0.000933911
0.000928733
0.000923615
0.000918554
0.00091355
0.000908602
0.000903709
0.000898871
0.000894086
0.000889354
0.000884674
0.000880045
0.000875467
0.000870938
0.000866459
0.000862028
0.000857645
0.00085331
0.000849021
0.000844778
0.000840581
0.000836428
0.000832321
0.000828257
0.000824237
0.00082026
0.000816326
0.000812435
0.000808585
0.000804777
0.00080101
0.000797285
0.0007936
0.000789955
0.00078635
0.000782785
0.00077926
0.000775774
0.000772327
0.000768919
0.000765553
0.000762259
0.000759325
0.00995688
0.0098467
0.00968973
0.00948998
0.00925523
0.00899466
0.0087173
0.00843105
0.00814237
0.0078562
0.00757616
0.00730475
0.00704363
0.00679376
0.0065556
0.00632924
0.00611452
0.0059111
0.00571854
0.00553633
0.00536393
0.00520078
0.00504633
0.00490004
0.0047614
0.00462992
0.00450513
0.0043866
0.00427393
0.00416674
0.00406467
0.00396739
0.00387461
0.00378603
0.0037014
0.00362048
0.00354304
0.00346887
0.00339778
0.00332959
0.00326413
0.00320125
0.00314081
0.00308266
0.00302669
0.00297277
0.00292081
0.00287069
0.00282232
0.00277562
0.0027305
0.00268688
0.00264469
0.00260386
0.00256434
0.00252604
0.00248893
0.00245295
0.00241804
0.00238416
0.00235127
0.00231932
0.00228827
0.00225808
0.00222873
0.00220016
0.00217236
0.0021453
0.00211893
0.00209325
0.00206821
0.0020438
0.00201999
0.00199676
0.00197409
0.00195196
0.00193035
0.00190924
0.00188861
0.00186845
0.00184874
0.00182947
0.00181062
0.00179217
0.00177412
0.00175645
0.00173914
0.0017222
0.00170559
0.00168933
0.00167339
0.00165776
0.00164244
0.00162741
0.00161267
0.00159821
0.00158403
0.0015701
0.00155643
0.00154301
0.00152983
0.00151688
0.00150417
0.00149167
0.00147939
0.00146732
0.00145546
0.0014438
0.00143233
0.00142105
0.00140995
0.00139904
0.0013883
0.00137773
0.00136732
0.00135708
0.001347
0.00133708
0.0013273
0.00131768
0.00130819
0.00129885
0.00128965
0.00128058
0.00127164
0.00126283
0.00125415
0.00124559
0.00123715
0.00122883
0.00122062
0.00121253
0.00120454
0.00119667
0.0011889
0.00118123
0.00117367
0.0011662
0.00115884
0.00115156
0.00114439
0.0011373
0.0011303
0.0011234
0.00111657
0.00110984
0.00110319
0.00109661
0.00109012
0.00108371
0.00107738
0.00107112
0.00106494
0.00105883
0.00105279
0.00104682
0.00104092
0.00103509
0.00102933
0.00102364
0.00101801
0.00101244
0.00100694
0.00100149
0.000996113
0.000990792
0.000985531
0.000980327
0.000975181
0.000970092
0.000965058
0.000960079
0.000955154
0.000950283
0.000945464
0.000940698
0.000935982
0.000931317
0.000926703
0.000922138
0.000917621
0.000913153
0.000908733
0.00090436
0.000900034
0.000895754
0.000891521
0.000887333
0.00088319
0.000879091
0.000875038
0.000871028
0.000867062
0.00086314
0.000859261
0.000855425
0.000851632
0.000847887
0.000844228
0.000840989
0.00996873
0.00988739
0.00976779
0.00960979
0.00941692
0.00919508
0.00895132
0.0086927
0.00842563
0.00815554
0.00788676
0.00762256
0.00736533
0.0071167
0.00687769
0.00664888
0.00643049
0.00622251
0.00602476
0.0058369
0.00565856
0.00548929
0.00532864
0.00517613
0.00503131
0.00489373
0.00476294
0.00463855
0.00452015
0.00440737
0.00429987
0.00419733
0.00409945
0.00400593
0.00391652
0.00383096
0.00374905
0.00367055
0.00359527
0.00352303
0.00345366
0.00338699
0.00332288
0.00326119
0.0032018
0.00314456
0.00308939
0.00303616
0.00298479
0.00293517
0.00288722
0.00284087
0.00279602
0.00275262
0.0027106
0.00266988
0.00263042
0.00259215
0.00255502
0.00251899
0.002484
0.00245001
0.00241698
0.00238487
0.00235364
0.00232326
0.00229368
0.00226489
0.00223684
0.00220952
0.00218288
0.00215692
0.00213159
0.00210689
0.00208277
0.00205924
0.00203625
0.0020138
0.00199187
0.00197043
0.00194947
0.00192898
0.00190894
0.00188933
0.00187014
0.00185136
0.00183297
0.00181496
0.00179732
0.00178004
0.00176311
0.00174651
0.00173024
0.00171428
0.00169864
0.00168328
0.00166822
0.00165344
0.00163894
0.0016247
0.00161071
0.00159698
0.00158349
0.00157024
0.00155722
0.00154442
0.00153185
0.00151949
0.00150733
0.00149538
0.00148362
0.00147206
0.00146068
0.00144949
0.00143847
0.00142763
0.00141696
0.00140646
0.00139611
0.00138592
0.00137589
0.00136601
0.00135628
0.00134669
0.00133724
0.00132792
0.00131875
0.0013097
0.00130078
0.00129199
0.00128332
0.00127477
0.00126633
0.00125802
0.00124981
0.00124172
0.00123373
0.00122586
0.00121808
0.00121041
0.00120283
0.00119536
0.00118798
0.00118069
0.0011735
0.00116639
0.00115938
0.00115245
0.00114561
0.00113885
0.00113218
0.00112558
0.00111906
0.00111263
0.00110626
0.00109998
0.00109377
0.00108763
0.00108156
0.00107556
0.00106963
0.00106377
0.00105797
0.00105224
0.00104658
0.00104098
0.00103544
0.00102996
0.00102455
0.00101919
0.00101389
0.00100865
0.00100347
0.000998344
0.000993273
0.000988258
0.000983296
0.000978388
0.000973532
0.000968729
0.000963977
0.000959276
0.000954625
0.000950024
0.000945472
0.000940969
0.000936514
0.000932107
0.000927747
0.000923434
0.000919168
0.000914949
0.000910775
0.000906647
0.000902564
0.000898527
0.000894535
0.000890594
0.000886747
0.000883343
0.00996872
0.00988712
0.00976698
0.00960816
0.00941423
0.00919124
0.00894632
0.00868663
0.00841864
0.00814782
0.00787848
0.00761392
0.00735648
0.00710777
0.00686879
0.0066401
0.0064219
0.00621416
0.00601667
0.00582911
0.00565107
0.00548212
0.00532178
0.00516958
0.00502507
0.00488777
0.00475727
0.00463315
0.00451501
0.00440248
0.00429522
0.0041929
0.00409522
0.0040019
0.00391268
0.0038273
0.00374555
0.00366721
0.00359208
0.00351998
0.00345074
0.0033842
0.0033202
0.00325862
0.00319933
0.00314219
0.00308711
0.00303397
0.00298267
0.00293313
0.00288525
0.00283897
0.00279419
0.00275084
0.00270887
0.00266821
0.0026288
0.00259058
0.0025535
0.0025175
0.00248255
0.0024486
0.00241561
0.00238353
0.00235233
0.00232198
0.00229243
0.00226366
0.00223564
0.00220834
0.00218173
0.00215578
0.00213048
0.00210579
0.00208169
0.00205817
0.0020352
0.00201277
0.00199085
0.00196942
0.00194848
0.001928
0.00190796
0.00188836
0.00186919
0.00185041
0.00183203
0.00181403
0.0017964
0.00177913
0.0017622
0.00174561
0.00172934
0.00171339
0.00169775
0.0016824
0.00166735
0.00165257
0.00163807
0.00162383
0.00160985
0.00159613
0.00158264
0.00156939
0.00155638
0.00154359
0.00153101
0.00151865
0.0015065
0.00149455
0.0014828
0.00147124
0.00145987
0.00144868
0.00143766
0.00142683
0.00141616
0.00140566
0.00139531
0.00138513
0.0013751
0.00136522
0.00135549
0.00134591
0.00133646
0.00132715
0.00131798
0.00130893
0.00130002
0.00129123
0.00128256
0.00127402
0.00126559
0.00125727
0.00124907
0.00124099
0.001233
0.00122513
0.00121736
0.00120969
0.00120212
0.00119465
0.00118727
0.00117999
0.0011728
0.0011657
0.00115869
0.00115177
0.00114493
0.00113818
0.00113151
0.00112492
0.00111841
0.00111197
0.00110562
0.00109933
0.00109313
0.00108699
0.00108093
0.00107493
0.00106901
0.00106315
0.00105736
0.00105164
0.00104598
0.00104038
0.00103485
0.00102938
0.00102396
0.00101861
0.00101332
0.00100808
0.00100291
0.000997784
0.000992718
0.000987707
0.00098275
0.000977846
0.000972995
0.000968196
0.000963449
0.000958752
0.000954106
0.000949509
0.000944962
0.000940463
0.000936012
0.00093161
0.000927255
0.000922946
0.000918685
0.00091447
0.0009103
0.000906177
0.000902099
0.000898066
0.000894079
0.000890143
0.000886299
0.000882881
0.00995685
0.00984582
0.00968704
0.00948459
0.00924652
0.00898241
0.00870162
0.00841232
0.0081211
0.00783296
0.00755153
0.00727926
0.00701771
0.00676777
0.00652982
0.0063039
0.00608977
0.00588707
0.00569532
0.00551398
0.00534247
0.00518022
0.00502667
0.00488128
0.00474351
0.00461287
0.00448889
0.00437115
0.00425922
0.00415273
0.00405133
0.00395469
0.00386251
0.0037745
0.00369041
0.00360999
0.00353303
0.00345931
0.00338864
0.00332084
0.00325576
0.00319323
0.00313311
0.00307528
0.00301959
0.00296595
0.00291424
0.00286437
0.00281623
0.00276974
0.00272482
0.0026814
0.00263939
0.00259873
0.00255936
0.00252122
0.00248425
0.0024484
0.00241362
0.00237986
0.00234708
0.00231523
0.00228428
0.00225419
0.00222492
0.00219644
0.00216872
0.00214173
0.00211543
0.00208981
0.00206484
0.00204049
0.00201674
0.00199356
0.00197094
0.00194886
0.00192729
0.00190622
0.00188563
0.0018655
0.00184583
0.00182659
0.00180776
0.00178935
0.00177132
0.00175367
0.00173639
0.00171947
0.00170289
0.00168664
0.00167072
0.00165511
0.00163981
0.0016248
0.00161007
0.00159563
0.00158145
0.00156754
0.00155389
0.00154048
0.00152731
0.00151438
0.00150167
0.00148919
0.00147692
0.00146486
0.00145301
0.00144136
0.0014299
0.00141863
0.00140754
0.00139664
0.0013859
0.00137535
0.00136495
0.00135472
0.00134465
0.00133474
0.00132497
0.00131536
0.00130589
0.00129656
0.00128736
0.00127831
0.00126938
0.00126058
0.00125191
0.00124336
0.00123494
0.00122663
0.00121843
0.00121035
0.00120238
0.00119452
0.00118676
0.00117911
0.00117156
0.00116411
0.00115675
0.0011495
0.00114233
0.00113526
0.00112828
0.00112139
0.00111458
0.00110786
0.00110122
0.00109466
0.00108819
0.00108179
0.00107547
0.00106923
0.00106306
0.00105697
0.00105094
0.00104499
0.00103911
0.00103329
0.00102755
0.00102187
0.00101625
0.0010107
0.00100521
0.000999785
0.000994419
0.000989114
0.000983867
0.000978679
0.000973548
0.000968473
0.000963454
0.00095849
0.00095358
0.000948723
0.000943919
0.000939167
0.000934466
0.000929816
0.000925215
0.000920664
0.000916162
0.000911708
0.000907302
0.000902944
0.000898632
0.000894366
0.000890146
0.000885972
0.000881843
0.000877759
0.000873719
0.000869723
0.000865771
0.000861863
0.000857999
0.000854177
0.000850399
0.000846668
0.00084302
0.000839744
0.00992703
0.00974435
0.00949658
0.00919978
0.00887208
0.00852941
0.00818399
0.00784434
0.00751598
0.00720217
0.00690457
0.00662382
0.00635984
0.00611212
0.00587992
0.00566237
0.00545852
0.00526744
0.00508821
0.00491994
0.00476182
0.00461308
0.004473
0.00434093
0.00421626
0.00409843
0.00398695
0.00388136
0.00378121
0.00368614
0.00359577
0.00350979
0.00342791
0.00334983
0.00327533
0.00320415
0.0031361
0.00307098
0.0030086
0.0029488
0.00289143
0.00283634
0.00278341
0.00273251
0.00268353
0.00263635
0.0025909
0.00254706
0.00250477
0.00246394
0.00242449
0.00238635
0.00234947
0.00231378
0.00227922
0.00224574
0.00221329
0.00218183
0.0021513
0.00212167
0.00209289
0.00206494
0.00203777
0.00201136
0.00198566
0.00196066
0.00193632
0.00191262
0.00188952
0.00186702
0.00184508
0.00182368
0.00180281
0.00178243
0.00176255
0.00174313
0.00172416
0.00170562
0.00168751
0.0016698
0.00165248
0.00163553
0.00161895
0.00160273
0.00158684
0.00157129
0.00155605
0.00154113
0.0015265
0.00151217
0.00149811
0.00148433
0.00147082
0.00145756
0.00144455
0.00143178
0.00141925
0.00140695
0.00139487
0.001383
0.00137135
0.00135989
0.00134864
0.00133758
0.00132671
0.00131603
0.00130552
0.00129518
0.00128502
0.00127502
0.00126518
0.00125549
0.00124597
0.00123659
0.00122735
0.00121826
0.00120931
0.00120049
0.00119181
0.00118325
0.00117482
0.00116652
0.00115833
0.00115026
0.00114231
0.00113448
0.00112675
0.00111913
0.00111161
0.0011042
0.00109689
0.00108968
0.00108257
0.00107555
0.00106863
0.0010618
0.00105505
0.0010484
0.00104183
0.00103534
0.00102894
0.00102262
0.00101637
0.00101021
0.00100412
0.000998108
0.000992169
0.000986302
0.000980506
0.00097478
0.000969123
0.000963533
0.000958009
0.000952549
0.000947154
0.000941822
0.000936551
0.000931341
0.000926191
0.0009211
0.000916066
0.000911089
0.000906168
0.000901303
0.000896491
0.000891733
0.000887028
0.000882374
0.000877772
0.00087322
0.000868717
0.000864264
0.000859859
0.000855502
0.000851192
0.000846928
0.000842711
0.000838539
0.000834411
0.000830329
0.00082629
0.000822294
0.000818342
0.000814432
0.000810565
0.00080674
0.000802956
0.000799213
0.000795511
0.00079185
0.000788229
0.000784648
0.000781107
0.000777605
0.000774143
0.00077072
0.000767337
0.000763995
0.00076072
0.000757735
0.00986229
0.00953278
0.00912022
0.00866716
0.00820667
0.00775969
0.00733748
0.00694491
0.00658308
0.00625104
0.00594685
0.0056682
0.00541269
0.00517802
0.00496209
0.00476297
0.00457895
0.00440851
0.00425028
0.00410309
0.00396587
0.00383769
0.00371773
0.00360523
0.00349956
0.00340012
0.0033064
0.00321793
0.00313428
0.00305509
0.00298
0.00290872
0.00284097
0.00277649
0.00271505
0.00265645
0.00260049
0.002547
0.00249583
0.00244681
0.00239983
0.00235475
0.00231147
0.00226987
0.00222986
0.00219134
0.00215425
0.00211849
0.002084
0.00205071
0.00201855
0.00198747
0.00195742
0.00192834
0.00190019
0.00187291
0.00184648
0.00182085
0.00179598
0.00177183
0.00174839
0.00172561
0.00170347
0.00168194
0.00166099
0.0016406
0.00162075
0.00160141
0.00158257
0.0015642
0.00154629
0.00152882
0.00151177
0.00149512
0.00147886
0.00146298
0.00144746
0.0014323
0.00141747
0.00140296
0.00138877
0.00137488
0.00136129
0.00134798
0.00133494
0.00132217
0.00130966
0.00129739
0.00128537
0.00127358
0.00126201
0.00125067
0.00123953
0.00122861
0.00121788
0.00120736
0.00119702
0.00118686
0.00117688
0.00116708
0.00115744
0.00114798
0.00113867
0.00112951
0.00112051
0.00111166
0.00110295
0.00109438
0.00108595
0.00107765
0.00106948
0.00106144
0.00105352
0.00104573
0.00103805
0.00103048
0.00102303
0.00101569
0.00100846
0.00100133
0.000994308
0.000987384
0.000980557
0.000973827
0.000967191
0.000960646
0.000954192
0.000947826
0.000941546
0.00093535
0.000929237
0.000923206
0.000917254
0.000911379
0.000905581
0.000899858
0.000894208
0.000888631
0.000883123
0.000877685
0.000872315
0.000867012
0.000861774
0.0008566
0.00085149
0.000846441
0.000841454
0.000836526
0.000831656
0.000826845
0.00082209
0.000817391
0.000812747
0.000808156
0.000803619
0.000799134
0.0007947
0.000790317
0.000785984
0.000781699
0.000777463
0.000773274
0.000769132
0.000765036
0.000760986
0.00075698
0.000753018
0.0007491
0.000745225
0.000741393
0.000737602
0.000733853
0.000730144
0.000726476
0.000722847
0.000719258
0.000715708
0.000712197
0.000708724
0.000705288
0.00070189
0.000698529
0.000695205
0.000691917
0.000688666
0.00068545
0.000682271
0.000679126
0.000676017
0.000672943
0.000669903
0.000666898
0.000663928
0.000660991
0.000658088
0.00065522
0.000652384
0.000649584
0.000646832
0.000644279
0.0097192
0.00909884
0.00841252
0.00774419
0.00713272
0.00658939
0.00611236
0.00569477
0.00532862
0.00500628
0.00472109
0.00446741
0.00424053
0.00403657
0.00385232
0.00368509
0.00353266
0.00339318
0.00326506
0.00314698
0.0030378
0.00293656
0.00284241
0.00275463
0.0026726
0.00259576
0.00252363
0.00245579
0.00239186
0.00233152
0.00227445
0.00222041
0.00216916
0.00212047
0.00207416
0.00203006
0.001988
0.00194786
0.00190949
0.00187278
0.00183762
0.00180391
0.00177156
0.0017405
0.00171063
0.0016819
0.00165423
0.00162757
0.00160186
0.00157705
0.00155309
0.00152993
0.00150754
0.00148588
0.0014649
0.00144457
0.00142487
0.00140577
0.00138723
0.00136922
0.00135174
0.00133474
0.00131822
0.00130214
0.0012865
0.00127126
0.00125643
0.00124197
0.00122787
0.00121412
0.00120071
0.00118762
0.00117483
0.00116235
0.00115015
0.00113822
0.00112656
0.00111516
0.001104
0.00109308
0.00108239
0.00107192
0.00106167
0.00105162
0.00104178
0.00103212
0.00102266
0.00101338
0.00100427
0.000995339
0.000986571
0.000977963
0.000969512
0.000961212
0.00095306
0.000945051
0.00093718
0.000929445
0.000921842
0.000914366
0.000907015
0.000899786
0.000892674
0.000885677
0.000878792
0.000872017
0.000865348
0.000858783
0.000852319
0.000845954
0.000839685
0.00083351
0.000827428
0.000821435
0.00081553
0.000809711
0.000803976
0.000798322
0.000792749
0.000787254
0.000781836
0.000776493
0.000771223
0.000766026
0.000760898
0.00075584
0.00075085
0.000745926
0.000741066
0.000736271
0.000731538
0.000726866
0.000722254
0.000717701
0.000713206
0.000708768
0.000704385
0.000700057
0.000695783
0.000691562
0.000687392
0.000683273
0.000679205
0.000675185
0.000671214
0.00066729
0.000663414
0.000659583
0.000655797
0.000652056
0.000648359
0.000644704
0.000641093
0.000637523
0.000633994
0.000630505
0.000627057
0.000623648
0.000620278
0.000616946
0.000613651
0.000610394
0.000607173
0.000603989
0.000600841
0.000597727
0.000594649
0.000591605
0.000588595
0.000585618
0.000582675
0.000579764
0.000576886
0.00057404
0.000571226
0.000568443
0.000565692
0.000562972
0.000560282
0.000557623
0.000554993
0.000552394
0.000549825
0.000547285
0.000544774
0.000542293
0.000539841
0.000537417
0.000535022
0.000532656
0.000530319
0.000528009
0.000525728
0.000523475
0.000521249
0.000519051
0.000516879
0.000514736
0.000512624
0.000510625
0.0093783
0.00820169
0.0071356
0.00625789
0.00555355
0.00498756
0.0045276
0.00414849
0.00383154
0.00356302
0.00333276
0.0031332
0.00295857
0.00280445
0.00266741
0.00254473
0.00243422
0.00233414
0.00224305
0.00215977
0.00208331
0.00201285
0.0019477
0.00188725
0.00183102
0.00177855
0.00172948
0.00168347
0.00164024
0.00159953
0.00156113
0.00152483
0.00149047
0.00145788
0.00142693
0.00139748
0.00136944
0.00134269
0.00131715
0.00129273
0.00126936
0.00124696
0.00122548
0.00120485
0.00118503
0.00116595
0.00114759
0.0011299
0.00111283
0.00109636
0.00108045
0.00106508
0.0010502
0.0010358
0.00102186
0.00100834
0.000995238
0.00098252
0.000970172
0.000958177
0.000946518
0.00093518
0.000924149
0.000913411
0.000902953
0.000892763
0.00088283
0.000873143
0.000863692
0.000854467
0.000845459
0.000836659
0.000828059
0.000819652
0.00081143
0.000803386
0.000795514
0.000787807
0.000780261
0.00077287
0.000765627
0.000758529
0.00075157
0.000744746
0.000738053
0.000731486
0.000725042
0.000718716
0.000712506
0.000706407
0.000700417
0.000694532
0.00068875
0.000683067
0.00067748
0.000671987
0.000666586
0.000661274
0.000656048
0.000650907
0.000645847
0.000640868
0.000635966
0.000631141
0.00062639
0.000621711
0.000617103
0.000612564
0.000608093
0.000603687
0.000599345
0.000595067
0.00059085
0.000586693
0.000582595
0.000578555
0.000574571
0.000570643
0.000566768
0.000562947
0.000559177
0.000555459
0.00055179
0.000548171
0.000544599
0.000541075
0.000537597
0.000534164
0.000530776
0.000527432
0.000524131
0.000520872
0.000517655
0.000514478
0.000511342
0.000508245
0.000505187
0.000502168
0.000499185
0.00049624
0.000493332
0.000490459
0.000487621
0.000484818
0.00048205
0.000479315
0.000476614
0.000473945
0.000471308
0.000468703
0.00046613
0.000463587
0.000461076
0.000458594
0.000456142
0.000453719
0.000451325
0.00044896
0.000446623
0.000444313
0.000442032
0.000439777
0.00043755
0.000435349
0.000433174
0.000431025
0.000428903
0.000426805
0.000424733
0.000422685
0.000420663
0.000418665
0.000416691
0.000414741
0.000412815
0.000410913
0.000409034
0.000407178
0.000405346
0.000403537
0.00040175
0.000399987
0.000398246
0.000396527
0.000394832
0.000393158
0.000391507
0.000389877
0.00038827
0.000386685
0.000385122
0.00038358
0.000382061
0.000380562
0.000379085
0.000377629
0.000376193
0.000374778
0.000373381
0.000372034
0.00847703
0.00639984
0.00504872
0.00416141
0.00354857
0.00310362
0.00276679
0.00250305
0.00229085
0.0021163
0.00197006
0.00184566
0.00173845
0.00164504
0.00156286
0.00148995
0.00142478
0.00136616
0.00131311
0.00126486
0.00122075
0.00118026
0.00114294
0.00110842
0.00107639
0.00104657
0.00101873
0.000992681
0.000968236
0.000945247
0.000923581
0.000903122
0.000883765
0.000865419
0.000848002
0.00083144
0.000815668
0.000800627
0.000786263
0.000772529
0.00075938
0.000746777
0.000734684
0.000723068
0.000711899
0.000701149
0.000690793
0.000680807
0.000671171
0.000661863
0.000652867
0.000644164
0.000635739
0.000627577
0.000619666
0.000611991
0.000604542
0.000597307
0.000590276
0.000583439
0.000576788
0.000570314
0.000564008
0.000557864
0.000551875
0.000546033
0.000540333
0.000534769
0.000529335
0.000524026
0.000518836
0.000513761
0.000508796
0.000503938
0.000499183
0.000494528
0.000489971
0.000485506
0.000481132
0.000476845
0.000472642
0.000468521
0.000464478
0.000460511
0.000456618
0.000452796
0.000449043
0.000445357
0.000441736
0.000438178
0.000434681
0.000431243
0.000427863
0.00042454
0.000421271
0.000418055
0.000414891
0.000411777
0.000408713
0.000405697
0.000402727
0.000399804
0.000396924
0.000394089
0.000391296
0.000388545
0.000385835
0.000383164
0.000380533
0.00037794
0.000375384
0.000372865
0.000370382
0.000367934
0.000365522
0.000363143
0.000360797
0.000358484
0.000356204
0.000353955
0.000351737
0.000349549
0.000347392
0.000345264
0.000343166
0.000341096
0.000339054
0.00033704
0.000335053
0.000333093
0.000331159
0.000329252
0.00032737
0.000325514
0.000323683
0.000321876
0.000320094
0.000318336
0.000316601
0.00031489
0.000313202
0.000311537
0.000309894
0.000308273
0.000306674
0.000305097
0.000303541
0.000302007
0.000300493
0.000299
0.000297527
0.000296074
0.000294641
0.000293228
0.000291835
0.000290461
0.000289105
0.000287769
0.000286451
0.000285152
0.000283871
0.000282608
0.000281364
0.000280136
0.000278927
0.000277735
0.00027656
0.000275402
0.000274261
0.000273138
0.00027203
0.00027094
0.000269866
0.000268808
0.000267766
0.000266741
0.000265732
0.000264738
0.000263761
0.000262799
0.000261853
0.000260922
0.000260008
0.000259108
0.000258224
0.000257356
0.000256503
0.000255665
0.000254843
0.000254036
0.000253243
0.000252466
0.000251704
0.000250957
0.000250224
0.000249506
0.000248801
0.000248111
0.00024743
0.00024676
0.0059713
0.00341112
0.0024198
0.00190795
0.00159504
0.00138279
0.00122853
0.00111083
0.00101773
0.000942026
0.000879101
0.000825862
0.000780154
0.000740423
0.000705524
0.000674589
0.00064695
0.000622084
0.000599573
0.000579083
0.00056034
0.000543117
0.000527228
0.000512514
0.000498842
0.000486099
0.000474188
0.000463024
0.000452535
0.000442658
0.000433336
0.000424521
0.00041617
0.000408245
0.00040071
0.000393537
0.000386697
0.000380165
0.000373921
0.000367943
0.000362213
0.000356716
0.000351435
0.000346357
0.000341471
0.000336764
0.000332226
0.000327848
0.00032362
0.000319534
0.000315582
0.000311758
0.000308055
0.000304467
0.000300988
0.000297613
0.000294338
0.000291156
0.000288065
0.000285061
0.000282139
0.000279296
0.000276529
0.000273836
0.000271212
0.000268655
0.000266163
0.000263733
0.000261364
0.000259052
0.000256795
0.000254592
0.00025244
0.000250342
0.000248302
0.000246315
0.000244376
0.000242482
0.00024063
0.000238818
0.000237044
0.000235306
0.000233603
0.000231933
0.000230295
0.000228687
0.000227109
0.00022556
0.000224038
0.000222543
0.000221074
0.00021963
0.000218211
0.000216816
0.000215443
0.000214094
0.000212767
0.000211461
0.000210176
0.000208912
0.000207668
0.000206445
0.00020524
0.000204055
0.000202888
0.00020174
0.000200609
0.000199497
0.000198401
0.000197323
0.000196262
0.000195217
0.000194189
0.000193177
0.00019218
0.000191199
0.000190234
0.000189284
0.000188348
0.000187428
0.000186522
0.00018563
0.000184753
0.00018389
0.00018304
0.000182205
0.000181383
0.000180574
0.000179778
0.000178996
0.000178227
0.00017747
0.000176726
0.000175995
0.000175275
0.000174569
0.000173874
0.000173192
0.000172521
0.000171862
0.000171215
0.000170579
0.000169955
0.000169342
0.00016874
0.00016815
0.00016757
0.000167002
0.000166444
0.000165896
0.00016536
0.000164834
0.000164318
0.000163812
0.000163317
0.000162832
0.000162357
0.000161892
0.000161437
0.000160991
0.000160555
0.000160129
0.000159712
0.000159305
0.000158907
0.000158518
0.000158139
0.000157769
0.000157408
0.000157056
0.000156712
0.000156378
0.000156053
0.000155736
0.000155429
0.00015513
0.000154839
0.000154558
0.000154285
0.00015402
0.000153764
0.000153517
0.000153278
0.000153047
0.000152825
0.000152612
0.000152407
0.00015221
0.000152021
0.000151841
0.000151669
0.000151506
0.000151351
0.000151203
0.000151064
0.000150933
0.000150808
0.000150691
0.000150576
0.000150455
0.00156617
0.000770997
0.000561767
0.000459784
0.000397284
0.000354082
0.000321933
0.000296794
0.000276424
0.000259473
0.000245073
0.000232638
0.000221755
0.000212123
0.00020352
0.000195775
0.000188755
0.000182354
0.000176488
0.000171087
0.000166095
0.000161465
0.000157156
0.000153135
0.000149373
0.000145845
0.000142529
0.000139408
0.000136463
0.000133682
0.00013105
0.000128557
0.000126193
0.000123948
0.000121814
0.000119785
0.000117852
0.000116011
0.000114255
0.00011258
0.000110982
0.000109455
0.000107995
0.000106601
0.00010527
0.000103998
0.000102781
0.000101618
0.000100506
9.94419e-005
9.84241e-005
9.74505e-005
9.65189e-005
9.5628e-005
9.47762e-005
9.39618e-005
9.31835e-005
9.24399e-005
9.173e-005
9.10526e-005
9.04064e-005
8.97906e-005
8.9204e-005
8.86458e-005
8.81151e-005
8.76111e-005
8.7133e-005
8.668e-005
8.62515e-005
8.58467e-005
8.54648e-005
8.51048e-005
8.47653e-005
8.4144e-005
8.31681e-005
8.22355e-005
8.13431e-005
8.04878e-005
7.9667e-005
7.88784e-005
7.81201e-005
7.73902e-005
7.66872e-005
7.60097e-005
7.53565e-005
7.47263e-005
7.41182e-005
7.35312e-005
7.29642e-005
7.24166e-005
7.18875e-005
7.13763e-005
7.08821e-005
7.04045e-005
6.99428e-005
6.94965e-005
6.90651e-005
6.8648e-005
6.82449e-005
6.78552e-005
6.74787e-005
6.71148e-005
6.67633e-005
6.64237e-005
6.60958e-005
6.57792e-005
6.54736e-005
6.51788e-005
6.48944e-005
6.46203e-005
6.43561e-005
6.41015e-005
6.38565e-005
6.36207e-005
6.33939e-005
6.3176e-005
6.29667e-005
6.27658e-005
6.25732e-005
6.23887e-005
6.22121e-005
6.20432e-005
6.18819e-005
6.1728e-005
6.15814e-005
6.1442e-005
6.13095e-005
6.11839e-005
6.1065e-005
6.09527e-005
6.08469e-005
6.07474e-005
6.06542e-005
6.0567e-005
6.0486e-005
6.04108e-005
6.03415e-005
6.02778e-005
6.02198e-005
6.01674e-005
6.01203e-005
6.00786e-005
6.00421e-005
6.00108e-005
5.99846e-005
5.99633e-005
5.9947e-005
5.99354e-005
5.99286e-005
5.99265e-005
5.9929e-005
5.99361e-005
5.99475e-005
5.99634e-005
5.99836e-005
6.0008e-005
6.00366e-005
6.00693e-005
6.01061e-005
6.01469e-005
6.01916e-005
6.02403e-005
6.02927e-005
6.03489e-005
6.04088e-005
6.04724e-005
6.05396e-005
6.06103e-005
6.06846e-005
6.07622e-005
6.08433e-005
6.09277e-005
6.10154e-005
6.11064e-005
6.12006e-005
6.1298e-005
6.13985e-005
6.15021e-005
6.16087e-005
6.17184e-005
6.18311e-005
6.19467e-005
6.20652e-005
6.21865e-005
6.23106e-005
6.24376e-005
6.25672e-005
6.26994e-005
6.28343e-005
6.29717e-005
6.31115e-005
6.32538e-005
6.33981e-005
6.35456e-005
6.36923e-005
6.38499e-005
6.3994e-005
6.41458e-005
6.43092e-005
6.43709e-005
4.92792e-005
4.57662e-005
4.25495e-005
3.96014e-005
3.68958e-005
3.44097e-005
3.21225e-005
3.0016e-005
2.80742e-005
2.62825e-005
2.4628e-005
2.30991e-005
2.16852e-005
2.03769e-005
1.91655e-005
1.80432e-005
1.70029e-005
1.60379e-005
1.51425e-005
1.43112e-005
1.3539e-005
1.28213e-005
1.2154e-005
1.15333e-005
1.09557e-005
1.04179e-005
9.91689e-006
9.45004e-006
9.0148e-006
8.60885e-006
8.23005e-006
7.87645e-006
7.54623e-006
7.23771e-006
6.94936e-006
6.67974e-006
6.42754e-006
6.19155e-006
5.97064e-006
5.76377e-006
5.56999e-006
5.38841e-006
5.2182e-006
5.00743e-006
4.77699e-006
4.5637e-006
4.36606e-006
4.18277e-006
4.01262e-006
3.85453e-006
3.70752e-006
3.57071e-006
3.44328e-006
3.32451e-006
3.21374e-006
3.11036e-006
3.01383e-006
2.92364e-006
2.83933e-006
2.76049e-006
2.68674e-006
2.61773e-006
2.55313e-006
2.49265e-006
2.43602e-006
2.383e-006
2.33335e-006
2.28687e-006
2.24337e-006
2.20267e-006
2.16459e-006
2.12898e-006
2.09567e-006
2.06396e-006
2.0331e-006
2.0031e-006
1.97396e-006
1.9457e-006
1.91831e-006
1.89181e-006
1.86617e-006
1.84141e-006
1.8175e-006
1.79443e-006
1.77218e-006
1.75075e-006
1.73011e-006
1.71023e-006
1.69111e-006
1.67272e-006
1.65504e-006
1.63805e-006
1.62173e-006
1.60607e-006
1.59103e-006
1.57661e-006
1.56278e-006
1.54953e-006
1.53683e-006
1.52468e-006
1.51306e-006
1.50194e-006
1.49133e-006
1.48119e-006
1.47152e-006
1.4623e-006
1.45353e-006
1.44518e-006
1.43725e-006
1.42973e-006
1.4226e-006
1.41585e-006
1.40948e-006
1.40347e-006
1.39782e-006
1.39252e-006
1.38755e-006
1.38291e-006
1.3786e-006
1.3746e-006
1.37091e-006
1.36753e-006
1.36443e-006
1.36163e-006
1.35911e-006
1.35687e-006
1.3549e-006
1.35319e-006
1.35175e-006
1.35057e-006
1.34963e-006
1.34895e-006
1.34851e-006
1.34831e-006
1.34835e-006
1.34862e-006
1.34911e-006
1.34984e-006
1.35078e-006
1.35195e-006
1.35333e-006
1.35493e-006
1.35674e-006
1.35875e-006
1.36097e-006
1.3634e-006
1.36603e-006
1.36885e-006
1.37188e-006
1.37509e-006
1.3785e-006
1.38211e-006
1.3859e-006
1.38988e-006
1.39404e-006
1.39839e-006
1.40292e-006
1.40763e-006
1.41253e-006
1.4176e-006
1.42285e-006
1.42827e-006
1.43388e-006
1.43965e-006
1.4456e-006
1.45172e-006
1.45801e-006
1.46447e-006
1.4711e-006
1.4779e-006
1.48486e-006
1.492e-006
1.49929e-006
1.50676e-006
1.51438e-006
1.52218e-006
1.53013e-006
1.53825e-006
1.54653e-006
1.55497e-006
1.56357e-006
1.57234e-006
1.58126e-006
1.59035e-006
1.59959e-006
1.60899e-006
1.61855e-006
1.62827e-006
1.63814e-006
1.64817e-006
1.65835e-006
1.66868e-006
1.67914e-006
1.68976e-006
1.7005e-006
1.71143e-006
1.72238e-006
1.73376e-006
1.74472e-006
1.7558e-006
)
;

boundaryField
{
    walls
    {
        type            nutkWallFunction;
        Cmu             0.09;
        kappa           0.41;
        E               9.8;
        value           uniform 0;
    }
    inlet
    {
        type            calculated;
        value           nonuniform List<scalar> 
20
(
0.0034483
0.00548711
0.01
0.01
0.01
0.01
0.01
0.01
0.01
0.01
0.01
0.01
0.01
0.01
0.01
0.01
0.01
0.01
0.00970784
0.001125
)
;
    }
    outlet
    {
        type            calculated;
        value           nonuniform List<scalar> 
20
(
1.60721e-006
6.16746e-005
0.000146429
0.000243206
0.000370221
0.000510664
0.000645512
0.000759325
0.000840989
0.000883343
0.000882881
0.000839744
0.000757735
0.000644279
0.000510625
0.000372034
0.00024676
0.000150455
6.43739e-005
1.75591e-006
)
;
    }
    frontAndBack
    {
        type            empty;
    }
}


// ************************************************************************* //
